seed,episode,reward,episode_length,loss,eval_success_rate,intrinsic_reward,policy_entropy,algorithm,learning_rate,gamma,env_name,reward_type
7,1,-200.0,200,0.9564021825790405,-1.0,0.0005955965025350451,0.0,DQN_RND,0.001,0.99,mountaincar,dense
7,2,-200.0,200,0.9403908252716064,-1.0,0.0007380967144854367,0.0,DQN_RND,0.001,0.99,mountaincar,dense
7,3,-200.0,200,0.9277881979942322,-1.0,0.0006042541353963315,0.0,DQN_RND,0.001,0.99,mountaincar,dense
7,4,-200.0,200,0.963989794254303,-1.0,0.0005994965904392302,0.0,DQN_RND,0.001,0.99,mountaincar,dense
7,5,-200.0,200,0.9496908783912659,-1.0,0.00061305973213166,0.0,DQN_RND,0.001,0.99,mountaincar,dense
7,6,-200.0,200,0.9680724143981934,-1.0,0.0006364847649820149,0.0,DQN_RND,0.001,0.99,mountaincar,dense
7,7,-200.0,200,0.9536932706832886,-1.0,0.0006013359525240958,0.0,DQN_RND,0.001,0.99,mountaincar,dense
7,8,-200.0,200,0.9392512440681458,-1.0,0.0006190806743688881,0.0,DQN_RND,0.001,0.99,mountaincar,dense
7,9,-200.0,200,0.9722930788993835,-1.0,0.0005948577891103923,0.0,DQN_RND,0.001,0.99,mountaincar,dense
7,10,-200.0,200,0.959376335144043,-1.0,0.0005953217623755336,0.0,DQN_RND,0.001,0.99,mountaincar,dense
7,11,-200.0,200,0.9761050939559937,-1.0,0.0005798771744593978,0.0,DQN_RND,0.001,0.99,mountaincar,dense
7,12,-200.0,200,0.9616684317588806,-1.0,0.0005391057347878814,0.0,DQN_RND,0.001,0.99,mountaincar,dense
7,13,-200.0,200,0.9487842321395874,-1.0,0.0006173862493596971,0.0,DQN_RND,0.001,0.99,mountaincar,dense
7,14,-200.0,200,0.9784196019172668,-1.0,0.0005754890735261142,0.0,DQN_RND,0.001,0.99,mountaincar,dense
7,15,-200.0,200,0.964759111404419,-1.0,0.0005983216688036919,0.0,DQN_RND,0.001,0.99,mountaincar,dense
7,16,-200.0,200,0.9799657464027405,-1.0,0.0005904075806029141,0.0,DQN_RND,0.001,0.99,mountaincar,dense
7,17,-200.0,200,0.966525673866272,-1.0,0.0005786523106507957,0.0,DQN_RND,0.001,0.99,mountaincar,dense
7,18,-200.0,200,0.9537546038627625,-1.0,0.0005717812455259264,0.0,DQN_RND,0.001,0.99,mountaincar,dense
7,19,-200.0,200,0.9807886481285095,-1.0,0.0006402251892723143,0.0,DQN_RND,0.001,0.99,mountaincar,dense
7,20,-200.0,200,0.9684337377548218,-1.0,0.0006382442661561072,0.0,DQN_RND,0.001,0.99,mountaincar,dense
7,21,-200.0,200,0.9814797639846802,-1.0,0.0005828863359056413,0.0,DQN_RND,0.001,0.99,mountaincar,dense
7,22,-200.0,200,0.9696650505065918,-1.0,0.0006432533846236765,0.0,DQN_RND,0.001,0.99,mountaincar,dense
7,23,-200.0,200,0.9569158554077148,-1.0,0.0005598922143690288,0.0,DQN_RND,0.001,0.99,mountaincar,dense
7,24,-200.0,200,0.9833168387413025,-1.0,0.0006086560897529125,0.0,DQN_RND,0.001,0.99,mountaincar,dense
7,25,-200.0,200,0.9706190824508667,-1.0,0.0006408218177966774,0.0,DQN_RND,0.001,0.99,mountaincar,dense
7,26,-200.0,200,0.983397901058197,-1.0,0.0005570100620388985,0.0,DQN_RND,0.001,0.99,mountaincar,dense
7,27,-200.0,200,0.9714975953102112,-1.0,0.000614193850196898,0.0,DQN_RND,0.001,0.99,mountaincar,dense
7,28,-200.0,200,0.9592200517654419,-1.0,0.0005502126878127456,0.0,DQN_RND,0.001,0.99,mountaincar,dense
7,29,-200.0,200,0.9844142198562622,-1.0,0.0005597778945229948,0.0,DQN_RND,0.001,0.99,mountaincar,dense
7,30,-200.0,200,0.9720025062561035,-1.0,0.0006033582030795515,0.0,DQN_RND,0.001,0.99,mountaincar,dense
7,31,-200.0,200,0.9838171005249023,-1.0,0.0006491611711680889,0.0,DQN_RND,0.001,0.99,mountaincar,dense
7,32,-200.0,200,0.9708265662193298,-1.0,0.0005910748150199652,0.0,DQN_RND,0.001,0.99,mountaincar,dense
7,33,-200.0,200,0.9597342014312744,-1.0,0.0005525962915271521,0.0,DQN_RND,0.001,0.99,mountaincar,dense
7,34,-200.0,200,0.9835638999938965,-1.0,0.0005900799296796322,0.0,DQN_RND,0.001,0.99,mountaincar,dense
7,35,-200.0,200,0.9695999026298523,-1.0,0.0006083269836381078,0.0,DQN_RND,0.001,0.99,mountaincar,dense
7,36,-200.0,200,0.9813330173492432,-1.0,0.0006200073985382915,0.0,DQN_RND,0.001,0.99,mountaincar,dense
7,37,-200.0,200,0.9677711725234985,-1.0,0.0006141648045741022,0.0,DQN_RND,0.001,0.99,mountaincar,dense
7,38,-200.0,200,0.9566124081611633,-1.0,0.0005889264866709709,0.0,DQN_RND,0.001,0.99,mountaincar,dense
7,39,-200.0,200,0.9797081351280212,-1.0,0.0006270456360653043,0.0,DQN_RND,0.001,0.99,mountaincar,dense
7,40,-200.0,200,0.9670963287353516,-1.0,0.0005593514651991427,0.0,DQN_RND,0.001,0.99,mountaincar,dense
7,41,-200.0,200,0.9780409336090088,-1.0,0.0005258197779767215,0.0,DQN_RND,0.001,0.99,mountaincar,dense
7,42,-200.0,200,0.9659494757652283,-1.0,0.0005476011428982019,0.0,DQN_RND,0.001,0.99,mountaincar,dense
7,43,-200.0,200,0.9518454074859619,-1.0,0.0005932158674113452,0.0,DQN_RND,0.001,0.99,mountaincar,dense
7,44,-200.0,200,0.9739033579826355,-1.0,0.000523981056176126,0.0,DQN_RND,0.001,0.99,mountaincar,dense
7,45,-200.0,200,0.9603679776191711,-1.0,0.0006102165207266808,0.0,DQN_RND,0.001,0.99,mountaincar,dense
7,46,-200.0,200,0.9761173129081726,-1.0,0.0006008553900755942,0.0,DQN_RND,0.001,0.99,mountaincar,dense
7,47,-200.0,200,0.9625845551490784,-1.0,0.0005564301391132176,0.0,DQN_RND,0.001,0.99,mountaincar,dense
7,48,-200.0,200,0.9489704966545105,-1.0,0.0005861985846422613,0.0,DQN_RND,0.001,0.99,mountaincar,dense
7,49,-200.0,200,0.9717460870742798,-1.0,0.0005865809507668018,0.0,DQN_RND,0.001,0.99,mountaincar,dense
7,50,-200.0,200,0.9576976895332336,-1.0,0.0005722411442548037,0.0,DQN_RND,0.001,0.99,mountaincar,dense
7,51,-200.0,200,0.9729857444763184,-1.0,0.0005818475619889796,0.0,DQN_RND,0.001,0.99,mountaincar,dense
7,52,-200.0,200,0.9596583843231201,-1.0,0.0005519814440049231,0.0,DQN_RND,0.001,0.99,mountaincar,dense
7,53,-200.0,200,0.9450415372848511,-1.0,0.0005405615665949881,0.0,DQN_RND,0.001,0.99,mountaincar,dense
7,54,-200.0,200,0.9714230298995972,-1.0,0.000584403402172029,0.0,DQN_RND,0.001,0.99,mountaincar,dense
7,55,-200.0,200,0.9588440656661987,-1.0,0.0005817619385197759,0.0,DQN_RND,0.001,0.99,mountaincar,dense
7,56,-200.0,200,0.970840573310852,-1.0,0.0005480608087964356,0.0,DQN_RND,0.001,0.99,mountaincar,dense
7,57,-200.0,200,0.95567387342453,-1.0,0.0005467187729664147,0.0,DQN_RND,0.001,0.99,mountaincar,dense
7,58,-200.0,200,0.9433589577674866,-1.0,0.0005814014002680779,0.0,DQN_RND,0.001,0.99,mountaincar,dense
7,59,-200.0,200,0.9678531289100647,-1.0,0.0005354225286282599,0.0,DQN_RND,0.001,0.99,mountaincar,dense
7,60,-200.0,200,0.9565622210502625,-1.0,0.0005630648811347783,0.0,DQN_RND,0.001,0.99,mountaincar,dense
7,61,-200.0,200,0.9703399538993835,-1.0,0.0005381156224757433,0.0,DQN_RND,0.001,0.99,mountaincar,dense
7,62,-200.0,200,0.9538111686706543,-1.0,0.0005498013342730701,0.0,DQN_RND,0.001,0.99,mountaincar,dense
7,63,-200.0,200,0.944182276725769,-1.0,0.0005360274808481336,0.0,DQN_RND,0.001,0.99,mountaincar,dense
7,64,-200.0,200,0.9641837477684021,-1.0,0.0005834151525050402,0.0,DQN_RND,0.001,0.99,mountaincar,dense
7,65,-200.0,200,0.9535937905311584,-1.0,0.0005318663897924125,0.0,DQN_RND,0.001,0.99,mountaincar,dense
7,66,-200.0,200,0.9654442667961121,-1.0,0.000558872998226434,0.0,DQN_RND,0.001,0.99,mountaincar,dense
7,67,-200.0,200,0.9539233446121216,-1.0,0.0005735244485549629,0.0,DQN_RND,0.001,0.99,mountaincar,dense
7,68,-200.0,200,0.937285840511322,-1.0,0.0006017195410095155,0.0,DQN_RND,0.001,0.99,mountaincar,dense
7,69,-200.0,200,0.964526891708374,-1.0,0.0005936098168604076,0.0,DQN_RND,0.001,0.99,mountaincar,dense
7,70,-200.0,200,0.9500826597213745,-1.0,0.0005658179870806634,0.0,DQN_RND,0.001,0.99,mountaincar,dense
7,71,-200.0,200,0.964978814125061,-1.0,0.0005332051659934223,0.0,DQN_RND,0.001,0.99,mountaincar,dense
7,72,-200.0,200,0.9524184465408325,-1.0,0.000480412709293887,0.0,DQN_RND,0.001,0.99,mountaincar,dense
7,73,-200.0,200,0.9378408193588257,-1.0,0.0005916676018387079,0.0,DQN_RND,0.001,0.99,mountaincar,dense
7,74,-200.0,200,0.9628505706787109,-1.0,0.0005157088744454086,0.0,DQN_RND,0.001,0.99,mountaincar,dense
7,75,-200.0,200,0.950337290763855,-1.0,0.000542546680662781,0.0,DQN_RND,0.001,0.99,mountaincar,dense
7,76,-200.0,200,0.9648040533065796,-1.0,0.000546610273886472,0.0,DQN_RND,0.001,0.99,mountaincar,dense
7,77,-200.0,200,0.9502148628234863,-1.0,0.0005601907032541931,0.0,DQN_RND,0.001,0.99,mountaincar,dense
7,78,-200.0,200,0.9326568841934204,-1.0,0.0006544311181642115,0.0,DQN_RND,0.001,0.99,mountaincar,dense
7,79,-200.0,200,0.9644132852554321,-1.0,0.0005167046329006553,0.0,DQN_RND,0.001,0.99,mountaincar,dense
7,80,-200.0,200,0.9451748728752136,-1.0,0.0005371929728426039,0.0,DQN_RND,0.001,0.99,mountaincar,dense
7,81,-200.0,200,0.9598761796951294,-1.0,0.0006029678625054657,0.0,DQN_RND,0.001,0.99,mountaincar,dense
7,82,-200.0,200,0.9454522132873535,-1.0,0.000502611103001982,0.0,DQN_RND,0.001,0.99,mountaincar,dense
7,83,-200.0,200,0.9329899549484253,-1.0,0.0005571662331931293,0.0,DQN_RND,0.001,0.99,mountaincar,dense
7,84,-200.0,200,0.9620484113693237,-1.0,0.0005371884326450527,0.0,DQN_RND,0.001,0.99,mountaincar,dense
7,85,-200.0,200,0.9474406242370605,-1.0,0.0005028312443755567,0.0,DQN_RND,0.001,0.99,mountaincar,dense
7,86,-200.0,200,0.9618958830833435,-1.0,0.00048812199383974075,0.0,DQN_RND,0.001,0.99,mountaincar,dense
7,87,-200.0,200,0.9463533759117126,-1.0,0.0005199001752771437,0.0,DQN_RND,0.001,0.99,mountaincar,dense
7,88,-200.0,200,0.9291232228279114,-1.0,0.0005250481190159917,0.0,DQN_RND,0.001,0.99,mountaincar,dense
7,89,-200.0,200,0.958210289478302,-1.0,0.0005353465676307678,0.0,DQN_RND,0.001,0.99,mountaincar,dense
7,90,-200.0,200,0.9395659565925598,-1.0,0.0005539203411899507,0.0,DQN_RND,0.001,0.99,mountaincar,dense
7,91,-200.0,200,0.9591012597084045,-1.0,0.0004930247669108212,0.0,DQN_RND,0.001,0.99,mountaincar,dense
7,92,-200.0,200,0.9404828548431396,-1.0,0.0005532483919523656,0.0,DQN_RND,0.001,0.99,mountaincar,dense
7,93,-200.0,200,0.9290657043457031,-1.0,0.0005286909290589392,0.0,DQN_RND,0.001,0.99,mountaincar,dense
7,94,-200.0,200,0.9573036432266235,-1.0,0.0005862090038135648,0.0,DQN_RND,0.001,0.99,mountaincar,dense
7,95,-200.0,200,0.9410430192947388,-1.0,0.000519557564985007,0.0,DQN_RND,0.001,0.99,mountaincar,dense
7,96,-200.0,200,0.9573626518249512,-1.0,0.0005654911510646343,0.0,DQN_RND,0.001,0.99,mountaincar,dense
7,97,-200.0,200,0.9380815625190735,-1.0,0.0005195898120291531,0.0,DQN_RND,0.001,0.99,mountaincar,dense
7,98,-200.0,200,0.9249563813209534,-1.0,0.0005515068769454956,0.0,DQN_RND,0.001,0.99,mountaincar,dense
7,99,-200.0,200,0.9555013179779053,-1.0,0.0005270561086945236,0.0,DQN_RND,0.001,0.99,mountaincar,dense
7,100,-200.0,200,0.9384340047836304,-1.0,0.0005508968024514616,0.0,DQN_RND,0.001,0.99,mountaincar,dense
7,101,-200.0,200,0.9569153785705566,-1.0,0.0005530532216653228,0.0,DQN_RND,0.001,0.99,mountaincar,dense
7,102,-200.0,200,0.9372422695159912,-1.0,0.0005241261678747833,0.0,DQN_RND,0.001,0.99,mountaincar,dense
7,103,-200.0,200,0.9211560487747192,-1.0,0.0005197603022679687,0.0,DQN_RND,0.001,0.99,mountaincar,dense
7,104,-200.0,200,0.9543286561965942,-1.0,0.0005304435617290437,0.0,DQN_RND,0.001,0.99,mountaincar,dense
7,105,-200.0,200,0.9368382692337036,-1.0,0.000488419784232974,0.0,DQN_RND,0.001,0.99,mountaincar,dense
7,106,-200.0,200,0.9513784050941467,-1.0,0.0004918331978842616,0.0,DQN_RND,0.001,0.99,mountaincar,dense
7,107,-200.0,200,0.9364756345748901,-1.0,0.0005670744576491416,0.0,DQN_RND,0.001,0.99,mountaincar,dense
7,108,-200.0,200,0.9189608693122864,-1.0,0.0005446583381853998,0.0,DQN_RND,0.001,0.99,mountaincar,dense
7,109,-200.0,200,0.9531311988830566,-1.0,0.0005565382307395339,0.0,DQN_RND,0.001,0.99,mountaincar,dense
7,110,-200.0,200,0.9351652264595032,-1.0,0.0005303476355038583,0.0,DQN_RND,0.001,0.99,mountaincar,dense
7,111,-200.0,200,0.9537529349327087,-1.0,0.0005681533366441727,0.0,DQN_RND,0.001,0.99,mountaincar,dense
7,112,-200.0,200,0.93233323097229,-1.0,0.0005583715974353254,0.0,DQN_RND,0.001,0.99,mountaincar,dense
7,113,-200.0,200,0.9120039343833923,-1.0,0.000571369135286659,0.0,DQN_RND,0.001,0.99,mountaincar,dense
7,114,-200.0,200,0.9493126273155212,-1.0,0.0004972841124981642,0.0,DQN_RND,0.001,0.99,mountaincar,dense
7,115,-200.0,200,0.9279875755310059,-1.0,0.0004966756096109748,0.0,DQN_RND,0.001,0.99,mountaincar,dense
7,116,-200.0,200,0.9488388895988464,-1.0,0.0004901831271126866,0.0,DQN_RND,0.001,0.99,mountaincar,dense
7,117,-200.0,200,0.931197464466095,-1.0,0.0005079694674350321,0.0,DQN_RND,0.001,0.99,mountaincar,dense
7,118,-200.0,200,0.9087033271789551,-1.0,0.0005774936871603131,0.0,DQN_RND,0.001,0.99,mountaincar,dense
7,119,-200.0,200,0.9481857419013977,-1.0,0.0005016200593672693,0.0,DQN_RND,0.001,0.99,mountaincar,dense
7,120,-200.0,200,0.9275275468826294,-1.0,0.0005020499229431152,0.0,DQN_RND,0.001,0.99,mountaincar,dense
7,121,-200.0,200,0.9459388256072998,-1.0,0.0005166501505300403,0.0,DQN_RND,0.001,0.99,mountaincar,dense
7,122,-200.0,200,0.9242228269577026,-1.0,0.0005420686793513596,0.0,DQN_RND,0.001,0.99,mountaincar,dense
7,123,-200.0,200,0.9036604166030884,-1.0,0.0004770265659317374,0.0,DQN_RND,0.001,0.99,mountaincar,dense
7,124,-200.0,200,0.9481176137924194,-1.0,0.000470042898086831,0.0,DQN_RND,0.001,0.99,mountaincar,dense
7,125,-200.0,200,0.9257093071937561,-1.0,0.0005352943553589284,0.0,DQN_RND,0.001,0.99,mountaincar,dense
7,126,-200.0,200,0.9462645053863525,-1.0,0.0004484177625272423,0.0,DQN_RND,0.001,0.99,mountaincar,dense
7,127,-200.0,200,0.9223923683166504,-1.0,0.0005266560474410653,0.0,DQN_RND,0.001,0.99,mountaincar,dense
7,128,-200.0,200,0.8977721929550171,-1.0,0.00048030613106675446,0.0,DQN_RND,0.001,0.99,mountaincar,dense
7,129,-200.0,200,0.9452013373374939,-1.0,0.0004844424838665873,0.0,DQN_RND,0.001,0.99,mountaincar,dense
7,130,-200.0,200,0.9221100807189941,-1.0,0.0005186572088859975,0.0,DQN_RND,0.001,0.99,mountaincar,dense
7,131,-200.0,200,0.9467020034790039,-1.0,0.00048666633665561676,0.0,DQN_RND,0.001,0.99,mountaincar,dense
7,132,-200.0,200,0.9220095872879028,-1.0,0.0004945708205923438,0.0,DQN_RND,0.001,0.99,mountaincar,dense
7,133,-200.0,200,0.8949957489967346,-1.0,0.0004795262939296663,0.0,DQN_RND,0.001,0.99,mountaincar,dense
7,134,-200.0,200,0.9418894052505493,-1.0,0.0005092702922411263,0.0,DQN_RND,0.001,0.99,mountaincar,dense
7,135,-200.0,200,0.9172026515007019,-1.0,0.0005055229412391782,0.0,DQN_RND,0.001,0.99,mountaincar,dense
7,136,-200.0,200,0.9435953497886658,-1.0,0.0005130127537995577,0.0,DQN_RND,0.001,0.99,mountaincar,dense
7,137,-200.0,200,0.915408194065094,-1.0,0.0004790837992914021,0.0,DQN_RND,0.001,0.99,mountaincar,dense
7,138,-200.0,200,0.8839629292488098,-1.0,0.0005049751489423215,0.0,DQN_RND,0.001,0.99,mountaincar,dense
7,139,-200.0,200,0.9383307099342346,-1.0,0.00045571717782877386,0.0,DQN_RND,0.001,0.99,mountaincar,dense
7,140,-200.0,200,0.9089659452438354,-1.0,0.0005156078259460628,0.0,DQN_RND,0.001,0.99,mountaincar,dense
7,141,-200.0,200,0.9349282383918762,-1.0,0.0004964487161487341,0.0,DQN_RND,0.001,0.99,mountaincar,dense
7,142,-200.0,200,0.9069833755493164,-1.0,0.0004940802464261651,0.0,DQN_RND,0.001,0.99,mountaincar,dense
7,143,-200.0,200,0.8797659277915955,-1.0,0.0005375632317736745,0.0,DQN_RND,0.001,0.99,mountaincar,dense
7,144,-200.0,200,0.9318575263023376,-1.0,0.0005440112436190248,0.0,DQN_RND,0.001,0.99,mountaincar,dense
7,145,-200.0,200,0.9003117680549622,-1.0,0.0005026625585742295,0.0,DQN_RND,0.001,0.99,mountaincar,dense
7,146,-200.0,200,0.9347304105758667,-1.0,0.0005325782112777233,0.0,DQN_RND,0.001,0.99,mountaincar,dense
7,147,-200.0,200,0.9022831916809082,-1.0,0.0005151819786988199,0.0,DQN_RND,0.001,0.99,mountaincar,dense
7,148,-200.0,200,0.8729220628738403,-1.0,0.0005201590829528868,0.0,DQN_RND,0.001,0.99,mountaincar,dense
7,149,-200.0,200,0.9318117499351501,-1.0,0.0004980733501724899,0.0,DQN_RND,0.001,0.99,mountaincar,dense
7,150,-200.0,200,0.8988023996353149,-1.0,0.0005205068155191839,0.0,DQN_RND,0.001,0.99,mountaincar,dense
7,151,-200.0,200,0.933268129825592,-1.0,0.0005088432808406651,0.0,DQN_RND,0.001,0.99,mountaincar,dense
7,152,-200.0,200,0.8968849182128906,-1.0,0.0004903368535451591,0.0,DQN_RND,0.001,0.99,mountaincar,dense
7,153,-200.0,200,0.859284520149231,-1.0,0.0005210680537857115,0.0,DQN_RND,0.001,0.99,mountaincar,dense
7,154,-200.0,200,0.9271760582923889,-1.0,0.0005650106468237936,0.0,DQN_RND,0.001,0.99,mountaincar,dense
7,155,-200.0,200,0.8864888548851013,-1.0,0.0004947914858348668,0.0,DQN_RND,0.001,0.99,mountaincar,dense
7,156,-200.0,200,0.9254345893859863,-1.0,0.0005361647927202284,0.0,DQN_RND,0.001,0.99,mountaincar,dense
7,157,-200.0,200,0.8849306702613831,-1.0,0.0005116393440403044,0.0,DQN_RND,0.001,0.99,mountaincar,dense
7,158,-200.0,200,0.848739743232727,-1.0,0.000499045301694423,0.0,DQN_RND,0.001,0.99,mountaincar,dense
7,159,-200.0,200,0.9225858449935913,-1.0,0.0005113233346492052,0.0,DQN_RND,0.001,0.99,mountaincar,dense
7,160,-200.0,200,0.8783897161483765,-1.0,0.0004972349270246923,0.0,DQN_RND,0.001,0.99,mountaincar,dense
7,161,-200.0,200,0.9237174987792969,-1.0,0.0005750956479460001,0.0,DQN_RND,0.001,0.99,mountaincar,dense
7,162,-200.0,200,0.8780937194824219,-1.0,0.00048356171464547515,0.0,DQN_RND,0.001,0.99,mountaincar,dense
7,163,-200.0,200,0.8333973288536072,-1.0,0.0005078842514194548,0.0,DQN_RND,0.001,0.99,mountaincar,dense
7,164,-200.0,200,0.9186449646949768,-1.0,0.0005350919673219323,0.0,DQN_RND,0.001,0.99,mountaincar,dense
7,165,-200.0,200,0.870836079120636,-1.0,0.0005528230685740709,0.0,DQN_RND,0.001,0.99,mountaincar,dense
7,166,-200.0,200,0.9146287441253662,-1.0,0.0005232864059507847,0.0,DQN_RND,0.001,0.99,mountaincar,dense
7,167,-200.0,200,0.867925763130188,-1.0,0.0006457506096921861,0.0,DQN_RND,0.001,0.99,mountaincar,dense
7,168,-200.0,200,0.8210062980651855,-1.0,0.0005219513550400734,0.0,DQN_RND,0.001,0.99,mountaincar,dense
7,169,-200.0,200,0.9158682823181152,-1.0,0.0004699987475760281,0.0,DQN_RND,0.001,0.99,mountaincar,dense
7,170,-200.0,200,0.8620022535324097,-1.0,0.0005176797276362777,0.0,DQN_RND,0.001,0.99,mountaincar,dense
7,171,-200.0,200,0.9194580316543579,-1.0,0.0004932103329338133,0.0,DQN_RND,0.001,0.99,mountaincar,dense
7,172,-200.0,200,0.8598397374153137,-1.0,0.0005240047466941178,0.0,DQN_RND,0.001,0.99,mountaincar,dense
7,173,-200.0,200,0.8062939047813416,-1.0,0.0004842416092287749,0.0,DQN_RND,0.001,0.99,mountaincar,dense
7,174,-200.0,200,0.9193925261497498,-1.0,0.0005150148062966764,0.0,DQN_RND,0.001,0.99,mountaincar,dense
7,175,-200.0,200,0.8590027093887329,-1.0,0.0004690118657890707,0.0,DQN_RND,0.001,0.99,mountaincar,dense
7,176,-200.0,200,0.9205974340438843,-1.0,0.0005032119224779308,0.0,DQN_RND,0.001,0.99,mountaincar,dense
7,177,-200.0,200,0.8548195958137512,-1.0,0.0005221342435106635,0.0,DQN_RND,0.001,0.99,mountaincar,dense
7,178,-200.0,200,0.7942642569541931,-1.0,0.00043525558430701494,0.0,DQN_RND,0.001,0.99,mountaincar,dense
7,179,-200.0,200,0.917757511138916,-1.0,0.0005076559609733522,0.0,DQN_RND,0.001,0.99,mountaincar,dense
7,180,-200.0,200,0.846930980682373,-1.0,0.0003958909946959466,0.0,DQN_RND,0.001,0.99,mountaincar,dense
7,181,-200.0,200,0.9142369031906128,-1.0,0.000432089960668236,0.0,DQN_RND,0.001,0.99,mountaincar,dense
7,182,-200.0,200,0.8390871286392212,-1.0,0.0003996275772806257,0.0,DQN_RND,0.001,0.99,mountaincar,dense
7,183,-200.0,200,0.7697628140449524,-1.0,0.00039625042700208724,0.0,DQN_RND,0.001,0.99,mountaincar,dense
7,184,-200.0,200,0.9133326411247253,-1.0,0.00044458979391492903,0.0,DQN_RND,0.001,0.99,mountaincar,dense
7,185,-200.0,200,0.8373012542724609,-1.0,0.0004106200358364731,0.0,DQN_RND,0.001,0.99,mountaincar,dense
7,186,-200.0,200,0.9081107378005981,-1.0,0.000461801013443619,0.0,DQN_RND,0.001,0.99,mountaincar,dense
7,187,-200.0,200,0.8205401301383972,-1.0,0.000399093289161101,0.0,DQN_RND,0.001,0.99,mountaincar,dense
7,188,-200.0,200,0.7442935705184937,-1.0,0.0004439296608325094,0.0,DQN_RND,0.001,0.99,mountaincar,dense
7,189,-200.0,200,0.9048548936843872,-1.0,0.0004429348336998373,0.0,DQN_RND,0.001,0.99,mountaincar,dense
7,190,-200.0,200,0.8112608194351196,-1.0,0.0004362417967058718,0.0,DQN_RND,0.001,0.99,mountaincar,dense
7,191,-200.0,200,0.8943647146224976,-1.0,0.0004327994247432798,0.0,DQN_RND,0.001,0.99,mountaincar,dense
7,192,-200.0,200,0.7967850565910339,-1.0,0.00048348266864195466,0.0,DQN_RND,0.001,0.99,mountaincar,dense
7,193,-200.0,200,0.6977506875991821,-1.0,0.0004181490803603083,0.0,DQN_RND,0.001,0.99,mountaincar,dense
7,194,-200.0,200,0.8832724094390869,-1.0,0.00045146665070205927,0.0,DQN_RND,0.001,0.99,mountaincar,dense
7,195,-200.0,200,0.7773602604866028,-1.0,0.0004490735591389239,0.0,DQN_RND,0.001,0.99,mountaincar,dense
7,196,-200.0,200,0.8812373876571655,-1.0,0.0004448821709956974,0.0,DQN_RND,0.001,0.99,mountaincar,dense
7,197,-200.0,200,0.760068416595459,-1.0,0.00046289581223390996,0.0,DQN_RND,0.001,0.99,mountaincar,dense
7,198,-200.0,200,0.6526391506195068,-1.0,0.0004739679570775479,0.0,DQN_RND,0.001,0.99,mountaincar,dense
7,199,-200.0,200,0.8611037731170654,-1.0,0.0004347211797721684,0.0,DQN_RND,0.001,0.99,mountaincar,dense
7,200,-200.0,200,0.7284830212593079,-1.0,0.00045800162479281425,0.0,DQN_RND,0.001,0.99,mountaincar,dense
7,201,-200.0,200,0.8510156869888306,-1.0,0.0004505515389610082,0.0,DQN_RND,0.001,0.99,mountaincar,dense
7,202,-200.0,200,0.7269120812416077,-1.0,0.00045359006617218256,0.0,DQN_RND,0.001,0.99,mountaincar,dense
7,203,-200.0,200,0.6192181706428528,-1.0,0.00041972301551140845,0.0,DQN_RND,0.001,0.99,mountaincar,dense
7,204,-200.0,200,0.8321962356567383,-1.0,0.00047714481479488313,0.0,DQN_RND,0.001,0.99,mountaincar,dense
7,205,-200.0,200,0.7081405520439148,-1.0,0.00042635214049369097,0.0,DQN_RND,0.001,0.99,mountaincar,dense
7,206,-200.0,200,0.8462673425674438,-1.0,0.00043981443741358817,0.0,DQN_RND,0.001,0.99,mountaincar,dense
7,207,-200.0,200,0.6936141848564148,-1.0,0.00038961536483839154,0.0,DQN_RND,0.001,0.99,mountaincar,dense
7,208,-200.0,200,0.5841739177703857,-1.0,0.0003656648041214794,0.0,DQN_RND,0.001,0.99,mountaincar,dense
7,209,-200.0,200,0.8314746022224426,-1.0,0.00038909912109375,0.0,DQN_RND,0.001,0.99,mountaincar,dense
7,210,-200.0,200,0.675051748752594,-1.0,0.00038310198578983545,0.0,DQN_RND,0.001,0.99,mountaincar,dense
7,211,-200.0,200,0.8237366676330566,-1.0,0.00041206280002370477,0.0,DQN_RND,0.001,0.99,mountaincar,dense
7,212,-200.0,200,0.664211094379425,-1.0,0.00039106636540964246,0.0,DQN_RND,0.001,0.99,mountaincar,dense
7,213,-200.0,200,0.5346829295158386,-1.0,0.00038547199801541865,0.0,DQN_RND,0.001,0.99,mountaincar,dense
7,214,-200.0,200,0.7919086813926697,-1.0,0.00048195922863669693,0.0,DQN_RND,0.001,0.99,mountaincar,dense
7,215,-200.0,200,0.633056104183197,-1.0,0.0004416916344780475,0.0,DQN_RND,0.001,0.99,mountaincar,dense
7,216,-200.0,200,0.7725802659988403,-1.0,0.0004079799691680819,0.0,DQN_RND,0.001,0.99,mountaincar,dense
7,217,-200.0,200,0.6195707321166992,-1.0,0.0004403780330903828,0.0,DQN_RND,0.001,0.99,mountaincar,dense
7,218,-200.0,200,0.45367926359176636,-1.0,0.0004365650238469243,0.0,DQN_RND,0.001,0.99,mountaincar,dense
7,219,-200.0,200,0.7897131443023682,-1.0,0.0004432096902746707,0.0,DQN_RND,0.001,0.99,mountaincar,dense
7,220,-200.0,200,0.5443964600563049,-1.0,0.00042531106737442315,0.0,DQN_RND,0.001,0.99,mountaincar,dense
7,221,-200.0,200,0.8018227219581604,-1.0,0.0004703409504145384,0.0,DQN_RND,0.001,0.99,mountaincar,dense
7,222,-200.0,200,0.5484922528266907,-1.0,0.000489336671307683,0.0,DQN_RND,0.001,0.99,mountaincar,dense
7,223,-200.0,200,0.42679616808891296,-1.0,0.0004107646818738431,0.0,DQN_RND,0.001,0.99,mountaincar,dense
7,224,-200.0,200,0.7548539042472839,-1.0,0.00043224962428212166,0.0,DQN_RND,0.001,0.99,mountaincar,dense
7,225,-200.0,200,0.47089558839797974,-1.0,0.0004046310787089169,0.0,DQN_RND,0.001,0.99,mountaincar,dense
7,226,-200.0,200,0.7828897833824158,-1.0,0.0004104527470190078,0.0,DQN_RND,0.001,0.99,mountaincar,dense
7,227,-200.0,200,0.5825987458229065,-1.0,0.00044178415555506945,0.0,DQN_RND,0.001,0.99,mountaincar,dense
7,228,-200.0,200,0.22347629070281982,-1.0,0.000422659853938967,0.0,DQN_RND,0.001,0.99,mountaincar,dense
7,229,-200.0,200,0.765880823135376,-1.0,0.00042185347410850227,0.0,DQN_RND,0.001,0.99,mountaincar,dense
7,230,-200.0,200,0.4125794768333435,-1.0,0.0004385743523016572,0.0,DQN_RND,0.001,0.99,mountaincar,dense
7,231,-200.0,200,0.8887880444526672,-1.0,0.0004165498830843717,0.0,DQN_RND,0.001,0.99,mountaincar,dense
7,232,-200.0,200,0.49243807792663574,-1.0,0.00046505650971084833,0.0,DQN_RND,0.001,0.99,mountaincar,dense
7,233,-200.0,200,0.2875507175922394,-1.0,0.00043113093124702573,0.0,DQN_RND,0.001,0.99,mountaincar,dense
7,234,-200.0,200,0.9335739612579346,-1.0,0.00048774827155284584,0.0,DQN_RND,0.001,0.99,mountaincar,dense
7,235,-200.0,200,0.6367312073707581,-1.0,0.00037990088458172977,0.0,DQN_RND,0.001,0.99,mountaincar,dense
7,236,-200.0,200,0.7574528455734253,-1.0,0.0004311655357014388,0.0,DQN_RND,0.001,0.99,mountaincar,dense
7,237,-200.0,200,0.8191096186637878,-1.0,0.00037322877324186265,0.0,DQN_RND,0.001,0.99,mountaincar,dense
7,238,-200.0,200,0.17547450959682465,-1.0,0.0003810822090599686,0.0,DQN_RND,0.001,0.99,mountaincar,dense
7,239,-200.0,200,0.6042665839195251,-1.0,0.00038196254172362387,0.0,DQN_RND,0.001,0.99,mountaincar,dense
7,240,-200.0,200,0.4084782004356384,-1.0,0.00034647740540094674,0.0,DQN_RND,0.001,0.99,mountaincar,dense
7,241,-200.0,200,0.8009266257286072,-1.0,0.000355430762283504,0.0,DQN_RND,0.001,0.99,mountaincar,dense
7,242,-200.0,200,0.6626623272895813,-1.0,0.0003431732184253633,0.0,DQN_RND,0.001,0.99,mountaincar,dense
7,243,-200.0,200,0.8342781662940979,-1.0,0.00033168448135256767,0.0,DQN_RND,0.001,0.99,mountaincar,dense
7,244,-200.0,200,1.0151968002319336,-1.0,0.00034966185921803117,0.0,DQN_RND,0.001,0.99,mountaincar,dense
7,245,-200.0,200,0.25265100598335266,-1.0,0.00035919342190027237,0.0,DQN_RND,0.001,0.99,mountaincar,dense
7,246,-200.0,200,1.0090816020965576,-1.0,0.00035038814530707896,0.0,DQN_RND,0.001,0.99,mountaincar,dense
7,247,-200.0,200,0.2464701533317566,-1.0,0.00033485449966974556,0.0,DQN_RND,0.001,0.99,mountaincar,dense
7,248,-200.0,200,0.7568917870521545,-1.0,0.0003541206824593246,0.0,DQN_RND,0.001,0.99,mountaincar,dense
7,249,-200.0,200,0.8591213226318359,-1.0,0.0004175459616817534,0.0,DQN_RND,0.001,0.99,mountaincar,dense
7,250,-200.0,200,0.7904034852981567,-1.0,0.00047417270252481103,0.0,DQN_RND,0.001,0.99,mountaincar,dense
7,251,-200.0,200,1.2705597877502441,-1.0,0.00040147468098439276,0.0,DQN_RND,0.001,0.99,mountaincar,dense
7,252,-200.0,200,0.22586937248706818,-1.0,0.0004043172812089324,0.0,DQN_RND,0.001,0.99,mountaincar,dense
7,253,-200.0,200,0.4117576777935028,-1.0,0.0004366534121800214,0.0,DQN_RND,0.001,0.99,mountaincar,dense
7,254,-200.0,200,0.9507021903991699,-1.0,0.00038574854261241853,0.0,DQN_RND,0.001,0.99,mountaincar,dense
7,255,-200.0,200,1.1708213090896606,-1.0,0.0004841364570893347,0.0,DQN_RND,0.001,0.99,mountaincar,dense
7,256,-200.0,200,1.6526614427566528,-1.0,0.00038995753857307136,0.0,DQN_RND,0.001,0.99,mountaincar,dense
7,257,-200.0,200,0.9087615609169006,-1.0,0.00035036972258239985,0.0,DQN_RND,0.001,0.99,mountaincar,dense
7,258,-200.0,200,1.6669317483901978,-1.0,0.0004188101156614721,0.0,DQN_RND,0.001,0.99,mountaincar,dense
7,259,-200.0,200,1.0812482833862305,-1.0,0.0003308966988697648,0.0,DQN_RND,0.001,0.99,mountaincar,dense
7,260,-200.0,200,1.4754488468170166,-1.0,0.0003977175219915807,0.0,DQN_RND,0.001,0.99,mountaincar,dense
7,261,-200.0,200,1.241826057434082,-1.0,0.0004358078876975924,0.0,DQN_RND,0.001,0.99,mountaincar,dense
7,262,-200.0,200,1.4270683526992798,-1.0,0.00036865926813334227,0.0,DQN_RND,0.001,0.99,mountaincar,dense
7,263,-200.0,200,1.6086645126342773,-1.0,0.0004370187234599143,0.0,DQN_RND,0.001,0.99,mountaincar,dense
7,264,-200.0,200,1.1246131658554077,-1.0,0.00032348206150345504,0.0,DQN_RND,0.001,0.99,mountaincar,dense
7,265,-200.0,200,1.837595820426941,-1.0,0.0003497170691844076,0.0,DQN_RND,0.001,0.99,mountaincar,dense
7,266,-200.0,200,1.190894365310669,-1.0,0.0003262205864302814,0.0,DQN_RND,0.001,0.99,mountaincar,dense
7,267,-200.0,200,1.1754989624023438,-1.0,0.0003195562749169767,0.0,DQN_RND,0.001,0.99,mountaincar,dense
7,268,-200.0,200,1.538871169090271,-1.0,0.00034444170887582004,0.0,DQN_RND,0.001,0.99,mountaincar,dense
7,269,-200.0,200,1.5768802165985107,-1.0,0.0003107220691163093,0.0,DQN_RND,0.001,0.99,mountaincar,dense
7,270,-200.0,200,1.3652833700180054,-1.0,0.00036586823989637196,0.0,DQN_RND,0.001,0.99,mountaincar,dense
7,271,-200.0,200,1.8308453559875488,-1.0,0.0003398096887394786,0.0,DQN_RND,0.001,0.99,mountaincar,dense
7,272,-200.0,200,2.227072238922119,-1.0,0.0003599834453780204,0.0,DQN_RND,0.001,0.99,mountaincar,dense
7,273,-200.0,200,0.6187044382095337,-1.0,0.0004575383209157735,0.0,DQN_RND,0.001,0.99,mountaincar,dense
7,274,-200.0,200,2.3201637268066406,-1.0,0.0003142378118354827,0.0,DQN_RND,0.001,0.99,mountaincar,dense
7,275,-200.0,200,0.9817473888397217,-1.0,0.00046032684622332454,0.0,DQN_RND,0.001,0.99,mountaincar,dense
7,276,-200.0,200,2.5502307415008545,-1.0,0.0003384468727745116,0.0,DQN_RND,0.001,0.99,mountaincar,dense
7,277,-200.0,200,0.3235718011856079,-1.0,0.00035083593684248626,0.0,DQN_RND,0.001,0.99,mountaincar,dense
7,278,-200.0,200,1.9766138792037964,-1.0,0.00032670662039890885,0.0,DQN_RND,0.001,0.99,mountaincar,dense
7,279,-200.0,200,1.5810649394989014,-1.0,0.00038280486478470266,0.0,DQN_RND,0.001,0.99,mountaincar,dense
7,280,-200.0,200,3.15958571434021,-1.0,0.0003938007866963744,0.0,DQN_RND,0.001,0.99,mountaincar,dense
7,281,-200.0,200,1.36650812625885,-1.0,0.000415289105148986,0.0,DQN_RND,0.001,0.99,mountaincar,dense
7,282,-200.0,200,3.184861183166504,-1.0,0.00039680293411947787,0.0,DQN_RND,0.001,0.99,mountaincar,dense
7,283,-200.0,200,0.7338293790817261,-1.0,0.00040240466478280723,0.0,DQN_RND,0.001,0.99,mountaincar,dense
7,284,-200.0,200,1.3505072593688965,-1.0,0.0004633134522009641,0.0,DQN_RND,0.001,0.99,mountaincar,dense
7,285,-200.0,200,4.45595645904541,-1.0,0.0005103283911012113,0.0,DQN_RND,0.001,0.99,mountaincar,dense
7,286,-200.0,200,1.3900166749954224,-1.0,0.0004679687845055014,0.0,DQN_RND,0.001,0.99,mountaincar,dense
7,287,-200.0,200,1.3762868642807007,-1.0,0.0005158354179002345,0.0,DQN_RND,0.001,0.99,mountaincar,dense
7,288,-200.0,200,0.8581928610801697,-1.0,0.0004078474303241819,0.0,DQN_RND,0.001,0.99,mountaincar,dense
7,289,-200.0,200,2.416522979736328,-1.0,0.00038108197622932494,0.0,DQN_RND,0.001,0.99,mountaincar,dense
7,290,-200.0,200,1.8251571655273438,-1.0,0.0003949773090425879,0.0,DQN_RND,0.001,0.99,mountaincar,dense
7,291,-200.0,200,1.607221245765686,-1.0,0.0004187762679066509,0.0,DQN_RND,0.001,0.99,mountaincar,dense
7,292,-200.0,200,1.6290278434753418,-1.0,0.00034969361149705946,0.0,DQN_RND,0.001,0.99,mountaincar,dense
7,293,-200.0,200,2.1706485748291016,-1.0,0.00031361886067315936,0.0,DQN_RND,0.001,0.99,mountaincar,dense
7,294,-200.0,200,3.196186065673828,-1.0,0.0002991818473674357,0.0,DQN_RND,0.001,0.99,mountaincar,dense
7,295,-200.0,200,1.4214998483657837,-1.0,0.0003862606536131352,0.0,DQN_RND,0.001,0.99,mountaincar,dense
7,296,-200.0,200,2.727588176727295,-1.0,0.0003422107838559896,0.0,DQN_RND,0.001,0.99,mountaincar,dense
7,297,-200.0,200,2.3127341270446777,-1.0,0.00031133636366575956,0.0,DQN_RND,0.001,0.99,mountaincar,dense
7,298,-200.0,200,3.272219181060791,-1.0,0.0003705787821672857,0.0,DQN_RND,0.001,0.99,mountaincar,dense
7,299,-200.0,200,4.538721561431885,-1.0,0.0003329753817524761,0.0,DQN_RND,0.001,0.99,mountaincar,dense
7,300,-200.0,200,0.6347091197967529,-1.0,0.0003347966412547976,0.0,DQN_RND,0.001,0.99,mountaincar,dense
7,301,-200.0,200,4.428957939147949,-1.0,0.0004156850918661803,0.0,DQN_RND,0.001,0.99,mountaincar,dense
7,302,-200.0,200,1.8316187858581543,-1.0,0.00039380069938488305,0.0,DQN_RND,0.001,0.99,mountaincar,dense
7,303,-200.0,200,3.039073944091797,-1.0,0.00037226988933980465,0.0,DQN_RND,0.001,0.99,mountaincar,dense
7,304,-200.0,200,2.0229716300964355,-1.0,0.0004429977561812848,0.0,DQN_RND,0.001,0.99,mountaincar,dense
7,305,-200.0,200,0.6569378972053528,-1.0,0.00039146869676187634,0.0,DQN_RND,0.001,0.99,mountaincar,dense
7,306,-200.0,200,3.3404994010925293,-1.0,0.00036350497975945473,0.0,DQN_RND,0.001,0.99,mountaincar,dense
7,307,-200.0,200,5.400211334228516,-1.0,0.00029282926698215306,0.0,DQN_RND,0.001,0.99,mountaincar,dense
7,308,-200.0,200,2.759551763534546,-1.0,0.0003988372045569122,0.0,DQN_RND,0.001,0.99,mountaincar,dense
7,309,-200.0,200,2.052339553833008,-1.0,0.0004178928502369672,0.0,DQN_RND,0.001,0.99,mountaincar,dense
7,310,-200.0,200,2.829374313354492,-1.0,0.00036774243926629424,0.0,DQN_RND,0.001,0.99,mountaincar,dense
7,311,-200.0,200,6.41676139831543,-1.0,0.00037576022441498935,0.0,DQN_RND,0.001,0.99,mountaincar,dense
7,312,-200.0,200,2.3015799522399902,-1.0,0.00037245708517730236,0.0,DQN_RND,0.001,0.99,mountaincar,dense
7,313,-200.0,200,4.789320468902588,-1.0,0.00044492899905890226,0.0,DQN_RND,0.001,0.99,mountaincar,dense
7,314,-200.0,200,3.0219006538391113,-1.0,0.00036167650250718,0.0,DQN_RND,0.001,0.99,mountaincar,dense
7,315,-200.0,200,8.07883071899414,-1.0,0.00037746515590697527,0.0,DQN_RND,0.001,0.99,mountaincar,dense
7,316,-200.0,200,2.544159173965454,-1.0,0.00040243513649329543,0.0,DQN_RND,0.001,0.99,mountaincar,dense
7,317,-200.0,200,4.656746864318848,-1.0,0.00031527498504146934,0.0,DQN_RND,0.001,0.99,mountaincar,dense
7,318,-200.0,200,2.874999761581421,-1.0,0.0004574157646857202,0.0,DQN_RND,0.001,0.99,mountaincar,dense
7,319,-200.0,200,1.7356443405151367,-1.0,0.00040287422598339617,0.0,DQN_RND,0.001,0.99,mountaincar,dense
7,320,-200.0,200,2.405557870864868,-1.0,0.0003806447784882039,0.0,DQN_RND,0.001,0.99,mountaincar,dense
7,321,-200.0,200,2.417447566986084,-1.0,0.0004370040842331946,0.0,DQN_RND,0.001,0.99,mountaincar,dense
7,322,-200.0,200,3.420535087585449,-1.0,0.00029312469996511936,0.0,DQN_RND,0.001,0.99,mountaincar,dense
7,323,-200.0,200,6.600852012634277,-1.0,0.0003565348742995411,0.0,DQN_RND,0.001,0.99,mountaincar,dense
7,324,-200.0,200,5.758313179016113,-1.0,0.00034179084468632936,0.0,DQN_RND,0.001,0.99,mountaincar,dense
7,325,-200.0,200,3.2477779388427734,-1.0,0.0003841661964543164,0.0,DQN_RND,0.001,0.99,mountaincar,dense
7,326,-200.0,200,2.7020511627197266,-1.0,0.00039865492726676166,0.0,DQN_RND,0.001,0.99,mountaincar,dense
7,327,-200.0,200,4.333751201629639,-1.0,0.0003933451953344047,0.0,DQN_RND,0.001,0.99,mountaincar,dense
7,328,-200.0,200,2.4973535537719727,-1.0,0.0003831183130387217,0.0,DQN_RND,0.001,0.99,mountaincar,dense
7,329,-200.0,200,7.169132709503174,-1.0,0.00036735666799359024,0.0,DQN_RND,0.001,0.99,mountaincar,dense
7,330,-200.0,200,2.6325440406799316,-1.0,0.00029682833701372147,0.0,DQN_RND,0.001,0.99,mountaincar,dense
7,331,-200.0,200,5.645145416259766,-1.0,0.00027670981944538653,0.0,DQN_RND,0.001,0.99,mountaincar,dense
7,332,-200.0,200,4.552127361297607,-1.0,0.00040285164141096175,0.0,DQN_RND,0.001,0.99,mountaincar,dense
7,333,-200.0,200,5.521583557128906,-1.0,0.0002991659566760063,0.0,DQN_RND,0.001,0.99,mountaincar,dense
7,334,-200.0,200,7.66060209274292,-1.0,0.0002982789883390069,0.0,DQN_RND,0.001,0.99,mountaincar,dense
7,335,-200.0,200,9.499223709106445,-1.0,0.0002913364733103663,0.0,DQN_RND,0.001,0.99,mountaincar,dense
7,336,-200.0,200,4.073390960693359,-1.0,0.0003707048890646547,0.0,DQN_RND,0.001,0.99,mountaincar,dense
7,337,-200.0,200,3.1530134677886963,-1.0,0.0003701680398080498,0.0,DQN_RND,0.001,0.99,mountaincar,dense
7,338,-200.0,200,6.015921592712402,-1.0,0.0002981850120704621,0.0,DQN_RND,0.001,0.99,mountaincar,dense
7,339,-200.0,200,4.014982223510742,-1.0,0.0002856017090380192,0.0,DQN_RND,0.001,0.99,mountaincar,dense
7,340,-200.0,200,5.1076884269714355,-1.0,0.0003020276199094951,0.0,DQN_RND,0.001,0.99,mountaincar,dense
7,341,-200.0,200,11.215120315551758,-1.0,0.0002764448581729084,0.0,DQN_RND,0.001,0.99,mountaincar,dense
7,342,-200.0,200,4.103750705718994,-1.0,0.00035836416645906866,0.0,DQN_RND,0.001,0.99,mountaincar,dense
7,343,-200.0,200,5.148530960083008,-1.0,0.00045085320016369224,0.0,DQN_RND,0.001,0.99,mountaincar,dense
7,344,-200.0,200,4.230175018310547,-1.0,0.0002796810877043754,0.0,DQN_RND,0.001,0.99,mountaincar,dense
7,345,-200.0,200,4.296298027038574,-1.0,0.0003374929365236312,0.0,DQN_RND,0.001,0.99,mountaincar,dense
7,346,-200.0,200,5.51285457611084,-1.0,0.0003440970031078905,0.0,DQN_RND,0.001,0.99,mountaincar,dense
7,347,-200.0,200,4.367164611816406,-1.0,0.0004343516193330288,0.0,DQN_RND,0.001,0.99,mountaincar,dense
7,348,-200.0,200,3.3729710578918457,-1.0,0.00027575762942433357,0.0,DQN_RND,0.001,0.99,mountaincar,dense
7,349,-200.0,200,7.846746921539307,-1.0,0.0005198933649808168,0.0,DQN_RND,0.001,0.99,mountaincar,dense
7,350,-200.0,200,6.901080131530762,-1.0,0.0002922983840107918,0.0,DQN_RND,0.001,0.99,mountaincar,dense
7,351,-200.0,200,5.617028713226318,-1.0,0.00040801879367791116,0.0,DQN_RND,0.001,0.99,mountaincar,dense
7,352,-200.0,200,5.75518274307251,-1.0,0.00033587735379114747,0.0,DQN_RND,0.001,0.99,mountaincar,dense
7,353,-200.0,200,3.4887876510620117,-1.0,0.00030134309781715274,0.0,DQN_RND,0.001,0.99,mountaincar,dense
7,354,-200.0,200,7.215272903442383,-1.0,0.00026935222558677197,0.0,DQN_RND,0.001,0.99,mountaincar,dense
7,355,-200.0,200,7.664697647094727,-1.0,0.000265559705439955,0.0,DQN_RND,0.001,0.99,mountaincar,dense
7,356,-200.0,200,5.941929817199707,-1.0,0.00028790897340513766,0.0,DQN_RND,0.001,0.99,mountaincar,dense
7,357,-200.0,200,2.4060792922973633,-1.0,0.0003935335553251207,0.0,DQN_RND,0.001,0.99,mountaincar,dense
7,358,-200.0,200,10.69379997253418,-1.0,0.0004304524336475879,0.0,DQN_RND,0.001,0.99,mountaincar,dense
7,359,-200.0,200,3.7153446674346924,-1.0,0.00029772723792120814,0.0,DQN_RND,0.001,0.99,mountaincar,dense
7,360,-200.0,200,11.899195671081543,-1.0,0.0002846759743988514,0.0,DQN_RND,0.001,0.99,mountaincar,dense
7,361,-200.0,200,6.437069416046143,-1.0,0.0002641331229824573,0.0,DQN_RND,0.001,0.99,mountaincar,dense
7,362,-200.0,200,4.923931121826172,-1.0,0.00028458202723413706,0.0,DQN_RND,0.001,0.99,mountaincar,dense
7,363,-200.0,200,8.863088607788086,-1.0,0.00045914860675111413,0.0,DQN_RND,0.001,0.99,mountaincar,dense
7,364,-200.0,200,9.435630798339844,-1.0,0.000362416758434847,0.0,DQN_RND,0.001,0.99,mountaincar,dense
7,365,-200.0,200,10.002792358398438,-1.0,0.0002596264239400625,0.0,DQN_RND,0.001,0.99,mountaincar,dense
7,366,-200.0,200,2.262462615966797,-1.0,0.0002498713438399136,0.0,DQN_RND,0.001,0.99,mountaincar,dense
7,367,-200.0,200,7.614753723144531,-1.0,0.00025983541854657233,0.0,DQN_RND,0.001,0.99,mountaincar,dense
7,368,-200.0,200,7.5163679122924805,-1.0,0.0003512167895678431,0.0,DQN_RND,0.001,0.99,mountaincar,dense
7,369,-200.0,200,7.343653202056885,-1.0,0.00037925917422398925,0.0,DQN_RND,0.001,0.99,mountaincar,dense
7,370,-200.0,200,3.6887917518615723,-1.0,0.0003042781027033925,0.0,DQN_RND,0.001,0.99,mountaincar,dense
7,371,-200.0,200,5.435072422027588,-1.0,0.00034614745527505875,0.0,DQN_RND,0.001,0.99,mountaincar,dense
7,372,-200.0,200,1.2611658573150635,-1.0,0.00033866646117530763,0.0,DQN_RND,0.001,0.99,mountaincar,dense
7,373,-200.0,200,4.035027980804443,-1.0,0.00026090643950738013,0.0,DQN_RND,0.001,0.99,mountaincar,dense
7,374,-200.0,200,4.304115295410156,-1.0,0.0002762094954960048,0.0,DQN_RND,0.001,0.99,mountaincar,dense
7,375,-200.0,200,8.019109725952148,-1.0,0.00027350991149432957,0.0,DQN_RND,0.001,0.99,mountaincar,dense
7,376,-200.0,200,8.697612762451172,-1.0,0.00044656850514002144,0.0,DQN_RND,0.001,0.99,mountaincar,dense
7,377,-200.0,200,11.090757369995117,-1.0,0.000291221629595384,0.0,DQN_RND,0.001,0.99,mountaincar,dense
7,378,-200.0,200,7.047975540161133,-1.0,0.00034400515141896904,0.0,DQN_RND,0.001,0.99,mountaincar,dense
7,379,-200.0,200,5.67965030670166,-1.0,0.0002676554722711444,0.0,DQN_RND,0.001,0.99,mountaincar,dense
7,380,-200.0,200,5.598499298095703,-1.0,0.00023703686019871384,0.0,DQN_RND,0.001,0.99,mountaincar,dense
7,381,-200.0,200,3.947582960128784,-1.0,0.00024506522458978,0.0,DQN_RND,0.001,0.99,mountaincar,dense
7,382,-200.0,200,5.703176498413086,-1.0,0.0003190881689079106,0.0,DQN_RND,0.001,0.99,mountaincar,dense
7,383,-200.0,200,4.601483345031738,-1.0,0.0003311151813250035,0.0,DQN_RND,0.001,0.99,mountaincar,dense
7,384,-200.0,200,5.875994682312012,-1.0,0.00040950646507553756,0.0,DQN_RND,0.001,0.99,mountaincar,dense
7,385,-200.0,200,9.299627304077148,-1.0,0.0003496504796203226,0.0,DQN_RND,0.001,0.99,mountaincar,dense
7,386,-200.0,200,5.809206008911133,-1.0,0.0003395359090063721,0.0,DQN_RND,0.001,0.99,mountaincar,dense
7,387,-200.0,200,7.2900285720825195,-1.0,0.0002598231367301196,0.0,DQN_RND,0.001,0.99,mountaincar,dense
7,388,-200.0,200,10.280634880065918,-1.0,0.00026440428337082267,0.0,DQN_RND,0.001,0.99,mountaincar,dense
7,389,-200.0,200,7.592002868652344,-1.0,0.00026869247085414827,0.0,DQN_RND,0.001,0.99,mountaincar,dense
7,390,-200.0,200,2.8769590854644775,-1.0,0.0002625339839141816,0.0,DQN_RND,0.001,0.99,mountaincar,dense
7,391,-200.0,200,7.602655410766602,-1.0,0.000336946191964671,0.0,DQN_RND,0.001,0.99,mountaincar,dense
7,392,-200.0,200,8.844924926757812,-1.0,0.00025753374211490154,0.0,DQN_RND,0.001,0.99,mountaincar,dense
7,393,-200.0,200,11.860491752624512,-1.0,0.0002557894040364772,0.0,DQN_RND,0.001,0.99,mountaincar,dense
7,394,-200.0,200,8.866559028625488,-1.0,0.000249668286414817,0.0,DQN_RND,0.001,0.99,mountaincar,dense
7,395,-200.0,200,10.448741912841797,-1.0,0.0002752357686404139,0.0,DQN_RND,0.001,0.99,mountaincar,dense
7,396,-200.0,200,5.9122314453125,-1.0,0.00032822455978021026,0.0,DQN_RND,0.001,0.99,mountaincar,dense
7,397,-200.0,200,11.6934232711792,-1.0,0.0003517885343171656,0.0,DQN_RND,0.001,0.99,mountaincar,dense
7,398,-200.0,200,12.904537200927734,-1.0,0.00033278935006819665,0.0,DQN_RND,0.001,0.99,mountaincar,dense
7,399,-200.0,200,4.458979606628418,-1.0,0.0002599144936539233,0.0,DQN_RND,0.001,0.99,mountaincar,dense
7,400,-200.0,200,14.751396179199219,-1.0,0.0004313794197514653,0.0,DQN_RND,0.001,0.99,mountaincar,dense
7,401,-200.0,200,5.014820098876953,-1.0,0.0003438688872847706,0.0,DQN_RND,0.001,0.99,mountaincar,dense
7,402,-200.0,200,2.977419853210449,-1.0,0.0003277336072642356,0.0,DQN_RND,0.001,0.99,mountaincar,dense
7,403,-200.0,200,16.52875518798828,-1.0,0.0002455313806422055,0.0,DQN_RND,0.001,0.99,mountaincar,dense
7,404,-200.0,200,6.933494567871094,-1.0,0.00024233416479546577,0.0,DQN_RND,0.001,0.99,mountaincar,dense
7,405,-200.0,200,8.778108596801758,-1.0,0.0005341744981706142,0.0,DQN_RND,0.001,0.99,mountaincar,dense
7,406,-200.0,200,7.24986457824707,-1.0,0.00027316471096128225,0.0,DQN_RND,0.001,0.99,mountaincar,dense
7,407,-200.0,200,12.45316219329834,-1.0,0.0002332949807168916,0.0,DQN_RND,0.001,0.99,mountaincar,dense
7,408,-200.0,200,9.042085647583008,-1.0,0.0002628678339533508,0.0,DQN_RND,0.001,0.99,mountaincar,dense
7,409,-200.0,200,6.343484401702881,-1.0,0.00044176826486364007,0.0,DQN_RND,0.001,0.99,mountaincar,dense
7,410,-200.0,200,4.6234354972839355,-1.0,0.0002332953445147723,0.0,DQN_RND,0.001,0.99,mountaincar,dense
7,411,-200.0,200,9.508069038391113,-1.0,0.0002642753242980689,0.0,DQN_RND,0.001,0.99,mountaincar,dense
7,412,-200.0,200,1.5510025024414062,-1.0,0.00034919343306683004,0.0,DQN_RND,0.001,0.99,mountaincar,dense
7,413,-200.0,200,6.289550304412842,-1.0,0.00031284341821447015,0.0,DQN_RND,0.001,0.99,mountaincar,dense
7,414,-200.0,200,3.1195993423461914,-1.0,0.00033806709689088166,0.0,DQN_RND,0.001,0.99,mountaincar,dense
7,415,-200.0,200,7.967203140258789,-1.0,0.00030074332607910037,0.0,DQN_RND,0.001,0.99,mountaincar,dense
7,416,-200.0,200,13.519237518310547,-1.0,0.00026267432258464396,0.0,DQN_RND,0.001,0.99,mountaincar,dense
7,417,-200.0,200,11.230426788330078,-1.0,0.0004019457846879959,0.0,DQN_RND,0.001,0.99,mountaincar,dense
7,418,-200.0,200,3.182680368423462,-1.0,0.00044414986041374505,0.0,DQN_RND,0.001,0.99,mountaincar,dense
7,419,-200.0,200,15.224336624145508,-1.0,0.0004472642031032592,0.0,DQN_RND,0.001,0.99,mountaincar,dense
7,420,-200.0,200,1.8392409086227417,-1.0,0.000434366607805714,0.0,DQN_RND,0.001,0.99,mountaincar,dense
7,421,-200.0,200,4.934210777282715,-1.0,0.0002274043799843639,0.0,DQN_RND,0.001,0.99,mountaincar,dense
7,422,-200.0,200,13.848628044128418,-1.0,0.00034718826645985246,0.0,DQN_RND,0.001,0.99,mountaincar,dense
7,423,-200.0,200,6.7501749992370605,-1.0,0.00031812902307137847,0.0,DQN_RND,0.001,0.99,mountaincar,dense
7,424,-200.0,200,10.251118659973145,-1.0,0.0003662107337731868,0.0,DQN_RND,0.001,0.99,mountaincar,dense
7,425,-200.0,200,14.947474479675293,-1.0,0.00024190626572817564,0.0,DQN_RND,0.001,0.99,mountaincar,dense
7,426,-200.0,200,5.2234721183776855,-1.0,0.00033018572139553726,0.0,DQN_RND,0.001,0.99,mountaincar,dense
7,427,-200.0,200,8.196273803710938,-1.0,0.0004254243685863912,0.0,DQN_RND,0.001,0.99,mountaincar,dense
7,428,-200.0,200,11.755131721496582,-1.0,0.0002217114088125527,0.0,DQN_RND,0.001,0.99,mountaincar,dense
7,429,-200.0,200,8.370054244995117,-1.0,0.00023671641247346997,0.0,DQN_RND,0.001,0.99,mountaincar,dense
7,430,-200.0,200,6.667733192443848,-1.0,0.0003372235514689237,0.0,DQN_RND,0.001,0.99,mountaincar,dense
7,431,-200.0,200,4.838010311126709,-1.0,0.00023512737243436277,0.0,DQN_RND,0.001,0.99,mountaincar,dense
7,432,-200.0,200,3.2236082553863525,-1.0,0.0003333446220494807,0.0,DQN_RND,0.001,0.99,mountaincar,dense
7,433,-200.0,200,10.169746398925781,-1.0,0.00031704988214187324,0.0,DQN_RND,0.001,0.99,mountaincar,dense
7,434,-200.0,200,3.4236016273498535,-1.0,0.0003071148821618408,0.0,DQN_RND,0.001,0.99,mountaincar,dense
7,435,-200.0,200,13.389883995056152,-1.0,0.0003442490997258574,0.0,DQN_RND,0.001,0.99,mountaincar,dense
7,436,-200.0,200,3.350222587585449,-1.0,0.00026113007334060967,0.0,DQN_RND,0.001,0.99,mountaincar,dense
7,437,-200.0,200,3.425987958908081,-1.0,0.00022504088701680303,0.0,DQN_RND,0.001,0.99,mountaincar,dense
7,438,-200.0,200,11.08396053314209,-1.0,0.0002379331854172051,0.0,DQN_RND,0.001,0.99,mountaincar,dense
7,439,-200.0,200,10.257201194763184,-1.0,0.00031704362481832504,0.0,DQN_RND,0.001,0.99,mountaincar,dense
7,440,-200.0,200,8.777556419372559,-1.0,0.00023502865224145353,0.0,DQN_RND,0.001,0.99,mountaincar,dense
7,441,-200.0,200,10.207536697387695,-1.0,0.00022599688963964581,0.0,DQN_RND,0.001,0.99,mountaincar,dense
7,442,-200.0,200,8.929710388183594,-1.0,0.00023221713490784168,0.0,DQN_RND,0.001,0.99,mountaincar,dense
7,443,-200.0,200,1.8508532047271729,-1.0,0.00025057431776076555,0.0,DQN_RND,0.001,0.99,mountaincar,dense
7,444,-200.0,200,5.217761039733887,-1.0,0.0002291056589456275,0.0,DQN_RND,0.001,0.99,mountaincar,dense
7,445,-200.0,200,7.136993885040283,-1.0,0.00024773742188699543,0.0,DQN_RND,0.001,0.99,mountaincar,dense
7,446,-200.0,200,8.530421257019043,-1.0,0.000315683166263625,0.0,DQN_RND,0.001,0.99,mountaincar,dense
7,447,-200.0,200,8.7378568649292,-1.0,0.00022157297644298524,0.0,DQN_RND,0.001,0.99,mountaincar,dense
7,448,-200.0,200,1.9004502296447754,-1.0,0.00030440869159065187,0.0,DQN_RND,0.001,0.99,mountaincar,dense
7,449,-200.0,200,14.569464683532715,-1.0,0.00032346215448342264,0.0,DQN_RND,0.001,0.99,mountaincar,dense
7,450,-200.0,200,12.335111618041992,-1.0,0.00031159224454313517,0.0,DQN_RND,0.001,0.99,mountaincar,dense
7,451,-200.0,200,7.408534049987793,-1.0,0.00022288996842689812,0.0,DQN_RND,0.001,0.99,mountaincar,dense
7,452,-200.0,200,15.066033363342285,-1.0,0.00023620516003575176,0.0,DQN_RND,0.001,0.99,mountaincar,dense
7,453,-200.0,200,9.158629417419434,-1.0,0.0001968309807125479,0.0,DQN_RND,0.001,0.99,mountaincar,dense
7,454,-200.0,200,5.2728400230407715,-1.0,0.00041947438148781657,0.0,DQN_RND,0.001,0.99,mountaincar,dense
7,455,-200.0,200,1.849597454071045,-1.0,0.00040093023562803864,0.0,DQN_RND,0.001,0.99,mountaincar,dense
7,456,-200.0,200,18.21426773071289,-1.0,0.0002572235243860632,0.0,DQN_RND,0.001,0.99,mountaincar,dense
7,457,-200.0,200,3.8169407844543457,-1.0,0.0002291588025400415,0.0,DQN_RND,0.001,0.99,mountaincar,dense
7,458,-200.0,200,3.7372055053710938,-1.0,0.00021289617870934308,0.0,DQN_RND,0.001,0.99,mountaincar,dense
7,459,-200.0,200,3.9819836616516113,-1.0,0.00029876676853746176,0.0,DQN_RND,0.001,0.99,mountaincar,dense
7,460,-200.0,200,7.401640892028809,-1.0,0.0002143237361451611,0.0,DQN_RND,0.001,0.99,mountaincar,dense
7,461,-200.0,200,9.766486167907715,-1.0,0.0003154574369546026,0.0,DQN_RND,0.001,0.99,mountaincar,dense
7,462,-200.0,200,8.005086898803711,-1.0,0.00023888547730166465,0.0,DQN_RND,0.001,0.99,mountaincar,dense
7,463,-200.0,200,7.508718490600586,-1.0,0.00021376331278588623,0.0,DQN_RND,0.001,0.99,mountaincar,dense
7,464,-200.0,200,13.061610221862793,-1.0,0.00022172692115418613,0.0,DQN_RND,0.001,0.99,mountaincar,dense
7,465,-200.0,200,9.822737693786621,-1.0,0.0003111149126198143,0.0,DQN_RND,0.001,0.99,mountaincar,dense
7,466,-200.0,200,5.912463665008545,-1.0,0.000210799029446207,0.0,DQN_RND,0.001,0.99,mountaincar,dense
7,467,-200.0,200,11.280302047729492,-1.0,0.0003211735747754574,0.0,DQN_RND,0.001,0.99,mountaincar,dense
7,468,-200.0,200,6.273159503936768,-1.0,0.0003213047457393259,0.0,DQN_RND,0.001,0.99,mountaincar,dense
7,469,-200.0,200,5.404229640960693,-1.0,0.000210619589779526,0.0,DQN_RND,0.001,0.99,mountaincar,dense
7,470,-200.0,200,4.410647869110107,-1.0,0.0004122839018236846,0.0,DQN_RND,0.001,0.99,mountaincar,dense
7,471,-200.0,200,8.000333786010742,-1.0,0.0004463326185941696,0.0,DQN_RND,0.001,0.99,mountaincar,dense
7,472,-200.0,200,14.119571685791016,-1.0,0.00020293908892199397,0.0,DQN_RND,0.001,0.99,mountaincar,dense
7,473,-200.0,200,12.096670150756836,-1.0,0.0003164561348967254,0.0,DQN_RND,0.001,0.99,mountaincar,dense
7,474,-200.0,200,15.877784729003906,-1.0,0.0004242747090756893,0.0,DQN_RND,0.001,0.99,mountaincar,dense
7,475,-200.0,200,10.033461570739746,-1.0,0.0001993479672819376,0.0,DQN_RND,0.001,0.99,mountaincar,dense
7,476,-200.0,200,9.863030433654785,-1.0,0.0002072595525532961,0.0,DQN_RND,0.001,0.99,mountaincar,dense
7,477,-200.0,200,12.205063819885254,-1.0,0.00028510921401903033,0.0,DQN_RND,0.001,0.99,mountaincar,dense
7,478,-200.0,200,6.037801265716553,-1.0,0.0002225803182227537,0.0,DQN_RND,0.001,0.99,mountaincar,dense
7,479,-200.0,200,4.378424644470215,-1.0,0.00033474210067652166,0.0,DQN_RND,0.001,0.99,mountaincar,dense
7,480,-200.0,200,14.559831619262695,-1.0,0.00039625196950510144,0.0,DQN_RND,0.001,0.99,mountaincar,dense
7,481,-200.0,200,9.908570289611816,-1.0,0.00028757977997884154,0.0,DQN_RND,0.001,0.99,mountaincar,dense
7,482,-200.0,200,8.07177734375,-1.0,0.00028279880643822253,0.0,DQN_RND,0.001,0.99,mountaincar,dense
7,483,-200.0,200,6.2984209060668945,-1.0,0.00022521443315781653,0.0,DQN_RND,0.001,0.99,mountaincar,dense
7,484,-200.0,200,7.977668762207031,-1.0,0.0001854393194662407,0.0,DQN_RND,0.001,0.99,mountaincar,dense
7,485,-200.0,200,8.62674617767334,-1.0,0.00029258400900289416,0.0,DQN_RND,0.001,0.99,mountaincar,dense
7,486,-200.0,200,6.116026878356934,-1.0,0.0005106976022943854,0.0,DQN_RND,0.001,0.99,mountaincar,dense
7,487,-200.0,200,8.605611801147461,-1.0,0.00020809119450859725,0.0,DQN_RND,0.001,0.99,mountaincar,dense
7,488,-200.0,200,14.584814071655273,-1.0,0.0003162251668982208,0.0,DQN_RND,0.001,0.99,mountaincar,dense
7,489,-200.0,200,8.566285133361816,-1.0,0.0004228781908750534,0.0,DQN_RND,0.001,0.99,mountaincar,dense
7,490,-200.0,200,11.005790710449219,-1.0,0.00020859070355072618,0.0,DQN_RND,0.001,0.99,mountaincar,dense
7,491,-200.0,200,12.478803634643555,-1.0,0.00021959729201626033,0.0,DQN_RND,0.001,0.99,mountaincar,dense
7,492,-200.0,200,22.24168586730957,-1.0,0.00020076155487913638,0.0,DQN_RND,0.001,0.99,mountaincar,dense
7,493,-200.0,200,4.425555229187012,-1.0,0.00020951741316821426,0.0,DQN_RND,0.001,0.99,mountaincar,dense
7,494,-200.0,200,12.93256664276123,-1.0,0.0002864634443540126,0.0,DQN_RND,0.001,0.99,mountaincar,dense
7,495,-200.0,200,6.479028701782227,-1.0,0.00037709268508479,0.0,DQN_RND,0.001,0.99,mountaincar,dense
7,496,-200.0,200,13.197196960449219,-1.0,0.00021151981491129845,0.0,DQN_RND,0.001,0.99,mountaincar,dense
7,497,-200.0,200,13.122933387756348,-1.0,0.00034583816886879504,0.0,DQN_RND,0.001,0.99,mountaincar,dense
7,498,-200.0,200,16.86815643310547,-1.0,0.00026686530327424407,0.0,DQN_RND,0.001,0.99,mountaincar,dense
7,499,-200.0,200,9.371424674987793,-1.0,0.00042990478686988354,0.0,DQN_RND,0.001,0.99,mountaincar,dense
7,500,-200.0,200,14.601253509521484,-1.0,0.0004203925491310656,0.0,DQN_RND,0.001,0.99,mountaincar,dense
7,501,-200.0,200,12.9389066696167,-1.0,0.000305578374536708,0.0,DQN_RND,0.001,0.99,mountaincar,dense
7,502,-200.0,200,8.884678840637207,-1.0,0.00018682419613469392,0.0,DQN_RND,0.001,0.99,mountaincar,dense
7,503,-200.0,200,8.993091583251953,-1.0,0.0004366994253359735,0.0,DQN_RND,0.001,0.99,mountaincar,dense
7,504,-200.0,200,16.018539428710938,-1.0,0.0004445144149940461,0.0,DQN_RND,0.001,0.99,mountaincar,dense
7,505,-200.0,200,9.041213989257812,-1.0,0.000291401578579098,0.0,DQN_RND,0.001,0.99,mountaincar,dense
7,506,-200.0,200,7.03497314453125,-1.0,0.00041202898137271404,0.0,DQN_RND,0.001,0.99,mountaincar,dense
7,507,-200.0,200,4.539061546325684,-1.0,0.00020701970788650215,0.0,DQN_RND,0.001,0.99,mountaincar,dense
7,508,-200.0,200,11.55604362487793,-1.0,0.0004150807799305767,0.0,DQN_RND,0.001,0.99,mountaincar,dense
7,509,-200.0,200,11.664971351623535,-1.0,0.0002996882249135524,0.0,DQN_RND,0.001,0.99,mountaincar,dense
7,510,-200.0,200,13.956365585327148,-1.0,0.00030245346715673804,0.0,DQN_RND,0.001,0.99,mountaincar,dense
7,511,-200.0,200,8.99569320678711,-1.0,0.00020508631132543087,0.0,DQN_RND,0.001,0.99,mountaincar,dense
7,512,-200.0,200,10.982324600219727,-1.0,0.0004596578946802765,0.0,DQN_RND,0.001,0.99,mountaincar,dense
7,513,-200.0,200,14.247632026672363,-1.0,0.00017979035328608006,0.0,DQN_RND,0.001,0.99,mountaincar,dense
7,514,-200.0,200,12.228973388671875,-1.0,0.00019777168927248567,0.0,DQN_RND,0.001,0.99,mountaincar,dense
7,515,-200.0,200,6.684849262237549,-1.0,0.00021738094801548868,0.0,DQN_RND,0.001,0.99,mountaincar,dense
7,516,-200.0,200,11.54821491241455,-1.0,0.00020076868531759828,0.0,DQN_RND,0.001,0.99,mountaincar,dense
7,517,-200.0,200,2.030348777770996,-1.0,0.00040495110442861915,0.0,DQN_RND,0.001,0.99,mountaincar,dense
7,518,-200.0,200,12.118017196655273,-1.0,0.0002038818201981485,0.0,DQN_RND,0.001,0.99,mountaincar,dense
7,519,-200.0,200,12.259839057922363,-1.0,0.00021465470490511507,0.0,DQN_RND,0.001,0.99,mountaincar,dense
7,520,-200.0,200,2.298513889312744,-1.0,0.00028507065144367516,0.0,DQN_RND,0.001,0.99,mountaincar,dense
7,521,-200.0,200,16.121448516845703,-1.0,0.00038455240428447723,0.0,DQN_RND,0.001,0.99,mountaincar,dense
7,522,-200.0,200,9.276430130004883,-1.0,0.000190388600458391,0.0,DQN_RND,0.001,0.99,mountaincar,dense
7,523,-200.0,200,6.609809398651123,-1.0,0.0001944985706359148,0.0,DQN_RND,0.001,0.99,mountaincar,dense
7,524,-200.0,200,6.876577377319336,-1.0,0.0001862951321527362,0.0,DQN_RND,0.001,0.99,mountaincar,dense
7,525,-200.0,200,9.202409744262695,-1.0,0.00041242357110604644,0.0,DQN_RND,0.001,0.99,mountaincar,dense
7,526,-200.0,200,11.699077606201172,-1.0,0.00017784089141059667,0.0,DQN_RND,0.001,0.99,mountaincar,dense
7,527,-200.0,200,20.28753662109375,-1.0,0.00045177468564361334,0.0,DQN_RND,0.001,0.99,mountaincar,dense
7,528,-200.0,200,6.742197513580322,-1.0,0.0003008740022778511,0.0,DQN_RND,0.001,0.99,mountaincar,dense
7,529,-200.0,200,9.864781379699707,-1.0,0.00020117958774790168,0.0,DQN_RND,0.001,0.99,mountaincar,dense
7,530,-200.0,200,7.423088550567627,-1.0,0.00044132533366791904,0.0,DQN_RND,0.001,0.99,mountaincar,dense
7,531,-200.0,200,11.71168327331543,-1.0,0.0004377390432637185,0.0,DQN_RND,0.001,0.99,mountaincar,dense
7,532,-200.0,200,19.519287109375,-1.0,0.00018569038365967572,0.0,DQN_RND,0.001,0.99,mountaincar,dense
7,533,-200.0,200,7.438072681427002,-1.0,0.00046038682921789587,0.0,DQN_RND,0.001,0.99,mountaincar,dense
7,534,-200.0,200,16.978954315185547,-1.0,0.000174868997419253,0.0,DQN_RND,0.001,0.99,mountaincar,dense
7,535,-200.0,200,14.451842308044434,-1.0,0.0004581718530971557,0.0,DQN_RND,0.001,0.99,mountaincar,dense
7,536,-200.0,200,15.140241622924805,-1.0,0.00043711205944418907,0.0,DQN_RND,0.001,0.99,mountaincar,dense
7,537,-200.0,200,13.348928451538086,-1.0,0.00019452389096841216,0.0,DQN_RND,0.001,0.99,mountaincar,dense
7,538,-200.0,200,11.593873977661133,-1.0,0.0004573020269162953,0.0,DQN_RND,0.001,0.99,mountaincar,dense
7,539,-200.0,200,6.8483662605285645,-1.0,0.00018294570327270776,0.0,DQN_RND,0.001,0.99,mountaincar,dense
7,540,-200.0,200,2.1736021041870117,-1.0,0.00019628609879873693,0.0,DQN_RND,0.001,0.99,mountaincar,dense
7,541,-200.0,200,11.902108192443848,-1.0,0.0001682276779320091,0.0,DQN_RND,0.001,0.99,mountaincar,dense
7,542,-200.0,200,13.713066101074219,-1.0,0.0003879909636452794,0.0,DQN_RND,0.001,0.99,mountaincar,dense
7,543,-200.0,200,12.224739074707031,-1.0,0.00028388455393724144,0.0,DQN_RND,0.001,0.99,mountaincar,dense
7,544,-200.0,200,13.735465049743652,-1.0,0.0003161471977364272,0.0,DQN_RND,0.001,0.99,mountaincar,dense
7,545,-200.0,200,3.987696647644043,-1.0,0.00040216013439930975,0.0,DQN_RND,0.001,0.99,mountaincar,dense
7,546,-200.0,200,9.517099380493164,-1.0,0.00020415418839547783,0.0,DQN_RND,0.001,0.99,mountaincar,dense
7,547,-200.0,200,11.751761436462402,-1.0,0.0002842046960722655,0.0,DQN_RND,0.001,0.99,mountaincar,dense
7,548,-200.0,200,11.826277732849121,-1.0,0.00017163179290946573,0.0,DQN_RND,0.001,0.99,mountaincar,dense
7,549,-200.0,200,9.912095069885254,-1.0,0.00018701310909818858,0.0,DQN_RND,0.001,0.99,mountaincar,dense
7,550,-200.0,200,16.336198806762695,-1.0,0.0005789112765341997,0.0,DQN_RND,0.001,0.99,mountaincar,dense
7,551,-200.0,200,9.687214851379395,-1.0,0.00016959603817667812,0.0,DQN_RND,0.001,0.99,mountaincar,dense
7,552,-200.0,200,13.534549713134766,-1.0,0.00019607674039434642,0.0,DQN_RND,0.001,0.99,mountaincar,dense
7,553,-200.0,200,11.854016304016113,-1.0,0.00017678883159533143,0.0,DQN_RND,0.001,0.99,mountaincar,dense
7,554,-200.0,200,7.078076362609863,-1.0,0.00017570688214618713,0.0,DQN_RND,0.001,0.99,mountaincar,dense
7,555,-200.0,200,10.049677848815918,-1.0,0.00019732033251784742,0.0,DQN_RND,0.001,0.99,mountaincar,dense
7,556,-200.0,200,8.857444763183594,-1.0,0.00017750958795659244,0.0,DQN_RND,0.001,0.99,mountaincar,dense
7,557,-200.0,200,17.055261611938477,-1.0,0.0004376392753329128,0.0,DQN_RND,0.001,0.99,mountaincar,dense
7,558,-200.0,200,5.345846652984619,-1.0,0.0004383519117254764,0.0,DQN_RND,0.001,0.99,mountaincar,dense
7,559,-200.0,200,17.041397094726562,-1.0,0.000385547784389928,0.0,DQN_RND,0.001,0.99,mountaincar,dense
7,560,-200.0,200,14.859243392944336,-1.0,0.0001836909505072981,0.0,DQN_RND,0.001,0.99,mountaincar,dense
7,561,-200.0,200,6.891944408416748,-1.0,0.0004297990526538342,0.0,DQN_RND,0.001,0.99,mountaincar,dense
7,562,-200.0,200,9.577497482299805,-1.0,0.00027082086307927966,0.0,DQN_RND,0.001,0.99,mountaincar,dense
7,563,-200.0,200,15.100621223449707,-1.0,0.0004018301551695913,0.0,DQN_RND,0.001,0.99,mountaincar,dense
7,564,-200.0,200,9.57820987701416,-1.0,0.0003837505937553942,0.0,DQN_RND,0.001,0.99,mountaincar,dense
7,565,-200.0,200,17.358959197998047,-1.0,0.000398778822273016,0.0,DQN_RND,0.001,0.99,mountaincar,dense
7,566,-200.0,200,7.789592742919922,-1.0,0.00040447970968671143,0.0,DQN_RND,0.001,0.99,mountaincar,dense
7,567,-200.0,200,0.02283770777285099,-1.0,0.00038694130489602685,0.0,DQN_RND,0.001,0.99,mountaincar,dense
7,568,-200.0,200,12.427298545837402,-1.0,0.00040926443762145936,0.0,DQN_RND,0.001,0.99,mountaincar,dense
7,569,-200.0,200,7.199118614196777,-1.0,0.0004228646866977215,0.0,DQN_RND,0.001,0.99,mountaincar,dense
7,570,-200.0,200,14.034053802490234,-1.0,0.00017470071907155216,0.0,DQN_RND,0.001,0.99,mountaincar,dense
7,571,-200.0,200,18.69011116027832,-1.0,0.0001569335290696472,0.0,DQN_RND,0.001,0.99,mountaincar,dense
7,572,-200.0,200,15.599000930786133,-1.0,0.00016362890892196447,0.0,DQN_RND,0.001,0.99,mountaincar,dense
7,573,-200.0,200,9.575943946838379,-1.0,0.0002572792873252183,0.0,DQN_RND,0.001,0.99,mountaincar,dense
7,574,-200.0,200,18.995119094848633,-1.0,0.00040120407356880605,0.0,DQN_RND,0.001,0.99,mountaincar,dense
7,575,-200.0,200,11.72226619720459,-1.0,0.00016138970386236906,0.0,DQN_RND,0.001,0.99,mountaincar,dense
7,576,-200.0,200,9.97708797454834,-1.0,0.0004079742357134819,0.0,DQN_RND,0.001,0.99,mountaincar,dense
7,577,-200.0,200,4.665611743927002,-1.0,0.0004504888493102044,0.0,DQN_RND,0.001,0.99,mountaincar,dense
7,578,-200.0,200,11.418319702148438,-1.0,0.00015370894107036293,0.0,DQN_RND,0.001,0.99,mountaincar,dense
7,579,-200.0,200,12.60250186920166,-1.0,0.0002664332860149443,0.0,DQN_RND,0.001,0.99,mountaincar,dense
7,580,-200.0,200,16.656864166259766,-1.0,0.00016600219532847404,0.0,DQN_RND,0.001,0.99,mountaincar,dense
7,581,-200.0,200,19.9765682220459,-1.0,0.00026924454141408205,0.0,DQN_RND,0.001,0.99,mountaincar,dense
7,582,-200.0,200,7.385272979736328,-1.0,0.0002694346767384559,0.0,DQN_RND,0.001,0.99,mountaincar,dense
7,583,-200.0,200,13.684643745422363,-1.0,0.00026656678528524935,0.0,DQN_RND,0.001,0.99,mountaincar,dense
7,584,-200.0,200,11.486796379089355,-1.0,0.00015790214820299298,0.0,DQN_RND,0.001,0.99,mountaincar,dense
7,585,-200.0,200,5.109408378601074,-1.0,0.0001562528486829251,0.0,DQN_RND,0.001,0.99,mountaincar,dense
7,586,-200.0,200,2.475062847137451,-1.0,0.00041761447209864855,0.0,DQN_RND,0.001,0.99,mountaincar,dense
7,587,-200.0,200,11.478424072265625,-1.0,0.00015935374540276825,0.0,DQN_RND,0.001,0.99,mountaincar,dense
7,588,-200.0,200,7.499220848083496,-1.0,0.00040241199894808233,0.0,DQN_RND,0.001,0.99,mountaincar,dense
7,589,-200.0,200,9.662918090820312,-1.0,0.00024577364092692733,0.0,DQN_RND,0.001,0.99,mountaincar,dense
7,590,-200.0,200,10.22138786315918,-1.0,0.000449456216301769,0.0,DQN_RND,0.001,0.99,mountaincar,dense
7,591,-200.0,200,4.310538291931152,-1.0,0.00029526802245527506,0.0,DQN_RND,0.001,0.99,mountaincar,dense
7,592,-200.0,200,9.93368911743164,-1.0,0.0002510299382265657,0.0,DQN_RND,0.001,0.99,mountaincar,dense
7,593,-200.0,200,9.507436752319336,-1.0,0.00014165815082378685,0.0,DQN_RND,0.001,0.99,mountaincar,dense
7,594,-200.0,200,17.675451278686523,-1.0,0.0001688155170995742,0.0,DQN_RND,0.001,0.99,mountaincar,dense
7,595,-200.0,200,10.442962646484375,-1.0,0.00042416402720846236,0.0,DQN_RND,0.001,0.99,mountaincar,dense
7,596,-200.0,200,14.386457443237305,-1.0,0.00041772573604248464,0.0,DQN_RND,0.001,0.99,mountaincar,dense
7,597,-200.0,200,15.010576248168945,-1.0,0.00027246755780652165,0.0,DQN_RND,0.001,0.99,mountaincar,dense
7,598,-200.0,200,12.041426658630371,-1.0,0.00048291750135831535,0.0,DQN_RND,0.001,0.99,mountaincar,dense
7,599,-200.0,200,11.797395706176758,-1.0,0.00038258684799075127,0.0,DQN_RND,0.001,0.99,mountaincar,dense
7,600,-200.0,200,19.38796043395996,-1.0,0.00017312583804596215,0.0,DQN_RND,0.001,0.99,mountaincar,dense
7,601,-200.0,200,15.286886215209961,-1.0,0.00038999025127850473,0.0,DQN_RND,0.001,0.99,mountaincar,dense
7,602,-200.0,200,14.366606712341309,-1.0,0.000442833814304322,0.0,DQN_RND,0.001,0.99,mountaincar,dense
7,603,-200.0,200,13.406353950500488,-1.0,0.00014923086564522237,0.0,DQN_RND,0.001,0.99,mountaincar,dense
7,604,-200.0,200,22.452241897583008,-1.0,0.0002573413366917521,0.0,DQN_RND,0.001,0.99,mountaincar,dense
7,605,-200.0,200,10.358027458190918,-1.0,0.00016748002963140607,0.0,DQN_RND,0.001,0.99,mountaincar,dense
7,606,-200.0,200,7.637598514556885,-1.0,0.0001616972149349749,0.0,DQN_RND,0.001,0.99,mountaincar,dense
7,607,-200.0,200,12.652148246765137,-1.0,0.00015001650899648666,0.0,DQN_RND,0.001,0.99,mountaincar,dense
7,608,-200.0,200,7.996500492095947,-1.0,0.00038396898889914155,0.0,DQN_RND,0.001,0.99,mountaincar,dense
7,609,-200.0,200,15.860891342163086,-1.0,0.00015443025040440261,0.0,DQN_RND,0.001,0.99,mountaincar,dense
7,610,-200.0,200,11.091253280639648,-1.0,0.0004527765850070864,0.0,DQN_RND,0.001,0.99,mountaincar,dense
7,611,-200.0,200,21.312803268432617,-1.0,0.0003530520771164447,0.0,DQN_RND,0.001,0.99,mountaincar,dense
7,612,-200.0,200,5.311246871948242,-1.0,0.00027482141740620136,0.0,DQN_RND,0.001,0.99,mountaincar,dense
7,613,-200.0,200,9.95388412475586,-1.0,0.00017569769988767803,0.0,DQN_RND,0.001,0.99,mountaincar,dense
7,614,-200.0,200,15.913098335266113,-1.0,0.00040943193016573787,0.0,DQN_RND,0.001,0.99,mountaincar,dense
7,615,-200.0,200,4.870636940002441,-1.0,0.0002741043281275779,0.0,DQN_RND,0.001,0.99,mountaincar,dense
7,616,-200.0,200,12.456012725830078,-1.0,0.00015128446102607995,0.0,DQN_RND,0.001,0.99,mountaincar,dense
7,617,-200.0,200,15.976673126220703,-1.0,0.0002490304468665272,0.0,DQN_RND,0.001,0.99,mountaincar,dense
7,618,-200.0,200,19.565858840942383,-1.0,0.0003820749407168478,0.0,DQN_RND,0.001,0.99,mountaincar,dense
7,619,-200.0,200,22.16545295715332,-1.0,0.0001391018886351958,0.0,DQN_RND,0.001,0.99,mountaincar,dense
7,620,-200.0,200,14.005827903747559,-1.0,0.0004635816439986229,0.0,DQN_RND,0.001,0.99,mountaincar,dense
7,621,-200.0,200,15.57261848449707,-1.0,0.00041713539394550025,0.0,DQN_RND,0.001,0.99,mountaincar,dense
7,622,-200.0,200,7.974630355834961,-1.0,0.00024149326782207936,0.0,DQN_RND,0.001,0.99,mountaincar,dense
7,623,-200.0,200,19.171630859375,-1.0,0.0004102163657080382,0.0,DQN_RND,0.001,0.99,mountaincar,dense
7,624,-200.0,200,13.54587173461914,-1.0,0.00016550428699702024,0.0,DQN_RND,0.001,0.99,mountaincar,dense
7,625,-200.0,200,1.9932043552398682,-1.0,0.00044493659515865147,0.0,DQN_RND,0.001,0.99,mountaincar,dense
7,626,-200.0,200,17.9903621673584,-1.0,0.00013423993368633091,0.0,DQN_RND,0.001,0.99,mountaincar,dense
7,627,-200.0,200,19.866668701171875,-1.0,0.0003790083865169436,0.0,DQN_RND,0.001,0.99,mountaincar,dense
7,628,-200.0,200,10.072870254516602,-1.0,0.0003679433430079371,0.0,DQN_RND,0.001,0.99,mountaincar,dense
7,629,-200.0,200,19.645341873168945,-1.0,0.00014940625987946987,0.0,DQN_RND,0.001,0.99,mountaincar,dense
7,630,-200.0,200,13.911033630371094,-1.0,0.00023214591783471406,0.0,DQN_RND,0.001,0.99,mountaincar,dense
7,631,-200.0,200,12.845386505126953,-1.0,0.00024313254107255489,0.0,DQN_RND,0.001,0.99,mountaincar,dense
7,632,-200.0,200,14.67955493927002,-1.0,0.0003677884815260768,0.0,DQN_RND,0.001,0.99,mountaincar,dense
7,633,-200.0,200,11.104649543762207,-1.0,0.0001335965789621696,0.0,DQN_RND,0.001,0.99,mountaincar,dense
7,634,-200.0,200,7.760176658630371,-1.0,0.00015644570521544665,0.0,DQN_RND,0.001,0.99,mountaincar,dense
7,635,-200.0,200,16.939817428588867,-1.0,0.0003953013801947236,0.0,DQN_RND,0.001,0.99,mountaincar,dense
7,636,-200.0,200,6.00063419342041,-1.0,0.0004269317432772368,0.0,DQN_RND,0.001,0.99,mountaincar,dense
7,637,-200.0,200,16.599102020263672,-1.0,0.0002965761814266443,0.0,DQN_RND,0.001,0.99,mountaincar,dense
7,638,-200.0,200,26.92531967163086,-1.0,0.00015208263357635587,0.0,DQN_RND,0.001,0.99,mountaincar,dense
7,639,-200.0,200,11.381490707397461,-1.0,0.00016129501454997808,0.0,DQN_RND,0.001,0.99,mountaincar,dense
7,640,-200.0,200,8.318825721740723,-1.0,0.00012738595250993967,0.0,DQN_RND,0.001,0.99,mountaincar,dense
7,641,-200.0,200,2.858232021331787,-1.0,0.000400752091081813,0.0,DQN_RND,0.001,0.99,mountaincar,dense
7,642,-200.0,200,5.760836601257324,-1.0,0.00040629878640174866,0.0,DQN_RND,0.001,0.99,mountaincar,dense
7,643,-200.0,200,16.42855453491211,-1.0,0.00014089640171732754,0.0,DQN_RND,0.001,0.99,mountaincar,dense
7,644,-200.0,200,13.274251937866211,-1.0,0.00016806559870019555,0.0,DQN_RND,0.001,0.99,mountaincar,dense
7,645,-200.0,200,22.202253341674805,-1.0,0.00013299615238793194,0.0,DQN_RND,0.001,0.99,mountaincar,dense
7,646,-200.0,200,21.288467407226562,-1.0,0.00039771522278897464,0.0,DQN_RND,0.001,0.99,mountaincar,dense
7,647,-200.0,200,14.869277954101562,-1.0,0.00012945478374604136,0.0,DQN_RND,0.001,0.99,mountaincar,dense
7,648,-200.0,200,17.977510452270508,-1.0,0.00011813334276666865,0.0,DQN_RND,0.001,0.99,mountaincar,dense
7,649,-200.0,200,22.858779907226562,-1.0,0.0002625295892357826,0.0,DQN_RND,0.001,0.99,mountaincar,dense
7,650,-200.0,200,21.436710357666016,-1.0,0.0004142334219068289,0.0,DQN_RND,0.001,0.99,mountaincar,dense
7,651,-200.0,200,7.344895362854004,-1.0,0.00015103323676157743,0.0,DQN_RND,0.001,0.99,mountaincar,dense
7,652,-200.0,200,8.03049087524414,-1.0,0.00014061288675293326,0.0,DQN_RND,0.001,0.99,mountaincar,dense
7,653,-200.0,200,11.199636459350586,-1.0,0.00013984293036628515,0.0,DQN_RND,0.001,0.99,mountaincar,dense
7,654,-200.0,200,25.440013885498047,-1.0,0.00014631306112278253,0.0,DQN_RND,0.001,0.99,mountaincar,dense
7,655,-200.0,200,7.968048572540283,-1.0,0.0003695540362969041,0.0,DQN_RND,0.001,0.99,mountaincar,dense
7,656,-200.0,200,8.379536628723145,-1.0,0.0001264167221961543,0.0,DQN_RND,0.001,0.99,mountaincar,dense
7,657,-200.0,200,18.2431697845459,-1.0,0.00038780004251748323,0.0,DQN_RND,0.001,0.99,mountaincar,dense
7,658,-200.0,200,11.037933349609375,-1.0,0.0001411395351169631,0.0,DQN_RND,0.001,0.99,mountaincar,dense
7,659,-200.0,200,15.415437698364258,-1.0,0.00013740418944507837,0.0,DQN_RND,0.001,0.99,mountaincar,dense
7,660,-200.0,200,14.308805465698242,-1.0,0.0004122359969187528,0.0,DQN_RND,0.001,0.99,mountaincar,dense
7,661,-200.0,200,11.002609252929688,-1.0,0.0004483353695832193,0.0,DQN_RND,0.001,0.99,mountaincar,dense
7,662,-200.0,200,19.18915557861328,-1.0,0.00039257382741197944,0.0,DQN_RND,0.001,0.99,mountaincar,dense
7,663,-200.0,200,24.566743850708008,-1.0,0.000430093496106565,0.0,DQN_RND,0.001,0.99,mountaincar,dense
7,664,-200.0,200,8.351797103881836,-1.0,0.0003183436347171664,0.0,DQN_RND,0.001,0.99,mountaincar,dense
7,665,-200.0,200,18.1549129486084,-1.0,0.000245633942540735,0.0,DQN_RND,0.001,0.99,mountaincar,dense
7,666,-200.0,200,10.74438190460205,-1.0,0.0001388643286190927,0.0,DQN_RND,0.001,0.99,mountaincar,dense
7,667,-200.0,200,5.931458473205566,-1.0,0.00011897536751348525,0.0,DQN_RND,0.001,0.99,mountaincar,dense
7,668,-200.0,200,25.72986602783203,-1.0,0.0004838499007746577,0.0,DQN_RND,0.001,0.99,mountaincar,dense
7,669,-200.0,200,8.190762519836426,-1.0,0.0004344023182056844,0.0,DQN_RND,0.001,0.99,mountaincar,dense
7,670,-200.0,200,15.296006202697754,-1.0,0.00024738346110098064,0.0,DQN_RND,0.001,0.99,mountaincar,dense
7,671,-200.0,200,13.948657989501953,-1.0,0.00031128645059652627,0.0,DQN_RND,0.001,0.99,mountaincar,dense
7,672,-200.0,200,13.772175788879395,-1.0,0.00023017734929453582,0.0,DQN_RND,0.001,0.99,mountaincar,dense
7,673,-200.0,200,23.896350860595703,-1.0,0.00013257359387353063,0.0,DQN_RND,0.001,0.99,mountaincar,dense
7,674,-200.0,200,22.24216079711914,-1.0,0.0003870699438266456,0.0,DQN_RND,0.001,0.99,mountaincar,dense
7,675,-200.0,200,2.8954782485961914,-1.0,0.00037339827395044267,0.0,DQN_RND,0.001,0.99,mountaincar,dense
7,676,-200.0,200,7.968740463256836,-1.0,0.0003730153548531234,0.0,DQN_RND,0.001,0.99,mountaincar,dense
7,677,-200.0,200,4.625448226928711,-1.0,0.00022798898862674832,0.0,DQN_RND,0.001,0.99,mountaincar,dense
7,678,-200.0,200,27.730743408203125,-1.0,0.0004518866480793804,0.0,DQN_RND,0.001,0.99,mountaincar,dense
7,679,-200.0,200,8.157306671142578,-1.0,0.00023794869775883853,0.0,DQN_RND,0.001,0.99,mountaincar,dense
7,680,-200.0,200,21.607107162475586,-1.0,0.0002398632059339434,0.0,DQN_RND,0.001,0.99,mountaincar,dense
7,681,-200.0,200,9.053552627563477,-1.0,0.00012067877105437219,0.0,DQN_RND,0.001,0.99,mountaincar,dense
7,682,-200.0,200,21.337160110473633,-1.0,0.00011591759539442137,0.0,DQN_RND,0.001,0.99,mountaincar,dense
7,683,-200.0,200,22.870742797851562,-1.0,0.0001322617317782715,0.0,DQN_RND,0.001,0.99,mountaincar,dense
7,684,-200.0,200,15.739553451538086,-1.0,0.00023400006466545165,0.0,DQN_RND,0.001,0.99,mountaincar,dense
7,685,-200.0,200,27.377988815307617,-1.0,0.0002227293880423531,0.0,DQN_RND,0.001,0.99,mountaincar,dense
7,686,-200.0,200,19.030305862426758,-1.0,0.00022717674437444657,0.0,DQN_RND,0.001,0.99,mountaincar,dense
7,687,-200.0,200,10.860447883605957,-1.0,0.0001171107724076137,0.0,DQN_RND,0.001,0.99,mountaincar,dense
7,688,-200.0,200,5.2376604080200195,-1.0,0.00022323359735310078,0.0,DQN_RND,0.001,0.99,mountaincar,dense
7,689,-200.0,200,2.340222120285034,-1.0,0.0004329695366322994,0.0,DQN_RND,0.001,0.99,mountaincar,dense
7,690,-200.0,200,7.407388210296631,-1.0,0.00014409437426365912,0.0,DQN_RND,0.001,0.99,mountaincar,dense
7,691,-200.0,200,20.970550537109375,-1.0,0.00011898917728103697,0.0,DQN_RND,0.001,0.99,mountaincar,dense
7,692,-200.0,200,10.639860153198242,-1.0,0.00012857264664489776,0.0,DQN_RND,0.001,0.99,mountaincar,dense
7,693,-200.0,200,11.081121444702148,-1.0,0.00012346301809884608,0.0,DQN_RND,0.001,0.99,mountaincar,dense
7,694,-200.0,200,11.461321830749512,-1.0,0.00021344679407775402,0.0,DQN_RND,0.001,0.99,mountaincar,dense
7,695,-200.0,200,21.764968872070312,-1.0,0.00022130024444777519,0.0,DQN_RND,0.001,0.99,mountaincar,dense
7,696,-200.0,200,9.954378128051758,-1.0,0.00034663526457734406,0.0,DQN_RND,0.001,0.99,mountaincar,dense
7,697,-200.0,200,23.326303482055664,-1.0,0.00038752134423702955,0.0,DQN_RND,0.001,0.99,mountaincar,dense
7,698,-200.0,200,23.23282241821289,-1.0,0.00045429629972204566,0.0,DQN_RND,0.001,0.99,mountaincar,dense
7,699,-200.0,200,16.00235366821289,-1.0,0.00012530093954410404,0.0,DQN_RND,0.001,0.99,mountaincar,dense
7,700,-200.0,200,5.254044532775879,-1.0,0.00022093253210186958,0.0,DQN_RND,0.001,0.99,mountaincar,dense
7,701,-200.0,200,15.164246559143066,-1.0,0.0002182486787205562,0.0,DQN_RND,0.001,0.99,mountaincar,dense
7,702,-200.0,200,11.378981590270996,-1.0,0.000228030578000471,0.0,DQN_RND,0.001,0.99,mountaincar,dense
7,703,-200.0,200,7.835939407348633,-1.0,0.00021398835815489292,0.0,DQN_RND,0.001,0.99,mountaincar,dense
7,704,-200.0,200,9.601214408874512,-1.0,0.00015235773753374815,0.0,DQN_RND,0.001,0.99,mountaincar,dense
7,705,-200.0,200,11.566314697265625,-1.0,0.00021605947404168546,0.0,DQN_RND,0.001,0.99,mountaincar,dense
7,706,-200.0,200,17.425718307495117,-1.0,0.0003400673740543425,0.0,DQN_RND,0.001,0.99,mountaincar,dense
7,707,-200.0,200,15.96048641204834,-1.0,0.00033800199162214994,0.0,DQN_RND,0.001,0.99,mountaincar,dense
7,708,-200.0,200,20.210176467895508,-1.0,0.00022465744405053556,0.0,DQN_RND,0.001,0.99,mountaincar,dense
7,709,-200.0,200,10.388751029968262,-1.0,0.0001219615587615408,0.0,DQN_RND,0.001,0.99,mountaincar,dense
7,710,-200.0,200,24.087738037109375,-1.0,0.00024832977214828134,0.0,DQN_RND,0.001,0.99,mountaincar,dense
7,711,-200.0,200,5.770937919616699,-1.0,0.00020554692309815437,0.0,DQN_RND,0.001,0.99,mountaincar,dense
7,712,-200.0,200,13.433085441589355,-1.0,0.00020596613467205316,0.0,DQN_RND,0.001,0.99,mountaincar,dense
7,713,-200.0,200,18.85968780517578,-1.0,0.00021635935991071165,0.0,DQN_RND,0.001,0.99,mountaincar,dense
7,714,-200.0,200,13.196929931640625,-1.0,0.00010766404739115387,0.0,DQN_RND,0.001,0.99,mountaincar,dense
7,715,-200.0,200,17.444137573242188,-1.0,0.000431247113738209,0.0,DQN_RND,0.001,0.99,mountaincar,dense
7,716,-200.0,200,12.304786682128906,-1.0,0.0003795254451688379,0.0,DQN_RND,0.001,0.99,mountaincar,dense
7,717,-200.0,200,10.571629524230957,-1.0,0.00010422532795928419,0.0,DQN_RND,0.001,0.99,mountaincar,dense
7,718,-200.0,200,14.58932113647461,-1.0,0.00012396255624480546,0.0,DQN_RND,0.001,0.99,mountaincar,dense
7,719,-200.0,200,12.837347030639648,-1.0,0.00040476187132298946,0.0,DQN_RND,0.001,0.99,mountaincar,dense
7,720,-200.0,200,13.133082389831543,-1.0,0.0002252412523375824,0.0,DQN_RND,0.001,0.99,mountaincar,dense
7,721,-200.0,200,12.927640914916992,-1.0,0.00010666069283615798,0.0,DQN_RND,0.001,0.99,mountaincar,dense
7,722,-200.0,200,17.778520584106445,-1.0,0.00010792479588417336,0.0,DQN_RND,0.001,0.99,mountaincar,dense
7,723,-200.0,200,10.853020668029785,-1.0,0.0001064921889337711,0.0,DQN_RND,0.001,0.99,mountaincar,dense
7,724,-200.0,200,17.41646385192871,-1.0,0.0002529541670810431,0.0,DQN_RND,0.001,0.99,mountaincar,dense
7,725,-200.0,200,8.502037048339844,-1.0,0.0004339388688094914,0.0,DQN_RND,0.001,0.99,mountaincar,dense
7,726,-200.0,200,13.498165130615234,-1.0,0.00011390285362722352,0.0,DQN_RND,0.001,0.99,mountaincar,dense
7,727,-200.0,200,12.072286605834961,-1.0,0.0003859136195387691,0.0,DQN_RND,0.001,0.99,mountaincar,dense
7,728,-200.0,200,29.629425048828125,-1.0,0.00011081694538006559,0.0,DQN_RND,0.001,0.99,mountaincar,dense
7,729,-200.0,200,29.172866821289062,-1.0,0.00037742560380138457,0.0,DQN_RND,0.001,0.99,mountaincar,dense
7,730,-200.0,200,24.81939125061035,-1.0,0.0003501750761643052,0.0,DQN_RND,0.001,0.99,mountaincar,dense
7,731,-200.0,200,23.12995147705078,-1.0,0.00038003656663931906,0.0,DQN_RND,0.001,0.99,mountaincar,dense
7,732,-200.0,200,12.710037231445312,-1.0,0.0002614012046251446,0.0,DQN_RND,0.001,0.99,mountaincar,dense
7,733,-200.0,200,4.2517547607421875,-1.0,0.00046913273399695754,0.0,DQN_RND,0.001,0.99,mountaincar,dense
7,734,-200.0,200,14.261282920837402,-1.0,0.00011906411236850545,0.0,DQN_RND,0.001,0.99,mountaincar,dense
7,735,-200.0,200,9.070878982543945,-1.0,9.608601249055937e-05,0.0,DQN_RND,0.001,0.99,mountaincar,dense
7,736,-200.0,200,11.999405860900879,-1.0,0.00021330434537958354,0.0,DQN_RND,0.001,0.99,mountaincar,dense
7,737,-200.0,200,9.995475769042969,-1.0,0.00010512270091567189,0.0,DQN_RND,0.001,0.99,mountaincar,dense
7,738,-200.0,200,12.438443183898926,-1.0,0.00010562167881289497,0.0,DQN_RND,0.001,0.99,mountaincar,dense
7,739,-200.0,200,17.712772369384766,-1.0,0.00019905298540834337,0.0,DQN_RND,0.001,0.99,mountaincar,dense
7,740,-200.0,200,14.98705768585205,-1.0,0.0004121502861380577,0.0,DQN_RND,0.001,0.99,mountaincar,dense
7,741,-200.0,200,7.976370811462402,-1.0,0.00012576646986417472,0.0,DQN_RND,0.001,0.99,mountaincar,dense
7,742,-200.0,200,8.972305297851562,-1.0,0.000425771955633536,0.0,DQN_RND,0.001,0.99,mountaincar,dense
7,743,-200.0,200,18.125747680664062,-1.0,0.00021174213907215744,0.0,DQN_RND,0.001,0.99,mountaincar,dense
7,744,-200.0,200,2.4720494747161865,-1.0,0.00023256339773070067,0.0,DQN_RND,0.001,0.99,mountaincar,dense
7,745,-200.0,200,9.92076301574707,-1.0,0.0001147883667727001,0.0,DQN_RND,0.001,0.99,mountaincar,dense
7,746,-200.0,200,20.07145118713379,-1.0,0.00020992841746192425,0.0,DQN_RND,0.001,0.99,mountaincar,dense
7,747,-200.0,200,19.09330177307129,-1.0,9.95664086076431e-05,0.0,DQN_RND,0.001,0.99,mountaincar,dense
7,748,-200.0,200,12.933542251586914,-1.0,0.00021792466577608138,0.0,DQN_RND,0.001,0.99,mountaincar,dense
7,749,-200.0,200,19.67853546142578,-1.0,0.00010450975969433784,0.0,DQN_RND,0.001,0.99,mountaincar,dense
7,750,-200.0,200,9.797053337097168,-1.0,9.665494872024283e-05,0.0,DQN_RND,0.001,0.99,mountaincar,dense
7,751,-200.0,200,22.46870994567871,-1.0,0.00037736084777861834,0.0,DQN_RND,0.001,0.99,mountaincar,dense
7,752,-200.0,200,5.2313432693481445,-1.0,9.905628394335508e-05,0.0,DQN_RND,0.001,0.99,mountaincar,dense
7,753,-200.0,200,12.461954116821289,-1.0,0.00010455412848386914,0.0,DQN_RND,0.001,0.99,mountaincar,dense
7,754,-200.0,200,12.05567741394043,-1.0,0.00040761279524303973,0.0,DQN_RND,0.001,0.99,mountaincar,dense
7,755,-200.0,200,15.44102954864502,-1.0,9.196349128615111e-05,0.0,DQN_RND,0.001,0.99,mountaincar,dense
7,756,-200.0,200,19.309364318847656,-1.0,0.00040834597893990576,0.0,DQN_RND,0.001,0.99,mountaincar,dense
7,757,-200.0,200,9.786635398864746,-1.0,9.550367394695058e-05,0.0,DQN_RND,0.001,0.99,mountaincar,dense
7,758,-200.0,200,3.036451816558838,-1.0,0.00010824642959050834,0.0,DQN_RND,0.001,0.99,mountaincar,dense
7,759,-200.0,200,20.35172462463379,-1.0,0.00022359481954481453,0.0,DQN_RND,0.001,0.99,mountaincar,dense
7,760,-200.0,200,17.389253616333008,-1.0,9.59745011641644e-05,0.0,DQN_RND,0.001,0.99,mountaincar,dense
7,761,-200.0,200,10.440377235412598,-1.0,0.00041009142296388745,0.0,DQN_RND,0.001,0.99,mountaincar,dense
7,762,-200.0,200,22.4017276763916,-1.0,0.00020501310063991696,0.0,DQN_RND,0.001,0.99,mountaincar,dense
7,763,-200.0,200,19.732454299926758,-1.0,0.00011206977069377899,0.0,DQN_RND,0.001,0.99,mountaincar,dense
7,764,-200.0,200,4.666941165924072,-1.0,0.0002103822771459818,0.0,DQN_RND,0.001,0.99,mountaincar,dense
7,765,-200.0,200,11.39421272277832,-1.0,0.00020342995412647724,0.0,DQN_RND,0.001,0.99,mountaincar,dense
7,766,-200.0,200,7.738616943359375,-1.0,0.0003853572125080973,0.0,DQN_RND,0.001,0.99,mountaincar,dense
7,767,-200.0,200,26.055801391601562,-1.0,0.0004467772087082267,0.0,DQN_RND,0.001,0.99,mountaincar,dense
7,768,-200.0,200,12.680195808410645,-1.0,0.0003644402895588428,0.0,DQN_RND,0.001,0.99,mountaincar,dense
7,769,-200.0,200,12.900362014770508,-1.0,0.0004678250406868756,0.0,DQN_RND,0.001,0.99,mountaincar,dense
7,770,-200.0,200,14.759913444519043,-1.0,0.00037678968510590494,0.0,DQN_RND,0.001,0.99,mountaincar,dense
7,771,-200.0,200,17.41354751586914,-1.0,9.215946920448914e-05,0.0,DQN_RND,0.001,0.99,mountaincar,dense
7,772,-200.0,200,11.390090942382812,-1.0,0.00010045269300462678,0.0,DQN_RND,0.001,0.99,mountaincar,dense
7,773,-200.0,200,17.864686965942383,-1.0,0.00020150795171502978,0.0,DQN_RND,0.001,0.99,mountaincar,dense
7,774,-200.0,200,7.004630088806152,-1.0,0.00021170567197259516,0.0,DQN_RND,0.001,0.99,mountaincar,dense
7,775,-200.0,200,10.231148719787598,-1.0,0.00022020030883140862,0.0,DQN_RND,0.001,0.99,mountaincar,dense
7,776,-200.0,200,22.125394821166992,-1.0,0.00019291025819256902,0.0,DQN_RND,0.001,0.99,mountaincar,dense
7,777,-200.0,200,14.83462905883789,-1.0,0.0001059278947650455,0.0,DQN_RND,0.001,0.99,mountaincar,dense
7,778,-200.0,200,5.214216709136963,-1.0,0.00021082903549540788,0.0,DQN_RND,0.001,0.99,mountaincar,dense
7,779,-200.0,200,4.429657936096191,-1.0,9.423714072909206e-05,0.0,DQN_RND,0.001,0.99,mountaincar,dense
7,780,-200.0,200,12.551901817321777,-1.0,0.00011082503624493256,0.0,DQN_RND,0.001,0.99,mountaincar,dense
7,781,-200.0,200,13.013181686401367,-1.0,9.989846148528159e-05,0.0,DQN_RND,0.001,0.99,mountaincar,dense
7,782,-200.0,200,3.314739227294922,-1.0,0.00037582142977043986,0.0,DQN_RND,0.001,0.99,mountaincar,dense
7,783,-200.0,200,4.697331428527832,-1.0,0.00045135742402635515,0.0,DQN_RND,0.001,0.99,mountaincar,dense
7,784,-200.0,200,18.892316818237305,-1.0,0.00010081374057335779,0.0,DQN_RND,0.001,0.99,mountaincar,dense
7,785,-200.0,200,11.431697845458984,-1.0,0.00010086628026328981,0.0,DQN_RND,0.001,0.99,mountaincar,dense
7,786,-200.0,200,19.174678802490234,-1.0,0.00010333867248846218,0.0,DQN_RND,0.001,0.99,mountaincar,dense
7,787,-200.0,200,2.716805934906006,-1.0,0.0003707483410835266,0.0,DQN_RND,0.001,0.99,mountaincar,dense
7,788,-200.0,200,14.460740089416504,-1.0,0.0004172524786554277,0.0,DQN_RND,0.001,0.99,mountaincar,dense
7,789,-200.0,200,23.444374084472656,-1.0,9.342472912976518e-05,0.0,DQN_RND,0.001,0.99,mountaincar,dense
7,790,-200.0,200,5.746368885040283,-1.0,9.363800927530974e-05,0.0,DQN_RND,0.001,0.99,mountaincar,dense
7,791,-200.0,200,18.65217399597168,-1.0,0.0003450201475061476,0.0,DQN_RND,0.001,0.99,mountaincar,dense
7,792,-200.0,200,19.754384994506836,-1.0,8.572882506996393e-05,0.0,DQN_RND,0.001,0.99,mountaincar,dense
7,793,-200.0,200,23.648906707763672,-1.0,0.00041083915857598186,0.0,DQN_RND,0.001,0.99,mountaincar,dense
7,794,-200.0,200,19.353023529052734,-1.0,0.0004076046170666814,0.0,DQN_RND,0.001,0.99,mountaincar,dense
7,795,-200.0,200,17.843828201293945,-1.0,0.00042291823774576187,0.0,DQN_RND,0.001,0.99,mountaincar,dense
7,796,-200.0,200,12.718730926513672,-1.0,0.00022948520199861377,0.0,DQN_RND,0.001,0.99,mountaincar,dense
7,797,-200.0,200,2.808800220489502,-1.0,9.960927854990587e-05,0.0,DQN_RND,0.001,0.99,mountaincar,dense
7,798,-200.0,200,21.24563980102539,-1.0,0.00021028678747825325,0.0,DQN_RND,0.001,0.99,mountaincar,dense
7,799,-200.0,200,15.679079055786133,-1.0,0.0003794166841544211,0.0,DQN_RND,0.001,0.99,mountaincar,dense
7,800,-200.0,200,10.22723388671875,-1.0,0.00019295488891657442,0.0,DQN_RND,0.001,0.99,mountaincar,dense
7,801,-200.0,200,10.49749755859375,-1.0,0.0003731476899702102,0.0,DQN_RND,0.001,0.99,mountaincar,dense
7,802,-200.0,200,4.710226058959961,-1.0,0.00018340512178838253,0.0,DQN_RND,0.001,0.99,mountaincar,dense
7,803,-200.0,200,13.706878662109375,-1.0,0.00046212287270464003,0.0,DQN_RND,0.001,0.99,mountaincar,dense
7,804,-200.0,200,13.07526683807373,-1.0,0.0003485066117718816,0.0,DQN_RND,0.001,0.99,mountaincar,dense
7,805,-200.0,200,18.918025970458984,-1.0,0.00010573924373602495,0.0,DQN_RND,0.001,0.99,mountaincar,dense
7,806,-200.0,200,12.589460372924805,-1.0,0.00035793293500319123,0.0,DQN_RND,0.001,0.99,mountaincar,dense
7,807,-200.0,200,13.618258476257324,-1.0,8.996795804705471e-05,0.0,DQN_RND,0.001,0.99,mountaincar,dense
7,808,-200.0,200,14.203577041625977,-1.0,0.0003836645046249032,0.0,DQN_RND,0.001,0.99,mountaincar,dense
7,809,-200.0,200,26.783809661865234,-1.0,8.477976371068507e-05,0.0,DQN_RND,0.001,0.99,mountaincar,dense
7,810,-200.0,200,12.931170463562012,-1.0,0.00010397149162599817,0.0,DQN_RND,0.001,0.99,mountaincar,dense
7,811,-200.0,200,21.324663162231445,-1.0,0.0001098061038646847,0.0,DQN_RND,0.001,0.99,mountaincar,dense
7,812,-200.0,200,7.555915832519531,-1.0,0.0001986084971576929,0.0,DQN_RND,0.001,0.99,mountaincar,dense
7,813,-200.0,200,22.795745849609375,-1.0,0.00020626658806577325,0.0,DQN_RND,0.001,0.99,mountaincar,dense
7,814,-200.0,200,15.356616020202637,-1.0,0.00020569784101098776,0.0,DQN_RND,0.001,0.99,mountaincar,dense
7,815,-200.0,200,13.212501525878906,-1.0,0.0001996935170609504,0.0,DQN_RND,0.001,0.99,mountaincar,dense
7,816,-200.0,200,15.842126846313477,-1.0,0.00045803681132383645,0.0,DQN_RND,0.001,0.99,mountaincar,dense
7,817,-200.0,200,6.973544120788574,-1.0,8.15845633042045e-05,0.0,DQN_RND,0.001,0.99,mountaincar,dense
7,818,-200.0,200,12.013538360595703,-1.0,8.188058563973755e-05,0.0,DQN_RND,0.001,0.99,mountaincar,dense
7,819,-200.0,200,7.522473335266113,-1.0,0.00021859593107365072,0.0,DQN_RND,0.001,0.99,mountaincar,dense
7,820,-200.0,200,16.155366897583008,-1.0,0.00019140171934850514,0.0,DQN_RND,0.001,0.99,mountaincar,dense
7,821,-200.0,200,7.7171502113342285,-1.0,0.00037476347642950714,0.0,DQN_RND,0.001,0.99,mountaincar,dense
7,822,-200.0,200,2.763925552368164,-1.0,0.00018335256027057767,0.0,DQN_RND,0.001,0.99,mountaincar,dense
7,823,-200.0,200,14.415719032287598,-1.0,0.0004055543104186654,0.0,DQN_RND,0.001,0.99,mountaincar,dense
7,824,-200.0,200,7.131779193878174,-1.0,0.00018970582459587604,0.0,DQN_RND,0.001,0.99,mountaincar,dense
7,825,-200.0,200,11.756378173828125,-1.0,7.309346983674914e-05,0.0,DQN_RND,0.001,0.99,mountaincar,dense
7,826,-200.0,200,14.933384895324707,-1.0,7.54780339775607e-05,0.0,DQN_RND,0.001,0.99,mountaincar,dense
7,827,-200.0,200,7.626797199249268,-1.0,0.0003958782472182065,0.0,DQN_RND,0.001,0.99,mountaincar,dense
7,828,-200.0,200,19.119766235351562,-1.0,9.691098239272833e-05,0.0,DQN_RND,0.001,0.99,mountaincar,dense
7,829,-200.0,200,7.422776699066162,-1.0,9.021846199175343e-05,0.0,DQN_RND,0.001,0.99,mountaincar,dense
7,830,-200.0,200,7.566751003265381,-1.0,8.283652277896181e-05,0.0,DQN_RND,0.001,0.99,mountaincar,dense
7,831,-200.0,200,5.4921088218688965,-1.0,0.00040256473585031927,0.0,DQN_RND,0.001,0.99,mountaincar,dense
7,832,-200.0,200,13.701850891113281,-1.0,0.0003946445358451456,0.0,DQN_RND,0.001,0.99,mountaincar,dense
7,833,-200.0,200,14.983810424804688,-1.0,0.000346022832673043,0.0,DQN_RND,0.001,0.99,mountaincar,dense
7,834,-200.0,200,16.053388595581055,-1.0,0.00018492522940505296,0.0,DQN_RND,0.001,0.99,mountaincar,dense
7,835,-200.0,200,5.321313858032227,-1.0,0.0004743736644741148,0.0,DQN_RND,0.001,0.99,mountaincar,dense
7,836,-200.0,200,10.347709655761719,-1.0,0.0001808927918318659,0.0,DQN_RND,0.001,0.99,mountaincar,dense
7,837,-200.0,200,18.967525482177734,-1.0,0.0004490150895435363,0.0,DQN_RND,0.001,0.99,mountaincar,dense
7,838,-200.0,200,10.97195816040039,-1.0,0.00019536766922101378,0.0,DQN_RND,0.001,0.99,mountaincar,dense
7,839,-200.0,200,7.673243522644043,-1.0,0.00038408261025324464,0.0,DQN_RND,0.001,0.99,mountaincar,dense
7,840,-200.0,200,10.608691215515137,-1.0,0.00019606412388384342,0.0,DQN_RND,0.001,0.99,mountaincar,dense
7,841,-200.0,200,14.939249038696289,-1.0,8.40838547446765e-05,0.0,DQN_RND,0.001,0.99,mountaincar,dense
7,842,-200.0,200,12.937163352966309,-1.0,0.00018949895456898957,0.0,DQN_RND,0.001,0.99,mountaincar,dense
7,843,-200.0,200,17.48708152770996,-1.0,0.00020149516058154404,0.0,DQN_RND,0.001,0.99,mountaincar,dense
7,844,-200.0,200,12.146526336669922,-1.0,0.0001089764991775155,0.0,DQN_RND,0.001,0.99,mountaincar,dense
7,845,-200.0,200,7.368213653564453,-1.0,0.00020053125626873225,0.0,DQN_RND,0.001,0.99,mountaincar,dense
7,846,-200.0,200,11.284538269042969,-1.0,0.00018865690799430013,0.0,DQN_RND,0.001,0.99,mountaincar,dense
7,847,-200.0,200,12.948034286499023,-1.0,8.030705066630617e-05,0.0,DQN_RND,0.001,0.99,mountaincar,dense
7,848,-200.0,200,8.633675575256348,-1.0,0.0003745872527360916,0.0,DQN_RND,0.001,0.99,mountaincar,dense
7,849,-200.0,200,12.259990692138672,-1.0,6.908459181431681e-05,0.0,DQN_RND,0.001,0.99,mountaincar,dense
7,850,-200.0,200,17.124805450439453,-1.0,9.093546395888552e-05,0.0,DQN_RND,0.001,0.99,mountaincar,dense
7,851,-200.0,200,7.983341693878174,-1.0,7.122595707187429e-05,0.0,DQN_RND,0.001,0.99,mountaincar,dense
7,852,-200.0,200,10.848363876342773,-1.0,0.000352954346453771,0.0,DQN_RND,0.001,0.99,mountaincar,dense
7,853,-200.0,200,4.8470845222473145,-1.0,0.00035764253698289394,0.0,DQN_RND,0.001,0.99,mountaincar,dense
7,854,-200.0,200,12.438261985778809,-1.0,7.910621206974611e-05,0.0,DQN_RND,0.001,0.99,mountaincar,dense
7,855,-200.0,200,15.003630638122559,-1.0,0.00017489561287220567,0.0,DQN_RND,0.001,0.99,mountaincar,dense
7,856,-200.0,200,7.263374328613281,-1.0,7.524507236666977e-05,0.0,DQN_RND,0.001,0.99,mountaincar,dense
7,857,-200.0,200,17.639829635620117,-1.0,0.00010431266127852723,0.0,DQN_RND,0.001,0.99,mountaincar,dense
7,858,-200.0,200,2.6511144638061523,-1.0,0.00018112601537723094,0.0,DQN_RND,0.001,0.99,mountaincar,dense
7,859,-200.0,200,7.933696269989014,-1.0,0.0001810235989978537,0.0,DQN_RND,0.001,0.99,mountaincar,dense
7,860,-200.0,200,16.175703048706055,-1.0,0.00017687705985736102,0.0,DQN_RND,0.001,0.99,mountaincar,dense
7,861,-200.0,200,7.812004566192627,-1.0,0.0003536473959684372,0.0,DQN_RND,0.001,0.99,mountaincar,dense
7,862,-200.0,200,7.608195781707764,-1.0,0.0003858681011479348,0.0,DQN_RND,0.001,0.99,mountaincar,dense
7,863,-200.0,200,10.35626220703125,-1.0,0.00020950949692633003,0.0,DQN_RND,0.001,0.99,mountaincar,dense
7,864,-200.0,200,18.775360107421875,-1.0,0.00018160816398449242,0.0,DQN_RND,0.001,0.99,mountaincar,dense
7,865,-200.0,200,13.244810104370117,-1.0,0.00037186851841397583,0.0,DQN_RND,0.001,0.99,mountaincar,dense
7,866,-200.0,200,12.643195152282715,-1.0,0.0004310825024731457,0.0,DQN_RND,0.001,0.99,mountaincar,dense
7,867,-200.0,200,18.197534561157227,-1.0,0.00035864862729795277,0.0,DQN_RND,0.001,0.99,mountaincar,dense
7,868,-200.0,200,12.921936988830566,-1.0,0.00037617061752825975,0.0,DQN_RND,0.001,0.99,mountaincar,dense
7,869,-200.0,200,17.99583625793457,-1.0,0.00017782581562642008,0.0,DQN_RND,0.001,0.99,mountaincar,dense
7,870,-200.0,200,5.08646297454834,-1.0,8.96802157512866e-05,0.0,DQN_RND,0.001,0.99,mountaincar,dense
7,871,-200.0,200,13.931126594543457,-1.0,7.771915261400864e-05,0.0,DQN_RND,0.001,0.99,mountaincar,dense
7,872,-200.0,200,7.933384418487549,-1.0,0.00018603583157528192,0.0,DQN_RND,0.001,0.99,mountaincar,dense
7,873,-200.0,200,22.9003963470459,-1.0,0.0004826111253350973,0.0,DQN_RND,0.001,0.99,mountaincar,dense
7,874,-200.0,200,12.447256088256836,-1.0,5.972054714220576e-05,0.0,DQN_RND,0.001,0.99,mountaincar,dense
7,875,-200.0,200,26.790124893188477,-1.0,7.439014734700322e-05,0.0,DQN_RND,0.001,0.99,mountaincar,dense
7,876,-200.0,200,5.741019248962402,-1.0,0.00018441090651322156,0.0,DQN_RND,0.001,0.99,mountaincar,dense
7,877,-200.0,200,18.314620971679688,-1.0,0.00020201863662805408,0.0,DQN_RND,0.001,0.99,mountaincar,dense
7,878,-200.0,200,9.968463897705078,-1.0,0.00017167531768791378,0.0,DQN_RND,0.001,0.99,mountaincar,dense
7,879,-200.0,200,18.918025970458984,-1.0,8.851107122609392e-05,0.0,DQN_RND,0.001,0.99,mountaincar,dense
7,880,-200.0,200,16.480783462524414,-1.0,0.00017541873967275023,0.0,DQN_RND,0.001,0.99,mountaincar,dense
7,881,-200.0,200,15.620305061340332,-1.0,6.642236985499039e-05,0.0,DQN_RND,0.001,0.99,mountaincar,dense
7,882,-200.0,200,8.928709030151367,-1.0,0.00041081264498643577,0.0,DQN_RND,0.001,0.99,mountaincar,dense
7,883,-200.0,200,18.78167152404785,-1.0,0.0004297873529139906,0.0,DQN_RND,0.001,0.99,mountaincar,dense
7,884,-200.0,200,7.765519142150879,-1.0,0.0004255883686710149,0.0,DQN_RND,0.001,0.99,mountaincar,dense
7,885,-200.0,200,21.558292388916016,-1.0,7.978773646755144e-05,0.0,DQN_RND,0.001,0.99,mountaincar,dense
7,886,-200.0,200,25.386241912841797,-1.0,0.0004020973283331841,0.0,DQN_RND,0.001,0.99,mountaincar,dense
7,887,-200.0,200,18.480985641479492,-1.0,0.00017596707039047033,0.0,DQN_RND,0.001,0.99,mountaincar,dense
7,888,-200.0,200,12.619046211242676,-1.0,0.0003958430315833539,0.0,DQN_RND,0.001,0.99,mountaincar,dense
7,889,-200.0,200,5.375056743621826,-1.0,7.23560297046788e-05,0.0,DQN_RND,0.001,0.99,mountaincar,dense
7,890,-200.0,200,13.509034156799316,-1.0,5.79654224566184e-05,0.0,DQN_RND,0.001,0.99,mountaincar,dense
7,891,-200.0,200,10.694631576538086,-1.0,0.00041175648220814764,0.0,DQN_RND,0.001,0.99,mountaincar,dense
7,892,-200.0,200,16.690641403198242,-1.0,9.542921179672703e-05,0.0,DQN_RND,0.001,0.99,mountaincar,dense
7,893,-200.0,200,10.302074432373047,-1.0,0.00034522483474574983,0.0,DQN_RND,0.001,0.99,mountaincar,dense
7,894,-200.0,200,17.781858444213867,-1.0,0.00019206939032301307,0.0,DQN_RND,0.001,0.99,mountaincar,dense
7,895,-200.0,200,13.209919929504395,-1.0,0.0001655325322644785,0.0,DQN_RND,0.001,0.99,mountaincar,dense
7,896,-200.0,200,19.04416275024414,-1.0,7.023808575468138e-05,0.0,DQN_RND,0.001,0.99,mountaincar,dense
7,897,-200.0,200,18.74828338623047,-1.0,0.00039664030191488564,0.0,DQN_RND,0.001,0.99,mountaincar,dense
7,898,-200.0,200,19.85909080505371,-1.0,0.00037738820537924767,0.0,DQN_RND,0.001,0.99,mountaincar,dense
7,899,-200.0,200,16.25663185119629,-1.0,0.0004530588921625167,0.0,DQN_RND,0.001,0.99,mountaincar,dense
7,900,-200.0,200,17.803556442260742,-1.0,0.0001685311581240967,0.0,DQN_RND,0.001,0.99,mountaincar,dense
7,901,-200.0,200,4.2891011238098145,-1.0,6.694668263662606e-05,0.0,DQN_RND,0.001,0.99,mountaincar,dense
7,902,-200.0,200,10.723594665527344,-1.0,7.178648957051337e-05,0.0,DQN_RND,0.001,0.99,mountaincar,dense
7,903,-200.0,200,13.591806411743164,-1.0,0.000168591330293566,0.0,DQN_RND,0.001,0.99,mountaincar,dense
7,904,-200.0,200,19.745397567749023,-1.0,0.00016963056987151504,0.0,DQN_RND,0.001,0.99,mountaincar,dense
7,905,-200.0,200,8.481553077697754,-1.0,0.0004327393544372171,0.0,DQN_RND,0.001,0.99,mountaincar,dense
7,906,-200.0,200,17.953659057617188,-1.0,7.494090095860884e-05,0.0,DQN_RND,0.001,0.99,mountaincar,dense
7,907,-200.0,200,17.378284454345703,-1.0,0.00037268793676048517,0.0,DQN_RND,0.001,0.99,mountaincar,dense
7,908,-200.0,200,16.595470428466797,-1.0,0.0004666385648306459,0.0,DQN_RND,0.001,0.99,mountaincar,dense
7,909,-200.0,200,10.950479507446289,-1.0,0.00018486355838831514,0.0,DQN_RND,0.001,0.99,mountaincar,dense
7,910,-200.0,200,21.463184356689453,-1.0,0.00018858285329770297,0.0,DQN_RND,0.001,0.99,mountaincar,dense
7,911,-200.0,200,13.436361312866211,-1.0,0.0001860116026364267,0.0,DQN_RND,0.001,0.99,mountaincar,dense
7,912,-200.0,200,14.113998413085938,-1.0,5.738287654821761e-05,0.0,DQN_RND,0.001,0.99,mountaincar,dense
7,913,-200.0,200,16.005779266357422,-1.0,8.276545850094408e-05,0.0,DQN_RND,0.001,0.99,mountaincar,dense
7,914,-200.0,200,21.573652267456055,-1.0,0.00033881477429531515,0.0,DQN_RND,0.001,0.99,mountaincar,dense
7,915,-200.0,200,19.714801788330078,-1.0,0.00035213830415159464,0.0,DQN_RND,0.001,0.99,mountaincar,dense
7,916,-200.0,200,19.206157684326172,-1.0,0.0003547100641299039,0.0,DQN_RND,0.001,0.99,mountaincar,dense
7,917,-200.0,200,18.90764045715332,-1.0,0.00016952808073256165,0.0,DQN_RND,0.001,0.99,mountaincar,dense
7,918,-200.0,200,10.834504127502441,-1.0,7.47792364563793e-05,0.0,DQN_RND,0.001,0.99,mountaincar,dense
7,919,-200.0,200,7.457789421081543,-1.0,0.0004238818946760148,0.0,DQN_RND,0.001,0.99,mountaincar,dense
7,920,-200.0,200,9.118030548095703,-1.0,6.079513332224451e-05,0.0,DQN_RND,0.001,0.99,mountaincar,dense
7,921,-200.0,200,21.693056106567383,-1.0,0.00041369316750206053,0.0,DQN_RND,0.001,0.99,mountaincar,dense
7,922,-200.0,200,19.60814666748047,-1.0,6.752271292498335e-05,0.0,DQN_RND,0.001,0.99,mountaincar,dense
7,923,-200.0,200,21.919485092163086,-1.0,0.0003292868204880506,0.0,DQN_RND,0.001,0.99,mountaincar,dense
7,924,-200.0,200,15.566452026367188,-1.0,0.0004016933962702751,0.0,DQN_RND,0.001,0.99,mountaincar,dense
7,925,-200.0,200,16.33446502685547,-1.0,0.0003419921558815986,0.0,DQN_RND,0.001,0.99,mountaincar,dense
7,926,-200.0,200,13.474687576293945,-1.0,0.00039845079299993813,0.0,DQN_RND,0.001,0.99,mountaincar,dense
7,927,-200.0,200,11.164243698120117,-1.0,0.00016127580602187663,0.0,DQN_RND,0.001,0.99,mountaincar,dense
7,928,-200.0,200,14.56683349609375,-1.0,6.088868758524768e-05,0.0,DQN_RND,0.001,0.99,mountaincar,dense
7,929,-200.0,200,19.229843139648438,-1.0,0.00034584105014801025,0.0,DQN_RND,0.001,0.99,mountaincar,dense
7,930,-200.0,200,15.792567253112793,-1.0,0.0003514026466291398,0.0,DQN_RND,0.001,0.99,mountaincar,dense
7,931,-200.0,200,12.920413970947266,-1.0,5.4672931582899764e-05,0.0,DQN_RND,0.001,0.99,mountaincar,dense
7,932,-200.0,200,14.59181022644043,-1.0,0.00036836895742453635,0.0,DQN_RND,0.001,0.99,mountaincar,dense
7,933,-200.0,200,9.777665138244629,-1.0,0.00045646500075235963,0.0,DQN_RND,0.001,0.99,mountaincar,dense
7,934,-200.0,200,16.49901008605957,-1.0,5.990049248794094e-05,0.0,DQN_RND,0.001,0.99,mountaincar,dense
7,935,-200.0,200,11.871647834777832,-1.0,5.712624988518655e-05,0.0,DQN_RND,0.001,0.99,mountaincar,dense
7,936,-200.0,200,20.373279571533203,-1.0,0.0001769765221979469,0.0,DQN_RND,0.001,0.99,mountaincar,dense
7,937,-200.0,200,14.11398983001709,-1.0,7.005486259004101e-05,0.0,DQN_RND,0.001,0.99,mountaincar,dense
7,938,-200.0,200,20.87339973449707,-1.0,5.008280641050078e-05,0.0,DQN_RND,0.001,0.99,mountaincar,dense
7,939,-200.0,200,20.717498779296875,-1.0,6.294115883065388e-05,0.0,DQN_RND,0.001,0.99,mountaincar,dense
7,940,-200.0,200,7.564990997314453,-1.0,0.00041132664773613214,0.0,DQN_RND,0.001,0.99,mountaincar,dense
7,941,-200.0,200,15.227862358093262,-1.0,0.00016252495697699487,0.0,DQN_RND,0.001,0.99,mountaincar,dense
7,942,-200.0,200,14.313811302185059,-1.0,7.191100303316489e-05,0.0,DQN_RND,0.001,0.99,mountaincar,dense
7,943,-200.0,200,6.938318252563477,-1.0,0.000154572757310234,0.0,DQN_RND,0.001,0.99,mountaincar,dense
7,944,-200.0,200,13.062702178955078,-1.0,7.668905891478062e-05,0.0,DQN_RND,0.001,0.99,mountaincar,dense
7,945,-200.0,200,8.147677421569824,-1.0,4.977195931132883e-05,0.0,DQN_RND,0.001,0.99,mountaincar,dense
7,946,-200.0,200,11.459562301635742,-1.0,0.00016077561303973198,0.0,DQN_RND,0.001,0.99,mountaincar,dense
7,947,-200.0,200,19.070480346679688,-1.0,0.0001617897505639121,0.0,DQN_RND,0.001,0.99,mountaincar,dense
7,948,-200.0,200,5.779397487640381,-1.0,0.00040435383561998606,0.0,DQN_RND,0.001,0.99,mountaincar,dense
7,949,-200.0,200,9.348724365234375,-1.0,0.00016066525131464005,0.0,DQN_RND,0.001,0.99,mountaincar,dense
7,950,-200.0,200,16.99751091003418,-1.0,0.00035959473461844027,0.0,DQN_RND,0.001,0.99,mountaincar,dense
7,951,-200.0,200,11.82603645324707,-1.0,0.0004528235294856131,0.0,DQN_RND,0.001,0.99,mountaincar,dense
7,952,-200.0,200,13.73720932006836,-1.0,0.0001598706585355103,0.0,DQN_RND,0.001,0.99,mountaincar,dense
7,953,-200.0,200,12.650571823120117,-1.0,0.00016199926903937012,0.0,DQN_RND,0.001,0.99,mountaincar,dense
7,954,-200.0,200,19.249483108520508,-1.0,0.00015437828551512212,0.0,DQN_RND,0.001,0.99,mountaincar,dense
7,955,-200.0,200,23.75339698791504,-1.0,0.00037492805859073997,0.0,DQN_RND,0.001,0.99,mountaincar,dense
7,956,-200.0,200,12.169716835021973,-1.0,6.47726483293809e-05,0.0,DQN_RND,0.001,0.99,mountaincar,dense
7,957,-200.0,200,3.8948798179626465,-1.0,0.00015488082135561854,0.0,DQN_RND,0.001,0.99,mountaincar,dense
7,958,-200.0,200,19.605745315551758,-1.0,0.0003783599240705371,0.0,DQN_RND,0.001,0.99,mountaincar,dense
7,959,-200.0,200,29.525062561035156,-1.0,0.00015722231182735413,0.0,DQN_RND,0.001,0.99,mountaincar,dense
7,960,-200.0,200,9.242794036865234,-1.0,0.00038777245208621025,0.0,DQN_RND,0.001,0.99,mountaincar,dense
7,961,-200.0,200,3.6757187843322754,-1.0,0.00015614888980053365,0.0,DQN_RND,0.001,0.99,mountaincar,dense
7,962,-200.0,200,14.046670913696289,-1.0,0.0003618461196310818,0.0,DQN_RND,0.001,0.99,mountaincar,dense
7,963,-200.0,200,10.565574645996094,-1.0,0.0004226508317515254,0.0,DQN_RND,0.001,0.99,mountaincar,dense
7,964,-200.0,200,12.453079223632812,-1.0,0.000376207783119753,0.0,DQN_RND,0.001,0.99,mountaincar,dense
7,965,-200.0,200,14.694314002990723,-1.0,0.00015473601524718106,0.0,DQN_RND,0.001,0.99,mountaincar,dense
7,966,-200.0,200,8.085651397705078,-1.0,0.0001649890618864447,0.0,DQN_RND,0.001,0.99,mountaincar,dense
7,967,-200.0,200,12.661314964294434,-1.0,8.246835932368413e-05,0.0,DQN_RND,0.001,0.99,mountaincar,dense
7,968,-200.0,200,22.510059356689453,-1.0,0.00016753975069150329,0.0,DQN_RND,0.001,0.99,mountaincar,dense
7,969,-200.0,200,14.621137619018555,-1.0,4.785067358170636e-05,0.0,DQN_RND,0.001,0.99,mountaincar,dense
7,970,-200.0,200,15.078895568847656,-1.0,5.401707676355727e-05,0.0,DQN_RND,0.001,0.99,mountaincar,dense
7,971,-200.0,200,17.030920028686523,-1.0,4.698330303654075e-05,0.0,DQN_RND,0.001,0.99,mountaincar,dense
7,972,-200.0,200,16.57874298095703,-1.0,4.52650710940361e-05,0.0,DQN_RND,0.001,0.99,mountaincar,dense
7,973,-200.0,200,20.4134578704834,-1.0,0.00037062805495224893,0.0,DQN_RND,0.001,0.99,mountaincar,dense
7,974,-200.0,200,16.56637191772461,-1.0,4.44402830908075e-05,0.0,DQN_RND,0.001,0.99,mountaincar,dense
7,975,-200.0,200,23.959653854370117,-1.0,4.30336149292998e-05,0.0,DQN_RND,0.001,0.99,mountaincar,dense
7,976,-200.0,200,14.460320472717285,-1.0,0.00015243505185935646,0.0,DQN_RND,0.001,0.99,mountaincar,dense
7,977,-200.0,200,8.411964416503906,-1.0,0.00042751964065246284,0.0,DQN_RND,0.001,0.99,mountaincar,dense
7,978,-200.0,200,11.510968208312988,-1.0,0.00015440379502251744,0.0,DQN_RND,0.001,0.99,mountaincar,dense
7,979,-200.0,200,21.162548065185547,-1.0,0.00017161696450784802,0.0,DQN_RND,0.001,0.99,mountaincar,dense
7,980,-200.0,200,29.850528717041016,-1.0,0.00015199367771856487,0.0,DQN_RND,0.001,0.99,mountaincar,dense
7,981,-200.0,200,10.965795516967773,-1.0,4.3879932491108775e-05,0.0,DQN_RND,0.001,0.99,mountaincar,dense
7,982,-200.0,200,11.004925727844238,-1.0,0.0003735677164513618,0.0,DQN_RND,0.001,0.99,mountaincar,dense
7,983,-200.0,200,21.831226348876953,-1.0,0.0003819973790086806,0.0,DQN_RND,0.001,0.99,mountaincar,dense
7,984,-200.0,200,16.90766716003418,-1.0,0.00015012336371000856,0.0,DQN_RND,0.001,0.99,mountaincar,dense
7,985,-200.0,200,8.434687614440918,-1.0,0.00038913890602998435,0.0,DQN_RND,0.001,0.99,mountaincar,dense
7,986,-200.0,200,15.17290210723877,-1.0,0.0003575519076548517,0.0,DQN_RND,0.001,0.99,mountaincar,dense
7,987,-200.0,200,35.022613525390625,-1.0,0.00039755358011461794,0.0,DQN_RND,0.001,0.99,mountaincar,dense
7,988,-200.0,200,18.7036075592041,-1.0,0.00014945353905204684,0.0,DQN_RND,0.001,0.99,mountaincar,dense
7,989,-200.0,200,12.058399200439453,-1.0,0.00033447149326093495,0.0,DQN_RND,0.001,0.99,mountaincar,dense
7,990,-200.0,200,20.102689743041992,-1.0,4.137556970817968e-05,0.0,DQN_RND,0.001,0.99,mountaincar,dense
7,991,-200.0,200,25.943115234375,-1.0,4.30002182838507e-05,0.0,DQN_RND,0.001,0.99,mountaincar,dense
7,992,-200.0,200,19.9381160736084,-1.0,0.00044726370833814144,0.0,DQN_RND,0.001,0.99,mountaincar,dense
7,993,-200.0,200,18.214622497558594,-1.0,0.0003931099781766534,0.0,DQN_RND,0.001,0.99,mountaincar,dense
7,994,-200.0,200,13.892016410827637,-1.0,0.00037241907557472587,0.0,DQN_RND,0.001,0.99,mountaincar,dense
7,995,-200.0,200,19.688112258911133,-1.0,0.00014638625725638121,0.0,DQN_RND,0.001,0.99,mountaincar,dense
7,996,-200.0,200,10.572792053222656,-1.0,0.00015129573876038194,0.0,DQN_RND,0.001,0.99,mountaincar,dense
7,997,-200.0,200,10.553486824035645,-1.0,0.0003580939956009388,0.0,DQN_RND,0.001,0.99,mountaincar,dense
7,998,-200.0,200,15.530569076538086,-1.0,4.286874900572002e-05,0.0,DQN_RND,0.001,0.99,mountaincar,dense
7,999,-200.0,200,17.025192260742188,-1.0,0.00046136934543028474,0.0,DQN_RND,0.001,0.99,mountaincar,dense
7,1000,-200.0,200,16.369796752929688,-1.0,4.708805136033334e-05,0.0,DQN_RND,0.001,0.99,mountaincar,dense
7,1001,-200.0,200,10.584685325622559,-1.0,6.305617716861889e-05,0.0,DQN_RND,0.001,0.99,mountaincar,dense
7,1002,-200.0,200,19.377002716064453,-1.0,0.00014663831098005176,0.0,DQN_RND,0.001,0.99,mountaincar,dense
7,1003,-200.0,200,22.118772506713867,-1.0,3.895760528394021e-05,0.0,DQN_RND,0.001,0.99,mountaincar,dense
7,1004,-200.0,200,9.652280807495117,-1.0,0.00016023889475036412,0.0,DQN_RND,0.001,0.99,mountaincar,dense
7,1005,-200.0,200,14.25567626953125,-1.0,0.00044581718975678086,0.0,DQN_RND,0.001,0.99,mountaincar,dense
7,1006,-200.0,200,27.1018123626709,-1.0,6.361476698657498e-05,0.0,DQN_RND,0.001,0.99,mountaincar,dense
7,1007,-200.0,200,6.917862892150879,-1.0,0.00038050420698709786,0.0,DQN_RND,0.001,0.99,mountaincar,dense
7,1008,-200.0,200,11.728143692016602,-1.0,0.0003699539229273796,0.0,DQN_RND,0.001,0.99,mountaincar,dense
7,1009,-200.0,200,19.588953018188477,-1.0,4.758290742756799e-05,0.0,DQN_RND,0.001,0.99,mountaincar,dense
7,1010,-200.0,200,13.262572288513184,-1.0,0.0004296462284401059,0.0,DQN_RND,0.001,0.99,mountaincar,dense
7,1011,-200.0,200,14.135161399841309,-1.0,0.0001702043809928,0.0,DQN_RND,0.001,0.99,mountaincar,dense
7,1012,-200.0,200,8.24551010131836,-1.0,0.0003783943539019674,0.0,DQN_RND,0.001,0.99,mountaincar,dense
7,1013,-200.0,200,11.492391586303711,-1.0,5.909765968681313e-05,0.0,DQN_RND,0.001,0.99,mountaincar,dense
7,1014,-200.0,200,17.237916946411133,-1.0,0.00016901674098335207,0.0,DQN_RND,0.001,0.99,mountaincar,dense
7,1015,-200.0,200,6.905907154083252,-1.0,0.0001455503806937486,0.0,DQN_RND,0.001,0.99,mountaincar,dense
7,1016,-200.0,200,17.94073486328125,-1.0,0.00043492630356922746,0.0,DQN_RND,0.001,0.99,mountaincar,dense
7,1017,-200.0,200,25.05669403076172,-1.0,0.00014541848213411868,0.0,DQN_RND,0.001,0.99,mountaincar,dense
7,1018,-200.0,200,17.750530242919922,-1.0,0.0003797030367422849,0.0,DQN_RND,0.001,0.99,mountaincar,dense
7,1019,-200.0,200,9.32724666595459,-1.0,5.08540470036678e-05,0.0,DQN_RND,0.001,0.99,mountaincar,dense
7,1020,-200.0,200,13.216970443725586,-1.0,0.00014392971934285015,0.0,DQN_RND,0.001,0.99,mountaincar,dense
7,1021,-200.0,200,5.679763317108154,-1.0,4.849197648582049e-05,0.0,DQN_RND,0.001,0.99,mountaincar,dense
7,1022,-200.0,200,13.698644638061523,-1.0,0.00015158744645304978,0.0,DQN_RND,0.001,0.99,mountaincar,dense
7,1023,-200.0,200,13.185009002685547,-1.0,4.8728976253187284e-05,0.0,DQN_RND,0.001,0.99,mountaincar,dense
7,1024,-200.0,200,19.128459930419922,-1.0,0.00014431029558181763,0.0,DQN_RND,0.001,0.99,mountaincar,dense
7,1025,-200.0,200,7.716582298278809,-1.0,0.00014306233788374811,0.0,DQN_RND,0.001,0.99,mountaincar,dense
7,1026,-200.0,200,14.032877922058105,-1.0,0.00014253279368858784,0.0,DQN_RND,0.001,0.99,mountaincar,dense
7,1027,-200.0,200,17.476722717285156,-1.0,0.0004077283083461225,0.0,DQN_RND,0.001,0.99,mountaincar,dense
7,1028,-200.0,200,17.893661499023438,-1.0,0.0001423921639798209,0.0,DQN_RND,0.001,0.99,mountaincar,dense
7,1029,-200.0,200,20.402917861938477,-1.0,0.00036006432492285967,0.0,DQN_RND,0.001,0.99,mountaincar,dense
7,1030,-200.0,200,17.81168556213379,-1.0,0.00013851719268132,0.0,DQN_RND,0.001,0.99,mountaincar,dense
7,1031,-200.0,200,23.89443016052246,-1.0,0.0004175174981355667,0.0,DQN_RND,0.001,0.99,mountaincar,dense
7,1032,-200.0,200,14.744973182678223,-1.0,0.000415344606153667,0.0,DQN_RND,0.001,0.99,mountaincar,dense
7,1033,-200.0,200,14.19563102722168,-1.0,0.00041750786476768553,0.0,DQN_RND,0.001,0.99,mountaincar,dense
7,1034,-200.0,200,8.748309135437012,-1.0,0.0003409878700040281,0.0,DQN_RND,0.001,0.99,mountaincar,dense
7,1035,-200.0,200,16.53795051574707,-1.0,0.00014161021681502461,0.0,DQN_RND,0.001,0.99,mountaincar,dense
7,1036,-200.0,200,16.543521881103516,-1.0,0.00034267804585397243,0.0,DQN_RND,0.001,0.99,mountaincar,dense
7,1037,-200.0,200,12.641335487365723,-1.0,4.229347541695461e-05,0.0,DQN_RND,0.001,0.99,mountaincar,dense
7,1038,-200.0,200,11.544276237487793,-1.0,0.0004031459102407098,0.0,DQN_RND,0.001,0.99,mountaincar,dense
7,1039,-200.0,200,12.845947265625,-1.0,0.00016362608585041016,0.0,DQN_RND,0.001,0.99,mountaincar,dense
7,1040,-200.0,200,11.51431941986084,-1.0,0.0003336409281473607,0.0,DQN_RND,0.001,0.99,mountaincar,dense
7,1041,-200.0,200,15.28091049194336,-1.0,0.0003589695552363992,0.0,DQN_RND,0.001,0.99,mountaincar,dense
7,1042,-200.0,200,14.395021438598633,-1.0,4.396253279992379e-05,0.0,DQN_RND,0.001,0.99,mountaincar,dense
7,1043,-200.0,200,15.960936546325684,-1.0,0.0003938250010833144,0.0,DQN_RND,0.001,0.99,mountaincar,dense
7,1044,-200.0,200,8.515481948852539,-1.0,3.713752448675223e-05,0.0,DQN_RND,0.001,0.99,mountaincar,dense
7,1045,-200.0,200,14.46868896484375,-1.0,0.00013887901150155813,0.0,DQN_RND,0.001,0.99,mountaincar,dense
7,1046,-200.0,200,21.223609924316406,-1.0,0.0004036676837131381,0.0,DQN_RND,0.001,0.99,mountaincar,dense
7,1047,-200.0,200,2.841493606567383,-1.0,0.0003369807091075927,0.0,DQN_RND,0.001,0.99,mountaincar,dense
7,1048,-200.0,200,8.375602722167969,-1.0,0.0001434162986697629,0.0,DQN_RND,0.001,0.99,mountaincar,dense
7,1049,-200.0,200,8.785511016845703,-1.0,0.00013838763698004186,0.0,DQN_RND,0.001,0.99,mountaincar,dense
7,1050,-200.0,200,29.927431106567383,-1.0,0.00013589419540949166,0.0,DQN_RND,0.001,0.99,mountaincar,dense
7,1051,-200.0,200,20.34912872314453,-1.0,0.0003710412129294127,0.0,DQN_RND,0.001,0.99,mountaincar,dense
7,1052,-200.0,200,23.07757568359375,-1.0,0.00013849786773789674,0.0,DQN_RND,0.001,0.99,mountaincar,dense
7,1053,-200.0,200,21.45585060119629,-1.0,0.00014206788910087198,0.0,DQN_RND,0.001,0.99,mountaincar,dense
7,1054,-200.0,200,17.392436981201172,-1.0,0.00035387923708185554,0.0,DQN_RND,0.001,0.99,mountaincar,dense
7,1055,-200.0,200,16.279720306396484,-1.0,0.0001381613255944103,0.0,DQN_RND,0.001,0.99,mountaincar,dense
7,1056,-200.0,200,13.538381576538086,-1.0,0.00013738400593865663,0.0,DQN_RND,0.001,0.99,mountaincar,dense
7,1057,-200.0,200,20.650306701660156,-1.0,0.00037500879261642694,0.0,DQN_RND,0.001,0.99,mountaincar,dense
7,1058,-200.0,200,18.944000244140625,-1.0,0.00013812533870805055,0.0,DQN_RND,0.001,0.99,mountaincar,dense
7,1059,-200.0,200,17.712921142578125,-1.0,0.0001449104747734964,0.0,DQN_RND,0.001,0.99,mountaincar,dense
7,1060,-200.0,200,7.664602279663086,-1.0,0.0003374739899300039,0.0,DQN_RND,0.001,0.99,mountaincar,dense
7,1061,-200.0,200,23.971969604492188,-1.0,3.534756979206577e-05,0.0,DQN_RND,0.001,0.99,mountaincar,dense
7,1062,-200.0,200,8.27637004852295,-1.0,0.00015268436982296407,0.0,DQN_RND,0.001,0.99,mountaincar,dense
7,1063,-200.0,200,20.432870864868164,-1.0,4.550856101559475e-05,0.0,DQN_RND,0.001,0.99,mountaincar,dense
7,1064,-200.0,200,19.0267391204834,-1.0,0.00035808479879051447,0.0,DQN_RND,0.001,0.99,mountaincar,dense
7,1065,-200.0,200,2.6759796142578125,-1.0,0.00013846898218616843,0.0,DQN_RND,0.001,0.99,mountaincar,dense
7,1066,-200.0,200,25.404447555541992,-1.0,0.00014867390564177185,0.0,DQN_RND,0.001,0.99,mountaincar,dense
7,1067,-200.0,200,8.227205276489258,-1.0,0.00013437244342640042,0.0,DQN_RND,0.001,0.99,mountaincar,dense
7,1068,-200.0,200,24.093883514404297,-1.0,0.0001359965099254623,0.0,DQN_RND,0.001,0.99,mountaincar,dense
7,1069,-200.0,200,21.761516571044922,-1.0,3.4967350075021386e-05,0.0,DQN_RND,0.001,0.99,mountaincar,dense
7,1070,-200.0,200,8.760124206542969,-1.0,0.00039772651507519186,0.0,DQN_RND,0.001,0.99,mountaincar,dense
7,1071,-200.0,200,16.70799446105957,-1.0,0.00041847070679068565,0.0,DQN_RND,0.001,0.99,mountaincar,dense
7,1072,-200.0,200,11.74925422668457,-1.0,0.00036152894608676434,0.0,DQN_RND,0.001,0.99,mountaincar,dense
7,1073,-200.0,200,14.37995433807373,-1.0,0.00041708830394782126,0.0,DQN_RND,0.001,0.99,mountaincar,dense
7,1074,-200.0,200,2.7594425678253174,-1.0,0.00013436262088362128,0.0,DQN_RND,0.001,0.99,mountaincar,dense
7,1075,-200.0,200,12.802580833435059,-1.0,4.843560964218341e-05,0.0,DQN_RND,0.001,0.99,mountaincar,dense
7,1076,-200.0,200,20.705411911010742,-1.0,6.560543261002749e-05,0.0,DQN_RND,0.001,0.99,mountaincar,dense
7,1077,-200.0,200,8.641538619995117,-1.0,4.3122850911458954e-05,0.0,DQN_RND,0.001,0.99,mountaincar,dense
7,1078,-200.0,200,19.75513458251953,-1.0,6.802262942073867e-05,0.0,DQN_RND,0.001,0.99,mountaincar,dense
7,1079,-200.0,200,18.75020980834961,-1.0,0.0003806652675848454,0.0,DQN_RND,0.001,0.99,mountaincar,dense
7,1080,-200.0,200,13.639678955078125,-1.0,0.00033786779385991395,0.0,DQN_RND,0.001,0.99,mountaincar,dense
7,1081,-200.0,200,15.329140663146973,-1.0,0.00043619528878480196,0.0,DQN_RND,0.001,0.99,mountaincar,dense
7,1082,-200.0,200,11.086572647094727,-1.0,0.0003283600672148168,0.0,DQN_RND,0.001,0.99,mountaincar,dense
7,1083,-200.0,200,27.7674617767334,-1.0,0.0003423175076022744,0.0,DQN_RND,0.001,0.99,mountaincar,dense
7,1084,-200.0,200,14.875672340393066,-1.0,0.00014804066449869424,0.0,DQN_RND,0.001,0.99,mountaincar,dense
7,1085,-200.0,200,25.59518051147461,-1.0,0.0001385078503517434,0.0,DQN_RND,0.001,0.99,mountaincar,dense
7,1086,-200.0,200,13.27953052520752,-1.0,0.00013211066834628582,0.0,DQN_RND,0.001,0.99,mountaincar,dense
7,1087,-200.0,200,22.914613723754883,-1.0,0.00013087160186842084,0.0,DQN_RND,0.001,0.99,mountaincar,dense
7,1088,-200.0,200,16.07640266418457,-1.0,0.0001305667101405561,0.0,DQN_RND,0.001,0.99,mountaincar,dense
7,1089,-200.0,200,14.047938346862793,-1.0,0.0001317162677878514,0.0,DQN_RND,0.001,0.99,mountaincar,dense
7,1090,-200.0,200,15.427443504333496,-1.0,0.00035219977144151926,0.0,DQN_RND,0.001,0.99,mountaincar,dense
7,1091,-200.0,200,8.815800666809082,-1.0,0.000412370398407802,0.0,DQN_RND,0.001,0.99,mountaincar,dense
7,1092,-200.0,200,7.644468784332275,-1.0,0.0003282455145381391,0.0,DQN_RND,0.001,0.99,mountaincar,dense
7,1093,-200.0,200,11.079601287841797,-1.0,3.7092795537319034e-05,0.0,DQN_RND,0.001,0.99,mountaincar,dense
7,1094,-200.0,200,17.632587432861328,-1.0,3.9597674913238734e-05,0.0,DQN_RND,0.001,0.99,mountaincar,dense
7,1095,-200.0,200,18.798925399780273,-1.0,0.0003210038994438946,0.0,DQN_RND,0.001,0.99,mountaincar,dense
7,1096,-200.0,200,19.77372169494629,-1.0,0.00037306701415218413,0.0,DQN_RND,0.001,0.99,mountaincar,dense
7,1097,-200.0,200,16.598119735717773,-1.0,3.60106241714675e-05,0.0,DQN_RND,0.001,0.99,mountaincar,dense
7,1098,-200.0,200,23.270612716674805,-1.0,3.332925189170055e-05,0.0,DQN_RND,0.001,0.99,mountaincar,dense
7,1099,-200.0,200,17.663663864135742,-1.0,4.6051321987761185e-05,0.0,DQN_RND,0.001,0.99,mountaincar,dense
7,1100,-200.0,200,16.843917846679688,-1.0,0.00012917100684717298,0.0,DQN_RND,0.001,0.99,mountaincar,dense
7,1101,-200.0,200,23.80179214477539,-1.0,0.00013087879051454365,0.0,DQN_RND,0.001,0.99,mountaincar,dense
7,1102,-200.0,200,33.079959869384766,-1.0,5.072274507256225e-05,0.0,DQN_RND,0.001,0.99,mountaincar,dense
7,1103,-200.0,200,18.560209274291992,-1.0,0.0003109525132458657,0.0,DQN_RND,0.001,0.99,mountaincar,dense
7,1104,-200.0,200,11.645933151245117,-1.0,0.0003818152763415128,0.0,DQN_RND,0.001,0.99,mountaincar,dense
7,1105,-200.0,200,8.190842628479004,-1.0,0.00038429515552707016,0.0,DQN_RND,0.001,0.99,mountaincar,dense
7,1106,-200.0,200,14.438639640808105,-1.0,0.0001312593958573416,0.0,DQN_RND,0.001,0.99,mountaincar,dense
7,1107,-200.0,200,2.4640300273895264,-1.0,3.2428037229692563e-05,0.0,DQN_RND,0.001,0.99,mountaincar,dense
7,1108,-200.0,200,6.269055366516113,-1.0,3.1736261007608846e-05,0.0,DQN_RND,0.001,0.99,mountaincar,dense
7,1109,-200.0,200,10.410730361938477,-1.0,0.00013952366134617478,0.0,DQN_RND,0.001,0.99,mountaincar,dense
7,1110,-200.0,200,11.527408599853516,-1.0,0.0003256729105487466,0.0,DQN_RND,0.001,0.99,mountaincar,dense
7,1111,-200.0,200,20.234365463256836,-1.0,4.1526298446115106e-05,0.0,DQN_RND,0.001,0.99,mountaincar,dense
7,1112,-200.0,200,11.728437423706055,-1.0,0.00013696942187380046,0.0,DQN_RND,0.001,0.99,mountaincar,dense
7,1113,-200.0,200,9.459798812866211,-1.0,3.441774606471881e-05,0.0,DQN_RND,0.001,0.99,mountaincar,dense
7,1114,-200.0,200,20.513851165771484,-1.0,0.00013478935579769313,0.0,DQN_RND,0.001,0.99,mountaincar,dense
7,1115,-200.0,200,2.979248285293579,-1.0,0.00031288809259422123,0.0,DQN_RND,0.001,0.99,mountaincar,dense
7,1116,-200.0,200,11.567822456359863,-1.0,0.00014037065557204187,0.0,DQN_RND,0.001,0.99,mountaincar,dense
7,1117,-200.0,200,21.23868751525879,-1.0,0.00012945423077326268,0.0,DQN_RND,0.001,0.99,mountaincar,dense
7,1118,-200.0,200,15.786092758178711,-1.0,7.56748704588972e-05,0.0,DQN_RND,0.001,0.99,mountaincar,dense
7,1119,-200.0,200,7.737461566925049,-1.0,3.6693982110591605e-05,0.0,DQN_RND,0.001,0.99,mountaincar,dense
7,1120,-200.0,200,14.55965518951416,-1.0,0.00012914030230604112,0.0,DQN_RND,0.001,0.99,mountaincar,dense
7,1121,-200.0,200,17.34579086303711,-1.0,0.00012440384307410568,0.0,DQN_RND,0.001,0.99,mountaincar,dense
7,1122,-200.0,200,11.493257522583008,-1.0,0.00014383136294782162,0.0,DQN_RND,0.001,0.99,mountaincar,dense
7,1123,-200.0,200,25.98504066467285,-1.0,0.00012982496991753578,0.0,DQN_RND,0.001,0.99,mountaincar,dense
7,1124,-200.0,200,14.471566200256348,-1.0,0.0003987037925980985,0.0,DQN_RND,0.001,0.99,mountaincar,dense
7,1125,-200.0,200,15.921439170837402,-1.0,0.00033274482120759785,0.0,DQN_RND,0.001,0.99,mountaincar,dense
7,1126,-200.0,200,9.09762954711914,-1.0,5.1112379878759384e-05,0.0,DQN_RND,0.001,0.99,mountaincar,dense
7,1127,-200.0,200,14.609231948852539,-1.0,0.00013219230459071696,0.0,DQN_RND,0.001,0.99,mountaincar,dense
7,1128,-200.0,200,19.079408645629883,-1.0,0.0001283902965951711,0.0,DQN_RND,0.001,0.99,mountaincar,dense
7,1129,-200.0,200,5.871124267578125,-1.0,4.3138585169799626e-05,0.0,DQN_RND,0.001,0.99,mountaincar,dense
7,1130,-200.0,200,24.436140060424805,-1.0,3.8654707168461755e-05,0.0,DQN_RND,0.001,0.99,mountaincar,dense
7,1131,-200.0,200,8.702502250671387,-1.0,0.0003272919275332242,0.0,DQN_RND,0.001,0.99,mountaincar,dense
7,1132,-200.0,200,16.360836029052734,-1.0,0.0003928357909899205,0.0,DQN_RND,0.001,0.99,mountaincar,dense
7,1133,-200.0,200,5.33280611038208,-1.0,0.00014308870595414191,0.0,DQN_RND,0.001,0.99,mountaincar,dense
7,1134,-200.0,200,13.761503219604492,-1.0,0.00012336249346844852,0.0,DQN_RND,0.001,0.99,mountaincar,dense
7,1135,-200.0,200,19.05126190185547,-1.0,0.0001232559880008921,0.0,DQN_RND,0.001,0.99,mountaincar,dense
7,1136,-200.0,200,20.270946502685547,-1.0,3.983318674727343e-05,0.0,DQN_RND,0.001,0.99,mountaincar,dense
7,1137,-200.0,200,5.879527568817139,-1.0,0.00033837027149274945,0.0,DQN_RND,0.001,0.99,mountaincar,dense
7,1138,-200.0,200,16.92616844177246,-1.0,0.0003454216057434678,0.0,DQN_RND,0.001,0.99,mountaincar,dense
7,1139,-200.0,200,6.041794776916504,-1.0,2.996140938194003e-05,0.0,DQN_RND,0.001,0.99,mountaincar,dense
7,1140,-200.0,200,2.8100953102111816,-1.0,0.0003340889816172421,0.0,DQN_RND,0.001,0.99,mountaincar,dense
7,1141,-200.0,200,15.210037231445312,-1.0,0.00012271676678210497,0.0,DQN_RND,0.001,0.99,mountaincar,dense
7,1142,-200.0,200,13.743409156799316,-1.0,0.0003254706389270723,0.0,DQN_RND,0.001,0.99,mountaincar,dense
7,1143,-200.0,200,18.763086318969727,-1.0,6.285239214776084e-05,0.0,DQN_RND,0.001,0.99,mountaincar,dense
7,1144,-200.0,200,12.351430892944336,-1.0,0.00031856680288910866,0.0,DQN_RND,0.001,0.99,mountaincar,dense
7,1145,-200.0,200,25.73900604248047,-1.0,0.00014281707990448922,0.0,DQN_RND,0.001,0.99,mountaincar,dense
7,1146,-200.0,200,17.500774383544922,-1.0,0.0003343639546073973,0.0,DQN_RND,0.001,0.99,mountaincar,dense
7,1147,-200.0,200,22.642675399780273,-1.0,0.000120678567327559,0.0,DQN_RND,0.001,0.99,mountaincar,dense
7,1148,-200.0,200,20.960891723632812,-1.0,5.4892661864869297e-05,0.0,DQN_RND,0.001,0.99,mountaincar,dense
7,1149,-200.0,200,10.390667915344238,-1.0,0.00034695706563070416,0.0,DQN_RND,0.001,0.99,mountaincar,dense
7,1150,-200.0,200,2.965343475341797,-1.0,0.00013546101399697363,0.0,DQN_RND,0.001,0.99,mountaincar,dense
7,1151,-200.0,200,9.858786582946777,-1.0,0.0003356961824465543,0.0,DQN_RND,0.001,0.99,mountaincar,dense
7,1152,-200.0,200,8.510231971740723,-1.0,0.00032301939791068435,0.0,DQN_RND,0.001,0.99,mountaincar,dense
7,1153,-200.0,200,14.820091247558594,-1.0,0.00012244177924003452,0.0,DQN_RND,0.001,0.99,mountaincar,dense
7,1154,-200.0,200,10.873248100280762,-1.0,0.00036886645830236375,0.0,DQN_RND,0.001,0.99,mountaincar,dense
7,1155,-200.0,200,20.126420974731445,-1.0,0.00038873034645803273,0.0,DQN_RND,0.001,0.99,mountaincar,dense
7,1156,-200.0,200,17.83835220336914,-1.0,0.0003826507891062647,0.0,DQN_RND,0.001,0.99,mountaincar,dense
7,1157,-200.0,200,19.729875564575195,-1.0,0.00011915823415620252,0.0,DQN_RND,0.001,0.99,mountaincar,dense
7,1158,-200.0,200,18.78695297241211,-1.0,5.141761357663199e-05,0.0,DQN_RND,0.001,0.99,mountaincar,dense
7,1159,-200.0,200,15.054805755615234,-1.0,0.0001216111340909265,0.0,DQN_RND,0.001,0.99,mountaincar,dense
7,1160,-200.0,200,12.064164161682129,-1.0,0.000119162788905669,0.0,DQN_RND,0.001,0.99,mountaincar,dense
7,1161,-200.0,200,18.421567916870117,-1.0,0.0003604828962124884,0.0,DQN_RND,0.001,0.99,mountaincar,dense
7,1162,-200.0,200,13.211933135986328,-1.0,3.709193697432056e-05,0.0,DQN_RND,0.001,0.99,mountaincar,dense
7,1163,-200.0,200,5.84122896194458,-1.0,0.00012828029866795987,0.0,DQN_RND,0.001,0.99,mountaincar,dense
7,1164,-200.0,200,6.811807632446289,-1.0,0.00011875384370796382,0.0,DQN_RND,0.001,0.99,mountaincar,dense
7,1165,-200.0,200,5.390196800231934,-1.0,0.0002926134620793164,0.0,DQN_RND,0.001,0.99,mountaincar,dense
7,1166,-200.0,200,9.170037269592285,-1.0,0.0001338082511210814,0.0,DQN_RND,0.001,0.99,mountaincar,dense
7,1167,-200.0,200,8.5899019241333,-1.0,0.0003709289594553411,0.0,DQN_RND,0.001,0.99,mountaincar,dense
7,1168,-200.0,200,27.61541748046875,-1.0,0.00012122066254960373,0.0,DQN_RND,0.001,0.99,mountaincar,dense
7,1169,-200.0,200,8.331254959106445,-1.0,0.00012376262748148292,0.0,DQN_RND,0.001,0.99,mountaincar,dense
7,1170,-200.0,200,5.270475387573242,-1.0,0.00038046197732910514,0.0,DQN_RND,0.001,0.99,mountaincar,dense
7,1171,-200.0,200,10.78134822845459,-1.0,0.00011572066432563588,0.0,DQN_RND,0.001,0.99,mountaincar,dense
7,1172,-200.0,200,19.429094314575195,-1.0,0.00012114541459595785,0.0,DQN_RND,0.001,0.99,mountaincar,dense
7,1173,-200.0,200,5.29772424697876,-1.0,0.0003337264060974121,0.0,DQN_RND,0.001,0.99,mountaincar,dense
7,1174,-200.0,200,14.396917343139648,-1.0,0.0001285211183130741,0.0,DQN_RND,0.001,0.99,mountaincar,dense
7,1175,-200.0,200,6.279947757720947,-1.0,0.00011761557834688574,0.0,DQN_RND,0.001,0.99,mountaincar,dense
7,1176,-200.0,200,10.92532730102539,-1.0,0.0003486289060674608,0.0,DQN_RND,0.001,0.99,mountaincar,dense
7,1177,-200.0,200,22.5139102935791,-1.0,0.00039594012196175754,0.0,DQN_RND,0.001,0.99,mountaincar,dense
7,1178,-200.0,200,14.64953899383545,-1.0,0.00034685697755776346,0.0,DQN_RND,0.001,0.99,mountaincar,dense
7,1179,-200.0,200,6.289091110229492,-1.0,0.00036566201015375555,0.0,DQN_RND,0.001,0.99,mountaincar,dense
7,1180,-200.0,200,16.22416114807129,-1.0,0.00035771893453784287,0.0,DQN_RND,0.001,0.99,mountaincar,dense
7,1181,-200.0,200,7.737405300140381,-1.0,0.00011509983596624807,0.0,DQN_RND,0.001,0.99,mountaincar,dense
7,1182,-200.0,200,14.79793643951416,-1.0,2.9254117180244066e-05,0.0,DQN_RND,0.001,0.99,mountaincar,dense
7,1183,-200.0,200,23.294158935546875,-1.0,0.00012424634769558907,0.0,DQN_RND,0.001,0.99,mountaincar,dense
7,1184,-200.0,200,21.953725814819336,-1.0,0.00012066463386872783,0.0,DQN_RND,0.001,0.99,mountaincar,dense
7,1185,-200.0,200,8.003341674804688,-1.0,2.6431451260577887e-05,0.0,DQN_RND,0.001,0.99,mountaincar,dense
7,1186,-200.0,200,15.185232162475586,-1.0,0.00029932099278084934,0.0,DQN_RND,0.001,0.99,mountaincar,dense
7,1187,-200.0,200,2.496551275253296,-1.0,0.0001330462546320632,0.0,DQN_RND,0.001,0.99,mountaincar,dense
7,1188,-200.0,200,17.91297721862793,-1.0,0.00011902949336217716,0.0,DQN_RND,0.001,0.99,mountaincar,dense
7,1189,-200.0,200,10.286016464233398,-1.0,0.0003246940905228257,0.0,DQN_RND,0.001,0.99,mountaincar,dense
7,1190,-200.0,200,23.824695587158203,-1.0,2.5437168005737476e-05,0.0,DQN_RND,0.001,0.99,mountaincar,dense
7,1191,-200.0,200,14.212825775146484,-1.0,0.0003716287319548428,0.0,DQN_RND,0.001,0.99,mountaincar,dense
7,1192,-200.0,200,2.254326820373535,-1.0,5.961064016446471e-05,0.0,DQN_RND,0.001,0.99,mountaincar,dense
7,1193,-200.0,200,16.584579467773438,-1.0,2.7694364689523354e-05,0.0,DQN_RND,0.001,0.99,mountaincar,dense
7,1194,-200.0,200,33.010440826416016,-1.0,0.0003368545731063932,0.0,DQN_RND,0.001,0.99,mountaincar,dense
7,1195,-200.0,200,24.422582626342773,-1.0,0.00029901080415584147,0.0,DQN_RND,0.001,0.99,mountaincar,dense
7,1196,-200.0,200,4.919630527496338,-1.0,0.00011084358993684873,0.0,DQN_RND,0.001,0.99,mountaincar,dense
7,1197,-200.0,200,11.018767356872559,-1.0,3.1201216188492253e-05,0.0,DQN_RND,0.001,0.99,mountaincar,dense
7,1198,-200.0,200,12.92831802368164,-1.0,0.0003740317188203335,0.0,DQN_RND,0.001,0.99,mountaincar,dense
7,1199,-200.0,200,18.403728485107422,-1.0,0.0003291102475486696,0.0,DQN_RND,0.001,0.99,mountaincar,dense
7,1200,-200.0,200,18.130456924438477,-1.0,0.0003220890648663044,0.0,DQN_RND,0.001,0.99,mountaincar,dense
7,1201,-200.0,200,4.580422878265381,-1.0,0.00029854124295525253,0.0,DQN_RND,0.001,0.99,mountaincar,dense
7,1202,-200.0,200,2.796154260635376,-1.0,3.7463611079147086e-05,0.0,DQN_RND,0.001,0.99,mountaincar,dense
7,1203,-200.0,200,12.8241548538208,-1.0,0.0002817442873492837,0.0,DQN_RND,0.001,0.99,mountaincar,dense
7,1204,-200.0,200,10.208154678344727,-1.0,0.00030138541478663683,0.0,DQN_RND,0.001,0.99,mountaincar,dense
7,1205,-200.0,200,11.037796020507812,-1.0,0.00011079625255661085,0.0,DQN_RND,0.001,0.99,mountaincar,dense
7,1206,-200.0,200,12.890583992004395,-1.0,0.0001207651148433797,0.0,DQN_RND,0.001,0.99,mountaincar,dense
7,1207,-200.0,200,13.139303207397461,-1.0,0.0001168104718090035,0.0,DQN_RND,0.001,0.99,mountaincar,dense
7,1208,-200.0,200,22.491207122802734,-1.0,2.590281110315118e-05,0.0,DQN_RND,0.001,0.99,mountaincar,dense
7,1209,-200.0,200,9.42468547821045,-1.0,2.5808823920669965e-05,0.0,DQN_RND,0.001,0.99,mountaincar,dense
7,1210,-200.0,200,14.203021049499512,-1.0,3.169738192809746e-05,0.0,DQN_RND,0.001,0.99,mountaincar,dense
7,1211,-200.0,200,2.5258452892303467,-1.0,0.00011480131797725335,0.0,DQN_RND,0.001,0.99,mountaincar,dense
7,1212,-200.0,200,11.668608665466309,-1.0,0.00011485552386147901,0.0,DQN_RND,0.001,0.99,mountaincar,dense
7,1213,-200.0,200,13.196809768676758,-1.0,0.00011096706293756142,0.0,DQN_RND,0.001,0.99,mountaincar,dense
7,1214,-200.0,200,25.71286964416504,-1.0,0.00033914376399479806,0.0,DQN_RND,0.001,0.99,mountaincar,dense
7,1215,-200.0,200,15.38520336151123,-1.0,0.00011076183000113815,0.0,DQN_RND,0.001,0.99,mountaincar,dense
7,1216,-200.0,200,5.047402858734131,-1.0,0.0003864547179546207,0.0,DQN_RND,0.001,0.99,mountaincar,dense
7,1217,-200.0,200,11.748199462890625,-1.0,0.0003173380973748863,0.0,DQN_RND,0.001,0.99,mountaincar,dense
7,1218,-200.0,200,10.153145790100098,-1.0,4.736604023491964e-05,0.0,DQN_RND,0.001,0.99,mountaincar,dense
7,1219,-200.0,200,14.474922180175781,-1.0,4.928670387016609e-05,0.0,DQN_RND,0.001,0.99,mountaincar,dense
7,1220,-200.0,200,19.530202865600586,-1.0,5.3751202358398587e-05,0.0,DQN_RND,0.001,0.99,mountaincar,dense
7,1221,-200.0,200,27.448223114013672,-1.0,0.0001333905674982816,0.0,DQN_RND,0.001,0.99,mountaincar,dense
7,1222,-200.0,200,8.7388334274292,-1.0,0.00012947885261382908,0.0,DQN_RND,0.001,0.99,mountaincar,dense
7,1223,-200.0,200,7.53286075592041,-1.0,2.682165904843714e-05,0.0,DQN_RND,0.001,0.99,mountaincar,dense
7,1224,-200.0,200,11.866750717163086,-1.0,0.00034684172715060413,0.0,DQN_RND,0.001,0.99,mountaincar,dense
7,1225,-200.0,200,9.75439739227295,-1.0,6.151725392555818e-05,0.0,DQN_RND,0.001,0.99,mountaincar,dense
7,1226,-200.0,200,15.830988883972168,-1.0,0.00010650704643921927,0.0,DQN_RND,0.001,0.99,mountaincar,dense
7,1227,-200.0,200,7.9578351974487305,-1.0,0.00010795264097396284,0.0,DQN_RND,0.001,0.99,mountaincar,dense
7,1228,-200.0,200,5.006161689758301,-1.0,0.0003021028242073953,0.0,DQN_RND,0.001,0.99,mountaincar,dense
7,1229,-200.0,200,6.655141353607178,-1.0,4.2687675886554644e-05,0.0,DQN_RND,0.001,0.99,mountaincar,dense
7,1230,-200.0,200,9.943878173828125,-1.0,2.522759859857615e-05,0.0,DQN_RND,0.001,0.99,mountaincar,dense
7,1231,-200.0,200,9.009835243225098,-1.0,0.00010639618994900957,0.0,DQN_RND,0.001,0.99,mountaincar,dense
7,1232,-200.0,200,16.981246948242188,-1.0,0.00012211970170028508,0.0,DQN_RND,0.001,0.99,mountaincar,dense
7,1233,-200.0,200,15.210111618041992,-1.0,0.000288997107418254,0.0,DQN_RND,0.001,0.99,mountaincar,dense
7,1234,-200.0,200,12.868997573852539,-1.0,0.0003866729384753853,0.0,DQN_RND,0.001,0.99,mountaincar,dense
7,1235,-200.0,200,13.990992546081543,-1.0,0.00010743045277195051,0.0,DQN_RND,0.001,0.99,mountaincar,dense
7,1236,-200.0,200,13.207168579101562,-1.0,4.625451038009487e-05,0.0,DQN_RND,0.001,0.99,mountaincar,dense
7,1237,-200.0,200,13.469852447509766,-1.0,0.0003884902107529342,0.0,DQN_RND,0.001,0.99,mountaincar,dense
7,1238,-200.0,200,17.24810028076172,-1.0,0.00034669978776946664,0.0,DQN_RND,0.001,0.99,mountaincar,dense
7,1239,-200.0,200,2.516441583633423,-1.0,0.00031537801260128617,0.0,DQN_RND,0.001,0.99,mountaincar,dense
7,1240,-200.0,200,14.96258544921875,-1.0,0.00010965383262373507,0.0,DQN_RND,0.001,0.99,mountaincar,dense
7,1241,-200.0,200,13.980538368225098,-1.0,0.0003616051690187305,0.0,DQN_RND,0.001,0.99,mountaincar,dense
7,1242,-200.0,200,22.318273544311523,-1.0,0.00010768910578917712,0.0,DQN_RND,0.001,0.99,mountaincar,dense
7,1243,-200.0,200,10.123369216918945,-1.0,0.00010650139302015305,0.0,DQN_RND,0.001,0.99,mountaincar,dense
7,1244,-200.0,200,4.792137145996094,-1.0,0.00010706909961299971,0.0,DQN_RND,0.001,0.99,mountaincar,dense
7,1245,-200.0,200,15.587353706359863,-1.0,6.107925582909957e-05,0.0,DQN_RND,0.001,0.99,mountaincar,dense
7,1246,-200.0,200,12.291817665100098,-1.0,8.224701014114544e-05,0.0,DQN_RND,0.001,0.99,mountaincar,dense
7,1247,-200.0,200,15.187923431396484,-1.0,2.3537815650342964e-05,0.0,DQN_RND,0.001,0.99,mountaincar,dense
7,1248,-200.0,200,12.161710739135742,-1.0,2.7372867407393642e-05,0.0,DQN_RND,0.001,0.99,mountaincar,dense
7,1249,-200.0,200,13.310834884643555,-1.0,3.7479934690054506e-05,0.0,DQN_RND,0.001,0.99,mountaincar,dense
7,1250,-200.0,200,15.378235816955566,-1.0,0.0002985524188261479,0.0,DQN_RND,0.001,0.99,mountaincar,dense
7,1251,-200.0,200,15.889243125915527,-1.0,0.00035217622644267976,0.0,DQN_RND,0.001,0.99,mountaincar,dense
7,1252,-200.0,200,21.381032943725586,-1.0,0.000121084347483702,0.0,DQN_RND,0.001,0.99,mountaincar,dense
7,1253,-200.0,200,19.80215835571289,-1.0,0.0003231758892070502,0.0,DQN_RND,0.001,0.99,mountaincar,dense
7,1254,-200.0,200,12.918519020080566,-1.0,0.00010480589844519272,0.0,DQN_RND,0.001,0.99,mountaincar,dense
7,1255,-200.0,200,10.329591751098633,-1.0,0.0003387282195035368,0.0,DQN_RND,0.001,0.99,mountaincar,dense
7,1256,-200.0,200,8.09631633758545,-1.0,0.0003101486654486507,0.0,DQN_RND,0.001,0.99,mountaincar,dense
7,1257,-200.0,200,18.724088668823242,-1.0,0.00028202609973959625,0.0,DQN_RND,0.001,0.99,mountaincar,dense
7,1258,-200.0,200,17.400218963623047,-1.0,0.0003246857668273151,0.0,DQN_RND,0.001,0.99,mountaincar,dense
7,1259,-200.0,200,4.948054313659668,-1.0,0.00010288651537848637,0.0,DQN_RND,0.001,0.99,mountaincar,dense
7,1260,-200.0,200,7.61110258102417,-1.0,0.00011278985039098188,0.0,DQN_RND,0.001,0.99,mountaincar,dense
7,1261,-200.0,200,15.10647964477539,-1.0,0.00023512146435678005,0.0,DQN_RND,0.001,0.99,mountaincar,dense
7,1262,-200.0,200,15.767581939697266,-1.0,0.00036624318454414606,0.0,DQN_RND,0.001,0.99,mountaincar,dense
7,1263,-200.0,200,7.220557689666748,-1.0,0.00011828038259409368,0.0,DQN_RND,0.001,0.99,mountaincar,dense
7,1264,-200.0,200,20.20530891418457,-1.0,3.566329905879684e-05,0.0,DQN_RND,0.001,0.99,mountaincar,dense
7,1265,-200.0,200,10.535905838012695,-1.0,0.0001029173654387705,0.0,DQN_RND,0.001,0.99,mountaincar,dense
7,1266,-200.0,200,13.82529354095459,-1.0,0.0003590636479202658,0.0,DQN_RND,0.001,0.99,mountaincar,dense
7,1267,-200.0,200,20.24795150756836,-1.0,0.00035865665995515883,0.0,DQN_RND,0.001,0.99,mountaincar,dense
7,1268,-200.0,200,14.318577766418457,-1.0,0.00030832551419734955,0.0,DQN_RND,0.001,0.99,mountaincar,dense
7,1269,-200.0,200,14.864202499389648,-1.0,0.00010245963494526222,0.0,DQN_RND,0.001,0.99,mountaincar,dense
7,1270,-200.0,200,14.43879508972168,-1.0,0.000368474458809942,0.0,DQN_RND,0.001,0.99,mountaincar,dense
7,1271,-200.0,200,2.4032437801361084,-1.0,0.0002789144346024841,0.0,DQN_RND,0.001,0.99,mountaincar,dense
7,1272,-200.0,200,13.553646087646484,-1.0,5.096528184367344e-05,0.0,DQN_RND,0.001,0.99,mountaincar,dense
7,1273,-200.0,200,19.05268096923828,-1.0,0.0002658055745996535,0.0,DQN_RND,0.001,0.99,mountaincar,dense
7,1274,-200.0,200,15.640138626098633,-1.0,0.000288213137537241,0.0,DQN_RND,0.001,0.99,mountaincar,dense
7,1275,-200.0,200,14.171900749206543,-1.0,0.00011894318595295772,0.0,DQN_RND,0.001,0.99,mountaincar,dense
7,1276,-200.0,200,15.566703796386719,-1.0,0.0002985853934660554,0.0,DQN_RND,0.001,0.99,mountaincar,dense
7,1277,-200.0,200,22.294282913208008,-1.0,4.540559166343883e-05,0.0,DQN_RND,0.001,0.99,mountaincar,dense
7,1278,-200.0,200,13.384900093078613,-1.0,0.00010159621888305992,0.0,DQN_RND,0.001,0.99,mountaincar,dense
7,1279,-200.0,200,13.979069709777832,-1.0,0.00010612234473228455,0.0,DQN_RND,0.001,0.99,mountaincar,dense
7,1280,-200.0,200,12.703619956970215,-1.0,0.0001083722963812761,0.0,DQN_RND,0.001,0.99,mountaincar,dense
7,1281,-200.0,200,16.049591064453125,-1.0,2.0981395209673792e-05,0.0,DQN_RND,0.001,0.99,mountaincar,dense
7,1282,-200.0,200,5.004064083099365,-1.0,3.8838039472466335e-05,0.0,DQN_RND,0.001,0.99,mountaincar,dense
7,1283,-200.0,200,5.662473678588867,-1.0,2.0891937310807407e-05,0.0,DQN_RND,0.001,0.99,mountaincar,dense
7,1284,-200.0,200,0.024704132229089737,-1.0,0.0002971060457639396,0.0,DQN_RND,0.001,0.99,mountaincar,dense
7,1285,-200.0,200,16.556682586669922,-1.0,0.0002771035651676357,0.0,DQN_RND,0.001,0.99,mountaincar,dense
7,1286,-200.0,200,14.670540809631348,-1.0,0.00011182654270669445,0.0,DQN_RND,0.001,0.99,mountaincar,dense
7,1287,-200.0,200,10.336257934570312,-1.0,0.00035653376835398376,0.0,DQN_RND,0.001,0.99,mountaincar,dense
7,1288,-200.0,200,3.227412700653076,-1.0,4.088802234036848e-05,0.0,DQN_RND,0.001,0.99,mountaincar,dense
7,1289,-200.0,200,8.815556526184082,-1.0,0.0002886386646423489,0.0,DQN_RND,0.001,0.99,mountaincar,dense
7,1290,-200.0,200,25.578922271728516,-1.0,0.00011124472803203389,0.0,DQN_RND,0.001,0.99,mountaincar,dense
7,1291,-200.0,200,11.361148834228516,-1.0,0.00010361669410485774,0.0,DQN_RND,0.001,0.99,mountaincar,dense
7,1292,-200.0,200,5.364577293395996,-1.0,0.0002794456959236413,0.0,DQN_RND,0.001,0.99,mountaincar,dense
7,1293,-200.0,200,5.326519012451172,-1.0,0.00011276771692791954,0.0,DQN_RND,0.001,0.99,mountaincar,dense
7,1294,-200.0,200,11.27737045288086,-1.0,9.849268826656044e-05,0.0,DQN_RND,0.001,0.99,mountaincar,dense
7,1295,-200.0,200,12.138053894042969,-1.0,0.00010031885176431388,0.0,DQN_RND,0.001,0.99,mountaincar,dense
7,1296,-200.0,200,20.575313568115234,-1.0,0.000305297551676631,0.0,DQN_RND,0.001,0.99,mountaincar,dense
7,1297,-200.0,200,15.405885696411133,-1.0,0.000339265912771225,0.0,DQN_RND,0.001,0.99,mountaincar,dense
7,1298,-200.0,200,18.612150192260742,-1.0,9.821182175073773e-05,0.0,DQN_RND,0.001,0.99,mountaincar,dense
7,1299,-200.0,200,14.579950332641602,-1.0,5.7187280617654324e-05,0.0,DQN_RND,0.001,0.99,mountaincar,dense
7,1300,-200.0,200,18.176782608032227,-1.0,0.000291722099063918,0.0,DQN_RND,0.001,0.99,mountaincar,dense
7,1301,-200.0,200,13.989686012268066,-1.0,0.00029396286117844284,0.0,DQN_RND,0.001,0.99,mountaincar,dense
7,1302,-200.0,200,11.51094913482666,-1.0,0.00029859854839742184,0.0,DQN_RND,0.001,0.99,mountaincar,dense
7,1303,-200.0,200,10.899338722229004,-1.0,0.00032988074235618114,0.0,DQN_RND,0.001,0.99,mountaincar,dense
7,1304,-200.0,200,8.710713386535645,-1.0,4.392584378365427e-05,0.0,DQN_RND,0.001,0.99,mountaincar,dense
7,1305,-200.0,200,16.49744415283203,-1.0,0.0003675222978927195,0.0,DQN_RND,0.001,0.99,mountaincar,dense
7,1306,-200.0,200,5.042278289794922,-1.0,9.832491195993498e-05,0.0,DQN_RND,0.001,0.99,mountaincar,dense
7,1307,-200.0,200,20.06191635131836,-1.0,0.00011183579044882208,0.0,DQN_RND,0.001,0.99,mountaincar,dense
7,1308,-200.0,200,17.208351135253906,-1.0,0.0003321680414956063,0.0,DQN_RND,0.001,0.99,mountaincar,dense
7,1309,-200.0,200,8.847428321838379,-1.0,0.0002798970090225339,0.0,DQN_RND,0.001,0.99,mountaincar,dense
7,1310,-200.0,200,9.010364532470703,-1.0,0.0002660908503457904,0.0,DQN_RND,0.001,0.99,mountaincar,dense
7,1311,-200.0,200,8.552631378173828,-1.0,0.0002680539037100971,0.0,DQN_RND,0.001,0.99,mountaincar,dense
7,1312,-200.0,200,19.83757209777832,-1.0,9.701547242002562e-05,0.0,DQN_RND,0.001,0.99,mountaincar,dense
7,1313,-200.0,200,11.66539478302002,-1.0,0.0001079391295206733,0.0,DQN_RND,0.001,0.99,mountaincar,dense
7,1314,-200.0,200,8.855915069580078,-1.0,0.0002880990505218506,0.0,DQN_RND,0.001,0.99,mountaincar,dense
7,1315,-200.0,200,11.120651245117188,-1.0,0.0002679048338904977,0.0,DQN_RND,0.001,0.99,mountaincar,dense
7,1316,-200.0,200,19.826732635498047,-1.0,0.0001022810029098764,0.0,DQN_RND,0.001,0.99,mountaincar,dense
7,1317,-200.0,200,15.627285957336426,-1.0,9.587324893800542e-05,0.0,DQN_RND,0.001,0.99,mountaincar,dense
7,1318,-200.0,200,26.20505142211914,-1.0,0.00010270591883454472,0.0,DQN_RND,0.001,0.99,mountaincar,dense
7,1319,-200.0,200,16.856584548950195,-1.0,9.569748362991959e-05,0.0,DQN_RND,0.001,0.99,mountaincar,dense
7,1320,-200.0,200,8.726616859436035,-1.0,9.4575785624329e-05,0.0,DQN_RND,0.001,0.99,mountaincar,dense
7,1321,-200.0,200,15.790994644165039,-1.0,0.0003604500670917332,0.0,DQN_RND,0.001,0.99,mountaincar,dense
7,1322,-200.0,200,8.043580055236816,-1.0,0.00010381906031398103,0.0,DQN_RND,0.001,0.99,mountaincar,dense
7,1323,-200.0,200,14.099339485168457,-1.0,9.849685011431575e-05,0.0,DQN_RND,0.001,0.99,mountaincar,dense
7,1324,-200.0,200,18.688657760620117,-1.0,0.0003599153133109212,0.0,DQN_RND,0.001,0.99,mountaincar,dense
7,1325,-200.0,200,11.599296569824219,-1.0,2.2557749616680667e-05,0.0,DQN_RND,0.001,0.99,mountaincar,dense
7,1326,-200.0,200,6.381227493286133,-1.0,0.0002709955151658505,0.0,DQN_RND,0.001,0.99,mountaincar,dense
7,1327,-200.0,200,17.87148094177246,-1.0,0.0002945580054074526,0.0,DQN_RND,0.001,0.99,mountaincar,dense
7,1328,-200.0,200,8.327418327331543,-1.0,4.657220051740296e-05,0.0,DQN_RND,0.001,0.99,mountaincar,dense
7,1329,-200.0,200,15.215112686157227,-1.0,9.437610424356535e-05,0.0,DQN_RND,0.001,0.99,mountaincar,dense
7,1330,-200.0,200,23.425317764282227,-1.0,0.00036102591548115015,0.0,DQN_RND,0.001,0.99,mountaincar,dense
7,1331,-200.0,200,11.111427307128906,-1.0,0.00035327119985595345,0.0,DQN_RND,0.001,0.99,mountaincar,dense
7,1332,-200.0,200,9.667523384094238,-1.0,9.549818787490949e-05,0.0,DQN_RND,0.001,0.99,mountaincar,dense
7,1333,-200.0,200,14.848220825195312,-1.0,0.0003135591687168926,0.0,DQN_RND,0.001,0.99,mountaincar,dense
7,1334,-200.0,200,18.83481216430664,-1.0,9.866229083854705e-05,0.0,DQN_RND,0.001,0.99,mountaincar,dense
7,1335,-200.0,200,19.602020263671875,-1.0,1.7788468539947644e-05,0.0,DQN_RND,0.001,0.99,mountaincar,dense
7,1336,-200.0,200,23.37521743774414,-1.0,1.7461714378441684e-05,0.0,DQN_RND,0.001,0.99,mountaincar,dense
7,1337,-200.0,200,18.59902572631836,-1.0,9.225169196724892e-05,0.0,DQN_RND,0.001,0.99,mountaincar,dense
7,1338,-200.0,200,18.102556228637695,-1.0,0.0002741223433986306,0.0,DQN_RND,0.001,0.99,mountaincar,dense
7,1339,-200.0,200,14.913002014160156,-1.0,0.00025309500051662326,0.0,DQN_RND,0.001,0.99,mountaincar,dense
7,1340,-200.0,200,23.24955940246582,-1.0,1.6563715689699166e-05,0.0,DQN_RND,0.001,0.99,mountaincar,dense
7,1341,-200.0,200,11.34842586517334,-1.0,0.0002718573668971658,0.0,DQN_RND,0.001,0.99,mountaincar,dense
7,1342,-200.0,200,14.40475082397461,-1.0,9.864266030490398e-05,0.0,DQN_RND,0.001,0.99,mountaincar,dense
7,1343,-200.0,200,7.940822124481201,-1.0,9.19317826628685e-05,0.0,DQN_RND,0.001,0.99,mountaincar,dense
7,1344,-200.0,200,24.609312057495117,-1.0,1.720237014524173e-05,0.0,DQN_RND,0.001,0.99,mountaincar,dense
7,1345,-200.0,200,14.770129203796387,-1.0,0.0002788466517813504,0.0,DQN_RND,0.001,0.99,mountaincar,dense
7,1346,-200.0,200,21.57233238220215,-1.0,1.655180130910594e-05,0.0,DQN_RND,0.001,0.99,mountaincar,dense
7,1347,-200.0,200,18.81787109375,-1.0,3.880503209074959e-05,0.0,DQN_RND,0.001,0.99,mountaincar,dense
7,1348,-200.0,200,30.874765396118164,-1.0,0.00034421740565449,0.0,DQN_RND,0.001,0.99,mountaincar,dense
7,1349,-200.0,200,25.59454345703125,-1.0,0.0003424443711992353,0.0,DQN_RND,0.001,0.99,mountaincar,dense
7,1350,-200.0,200,5.52243185043335,-1.0,9.209154814016074e-05,0.0,DQN_RND,0.001,0.99,mountaincar,dense
7,1351,-200.0,200,19.195646286010742,-1.0,9.13010080694221e-05,0.0,DQN_RND,0.001,0.99,mountaincar,dense
7,1352,-200.0,200,6.5329508781433105,-1.0,0.00034196078195236623,0.0,DQN_RND,0.001,0.99,mountaincar,dense
7,1353,-200.0,200,8.545401573181152,-1.0,9.965050412574783e-05,0.0,DQN_RND,0.001,0.99,mountaincar,dense
7,1354,-200.0,200,6.240575313568115,-1.0,9.88837709883228e-05,0.0,DQN_RND,0.001,0.99,mountaincar,dense
7,1355,-200.0,200,17.04446792602539,-1.0,2.691203735594172e-05,0.0,DQN_RND,0.001,0.99,mountaincar,dense
7,1356,-200.0,200,9.172322273254395,-1.0,3.444267713348381e-05,0.0,DQN_RND,0.001,0.99,mountaincar,dense
7,1357,-200.0,200,14.847201347351074,-1.0,0.00024196480808313936,0.0,DQN_RND,0.001,0.99,mountaincar,dense
7,1358,-200.0,200,11.769379615783691,-1.0,9.135796426562592e-05,0.0,DQN_RND,0.001,0.99,mountaincar,dense
7,1359,-200.0,200,21.68031120300293,-1.0,0.00010393873526481912,0.0,DQN_RND,0.001,0.99,mountaincar,dense
7,1360,-200.0,200,12.328631401062012,-1.0,0.00010763778846012428,0.0,DQN_RND,0.001,0.99,mountaincar,dense
7,1361,-200.0,200,9.684462547302246,-1.0,9.03450563782826e-05,0.0,DQN_RND,0.001,0.99,mountaincar,dense
7,1362,-200.0,200,2.9741439819335938,-1.0,0.00029544634162448347,0.0,DQN_RND,0.001,0.99,mountaincar,dense
7,1363,-200.0,200,11.74957275390625,-1.0,9.081224561668932e-05,0.0,DQN_RND,0.001,0.99,mountaincar,dense
7,1364,-200.0,200,15.073219299316406,-1.0,0.00031099034822545946,0.0,DQN_RND,0.001,0.99,mountaincar,dense
7,1365,-200.0,200,18.313823699951172,-1.0,0.00026106179575435817,0.0,DQN_RND,0.001,0.99,mountaincar,dense
7,1366,-200.0,200,14.22457218170166,-1.0,0.00033201411133632064,0.0,DQN_RND,0.001,0.99,mountaincar,dense
7,1367,-200.0,200,14.172161102294922,-1.0,0.00027790668536908925,0.0,DQN_RND,0.001,0.99,mountaincar,dense
7,1368,-200.0,200,17.348711013793945,-1.0,1.6943280570558272e-05,0.0,DQN_RND,0.001,0.99,mountaincar,dense
7,1369,-200.0,200,26.340517044067383,-1.0,0.0002846272836904973,0.0,DQN_RND,0.001,0.99,mountaincar,dense
7,1370,-200.0,200,27.71988868713379,-1.0,9.359799878438935e-05,0.0,DQN_RND,0.001,0.99,mountaincar,dense
7,1371,-200.0,200,24.474687576293945,-1.0,8.834370964905247e-05,0.0,DQN_RND,0.001,0.99,mountaincar,dense
7,1372,-200.0,200,5.908679962158203,-1.0,8.896792132873088e-05,0.0,DQN_RND,0.001,0.99,mountaincar,dense
7,1373,-200.0,200,13.624174118041992,-1.0,8.891095058061182e-05,0.0,DQN_RND,0.001,0.99,mountaincar,dense
7,1374,-200.0,200,5.386117458343506,-1.0,0.00010112844029208645,0.0,DQN_RND,0.001,0.99,mountaincar,dense
7,1375,-200.0,200,10.258561134338379,-1.0,9.719625813886523e-05,0.0,DQN_RND,0.001,0.99,mountaincar,dense
7,1376,-200.0,200,13.214658737182617,-1.0,4.185441503068432e-05,0.0,DQN_RND,0.001,0.99,mountaincar,dense
7,1377,-200.0,200,15.9427490234375,-1.0,9.455858526052907e-05,0.0,DQN_RND,0.001,0.99,mountaincar,dense
7,1378,-200.0,200,16.270401000976562,-1.0,4.563888069242239e-05,0.0,DQN_RND,0.001,0.99,mountaincar,dense
7,1379,-200.0,200,16.517169952392578,-1.0,4.95796775794588e-05,0.0,DQN_RND,0.001,0.99,mountaincar,dense
7,1380,-200.0,200,10.650679588317871,-1.0,9.458967542741448e-05,0.0,DQN_RND,0.001,0.99,mountaincar,dense
7,1381,-200.0,200,14.267725944519043,-1.0,2.3780199626344256e-05,0.0,DQN_RND,0.001,0.99,mountaincar,dense
7,1382,-200.0,200,24.082828521728516,-1.0,0.0001003058860078454,0.0,DQN_RND,0.001,0.99,mountaincar,dense
7,1383,-200.0,200,13.621512413024902,-1.0,3.1652714824303985e-05,0.0,DQN_RND,0.001,0.99,mountaincar,dense
7,1384,-200.0,200,11.086884498596191,-1.0,9.304819104727358e-05,0.0,DQN_RND,0.001,0.99,mountaincar,dense
7,1385,-200.0,200,8.790098190307617,-1.0,0.00010336677951272577,0.0,DQN_RND,0.001,0.99,mountaincar,dense
7,1386,-200.0,200,10.5506010055542,-1.0,0.00029390936833806336,0.0,DQN_RND,0.001,0.99,mountaincar,dense
7,1387,-200.0,200,27.719348907470703,-1.0,2.447659062454477e-05,0.0,DQN_RND,0.001,0.99,mountaincar,dense
7,1388,-200.0,200,13.935674667358398,-1.0,8.7892753072083e-05,0.0,DQN_RND,0.001,0.99,mountaincar,dense
7,1389,-200.0,200,10.8277587890625,-1.0,1.4590047612728085e-05,0.0,DQN_RND,0.001,0.99,mountaincar,dense
7,1390,-200.0,200,27.0675106048584,-1.0,3.1630424928152934e-05,0.0,DQN_RND,0.001,0.99,mountaincar,dense
7,1391,-200.0,200,15.206964492797852,-1.0,2.6908781364909373e-05,0.0,DQN_RND,0.001,0.99,mountaincar,dense
7,1392,-200.0,200,22.07082176208496,-1.0,0.0003384005685802549,0.0,DQN_RND,0.001,0.99,mountaincar,dense
7,1393,-200.0,200,8.051812171936035,-1.0,0.0002473997592460364,0.0,DQN_RND,0.001,0.99,mountaincar,dense
7,1394,-200.0,200,19.6088924407959,-1.0,9.252350719179958e-05,0.0,DQN_RND,0.001,0.99,mountaincar,dense
7,1395,-200.0,200,17.011592864990234,-1.0,9.201045031659305e-05,0.0,DQN_RND,0.001,0.99,mountaincar,dense
7,1396,-200.0,200,36.569679260253906,-1.0,0.00024708552518859506,0.0,DQN_RND,0.001,0.99,mountaincar,dense
7,1397,-200.0,200,8.568894386291504,-1.0,0.00010401489998912439,0.0,DQN_RND,0.001,0.99,mountaincar,dense
7,1398,-200.0,200,8.421727180480957,-1.0,3.0072675144765526e-05,0.0,DQN_RND,0.001,0.99,mountaincar,dense
7,1399,-200.0,200,17.194345474243164,-1.0,3.8561902329092845e-05,0.0,DQN_RND,0.001,0.99,mountaincar,dense
7,1400,-200.0,200,8.816964149475098,-1.0,9.082462202059105e-05,0.0,DQN_RND,0.001,0.99,mountaincar,dense
7,1401,-200.0,200,12.350894927978516,-1.0,8.535970846423879e-05,0.0,DQN_RND,0.001,0.99,mountaincar,dense
7,1402,-200.0,200,14.577347755432129,-1.0,0.00024218492035288364,0.0,DQN_RND,0.001,0.99,mountaincar,dense
7,1403,-200.0,200,12.180038452148438,-1.0,1.96047894860385e-05,0.0,DQN_RND,0.001,0.99,mountaincar,dense
7,1404,-200.0,200,12.820281982421875,-1.0,0.0003150707052554935,0.0,DQN_RND,0.001,0.99,mountaincar,dense
7,1405,-200.0,200,22.00347137451172,-1.0,2.247073825856205e-05,0.0,DQN_RND,0.001,0.99,mountaincar,dense
7,1406,-200.0,200,13.313934326171875,-1.0,1.7793716324376874e-05,0.0,DQN_RND,0.001,0.99,mountaincar,dense
7,1407,-200.0,200,17.62591552734375,-1.0,1.853688809205778e-05,0.0,DQN_RND,0.001,0.99,mountaincar,dense
7,1408,-200.0,200,22.646303176879883,-1.0,0.00023922431864775717,0.0,DQN_RND,0.001,0.99,mountaincar,dense
7,1409,-200.0,200,17.079530715942383,-1.0,2.1071291484986432e-05,0.0,DQN_RND,0.001,0.99,mountaincar,dense
7,1410,-200.0,200,16.095108032226562,-1.0,0.00010131522867595777,0.0,DQN_RND,0.001,0.99,mountaincar,dense
7,1411,-200.0,200,16.426103591918945,-1.0,4.4782846089219674e-05,0.0,DQN_RND,0.001,0.99,mountaincar,dense
7,1412,-200.0,200,8.412808418273926,-1.0,1.642329152673483e-05,0.0,DQN_RND,0.001,0.99,mountaincar,dense
7,1413,-200.0,200,11.697685241699219,-1.0,0.0002679375756997615,0.0,DQN_RND,0.001,0.99,mountaincar,dense
7,1414,-200.0,200,17.392805099487305,-1.0,0.00010307745105819777,0.0,DQN_RND,0.001,0.99,mountaincar,dense
7,1415,-200.0,200,22.139877319335938,-1.0,0.0003163300862070173,0.0,DQN_RND,0.001,0.99,mountaincar,dense
7,1416,-200.0,200,17.17774200439453,-1.0,8.342530054505914e-05,0.0,DQN_RND,0.001,0.99,mountaincar,dense
7,1417,-200.0,200,22.542882919311523,-1.0,1.6096300896606408e-05,0.0,DQN_RND,0.001,0.99,mountaincar,dense
7,1418,-200.0,200,10.699522018432617,-1.0,0.00023415910254698247,0.0,DQN_RND,0.001,0.99,mountaincar,dense
7,1419,-200.0,200,13.600378036499023,-1.0,5.133928789291531e-05,0.0,DQN_RND,0.001,0.99,mountaincar,dense
7,1420,-200.0,200,21.80763816833496,-1.0,4.344016269897111e-05,0.0,DQN_RND,0.001,0.99,mountaincar,dense
7,1421,-200.0,200,14.745404243469238,-1.0,1.724040885164868e-05,0.0,DQN_RND,0.001,0.99,mountaincar,dense
7,1422,-200.0,200,14.436469078063965,-1.0,2.808151657518465e-05,0.0,DQN_RND,0.001,0.99,mountaincar,dense
7,1423,-200.0,200,14.631030082702637,-1.0,1.713004894554615e-05,0.0,DQN_RND,0.001,0.99,mountaincar,dense
7,1424,-200.0,200,21.345882415771484,-1.0,0.000323803978972137,0.0,DQN_RND,0.001,0.99,mountaincar,dense
7,1425,-200.0,200,10.795966148376465,-1.0,8.924565190682188e-05,0.0,DQN_RND,0.001,0.99,mountaincar,dense
7,1426,-200.0,200,17.268238067626953,-1.0,0.00025412021204829216,0.0,DQN_RND,0.001,0.99,mountaincar,dense
7,1427,-200.0,200,8.669498443603516,-1.0,8.129805792123079e-05,0.0,DQN_RND,0.001,0.99,mountaincar,dense
7,1428,-200.0,200,11.585617065429688,-1.0,8.528358011972159e-05,0.0,DQN_RND,0.001,0.99,mountaincar,dense
7,1429,-200.0,200,7.8776774406433105,-1.0,9.63825877988711e-05,0.0,DQN_RND,0.001,0.99,mountaincar,dense
7,1430,-200.0,200,25.409339904785156,-1.0,9.605787636246532e-05,0.0,DQN_RND,0.001,0.99,mountaincar,dense
7,1431,-200.0,200,8.521556854248047,-1.0,8.31161014502868e-05,0.0,DQN_RND,0.001,0.99,mountaincar,dense
7,1432,-200.0,200,5.7195210456848145,-1.0,0.0002322243235539645,0.0,DQN_RND,0.001,0.99,mountaincar,dense
7,1433,-200.0,200,13.56182861328125,-1.0,8.788622653810307e-05,0.0,DQN_RND,0.001,0.99,mountaincar,dense
7,1434,-200.0,200,13.847868919372559,-1.0,0.0002779345668386668,0.0,DQN_RND,0.001,0.99,mountaincar,dense
7,1435,-200.0,200,13.425490379333496,-1.0,2.7028994736610912e-05,0.0,DQN_RND,0.001,0.99,mountaincar,dense
7,1436,-200.0,200,18.940507888793945,-1.0,8.242133480962366e-05,0.0,DQN_RND,0.001,0.99,mountaincar,dense
7,1437,-200.0,200,27.84239387512207,-1.0,8.266876102425158e-05,0.0,DQN_RND,0.001,0.99,mountaincar,dense
7,1438,-200.0,200,24.38849639892578,-1.0,1.6227844753302634e-05,0.0,DQN_RND,0.001,0.99,mountaincar,dense
7,1439,-200.0,200,10.789454460144043,-1.0,9.282616520067677e-05,0.0,DQN_RND,0.001,0.99,mountaincar,dense
7,1440,-200.0,200,19.445646286010742,-1.0,9.101816976908594e-05,0.0,DQN_RND,0.001,0.99,mountaincar,dense
7,1441,-200.0,200,10.731213569641113,-1.0,0.0003311351756565273,0.0,DQN_RND,0.001,0.99,mountaincar,dense
7,1442,-200.0,200,8.225536346435547,-1.0,0.0002486206067260355,0.0,DQN_RND,0.001,0.99,mountaincar,dense
7,1443,-200.0,200,10.342041015625,-1.0,0.00028626082348637283,0.0,DQN_RND,0.001,0.99,mountaincar,dense
7,1444,-200.0,200,10.418893814086914,-1.0,8.152812370099127e-05,0.0,DQN_RND,0.001,0.99,mountaincar,dense
7,1445,-200.0,200,7.44584846496582,-1.0,9.154486906481907e-05,0.0,DQN_RND,0.001,0.99,mountaincar,dense
7,1446,-200.0,200,13.28564453125,-1.0,4.485809040488675e-05,0.0,DQN_RND,0.001,0.99,mountaincar,dense
7,1447,-200.0,200,8.154540061950684,-1.0,8.018891821848229e-05,0.0,DQN_RND,0.001,0.99,mountaincar,dense
7,1448,-200.0,200,16.36153793334961,-1.0,0.0002674574498087168,0.0,DQN_RND,0.001,0.99,mountaincar,dense
7,1449,-200.0,200,5.567739009857178,-1.0,9.950025560101494e-05,0.0,DQN_RND,0.001,0.99,mountaincar,dense
7,1450,-200.0,200,10.78102970123291,-1.0,9.161624620901421e-05,0.0,DQN_RND,0.001,0.99,mountaincar,dense
7,1451,-200.0,200,11.607877731323242,-1.0,7.89949917816557e-05,0.0,DQN_RND,0.001,0.99,mountaincar,dense
7,1452,-200.0,200,19.149660110473633,-1.0,0.00024261420185212046,0.0,DQN_RND,0.001,0.99,mountaincar,dense
7,1453,-200.0,200,5.803689002990723,-1.0,8.93069664016366e-05,0.0,DQN_RND,0.001,0.99,mountaincar,dense
7,1454,-200.0,200,17.082860946655273,-1.0,0.0002759237540885806,0.0,DQN_RND,0.001,0.99,mountaincar,dense
7,1455,-200.0,200,10.58631706237793,-1.0,0.0002765570243354887,0.0,DQN_RND,0.001,0.99,mountaincar,dense
7,1456,-200.0,200,13.944108963012695,-1.0,0.00025713857030496,0.0,DQN_RND,0.001,0.99,mountaincar,dense
7,1457,-200.0,200,19.209056854248047,-1.0,8.202202297979966e-05,0.0,DQN_RND,0.001,0.99,mountaincar,dense
7,1458,-200.0,200,5.804810523986816,-1.0,7.89614932728e-05,0.0,DQN_RND,0.001,0.99,mountaincar,dense
7,1459,-200.0,200,16.776866912841797,-1.0,0.00031644516275264323,0.0,DQN_RND,0.001,0.99,mountaincar,dense
7,1460,-200.0,200,5.98736047744751,-1.0,8.488968887832016e-05,0.0,DQN_RND,0.001,0.99,mountaincar,dense
7,1461,-200.0,200,13.89946460723877,-1.0,0.00026056289789266884,0.0,DQN_RND,0.001,0.99,mountaincar,dense
7,1462,-200.0,200,11.883559226989746,-1.0,5.249397872830741e-05,0.0,DQN_RND,0.001,0.99,mountaincar,dense
7,1463,-200.0,200,11.714889526367188,-1.0,0.0003124327049590647,0.0,DQN_RND,0.001,0.99,mountaincar,dense
7,1464,-200.0,200,8.107851028442383,-1.0,0.00030804131529293954,0.0,DQN_RND,0.001,0.99,mountaincar,dense
7,1465,-200.0,200,14.610444068908691,-1.0,0.000248340773396194,0.0,DQN_RND,0.001,0.99,mountaincar,dense
7,1466,-200.0,200,11.34785270690918,-1.0,0.00022698772954754531,0.0,DQN_RND,0.001,0.99,mountaincar,dense
7,1467,-200.0,200,5.940144062042236,-1.0,0.000238316337345168,0.0,DQN_RND,0.001,0.99,mountaincar,dense
7,1468,-200.0,200,14.51253890991211,-1.0,0.00022404278570320457,0.0,DQN_RND,0.001,0.99,mountaincar,dense
7,1469,-200.0,200,17.097126007080078,-1.0,0.0002663524355739355,0.0,DQN_RND,0.001,0.99,mountaincar,dense
7,1470,-200.0,200,14.237061500549316,-1.0,7.824408385204151e-05,0.0,DQN_RND,0.001,0.99,mountaincar,dense
7,1471,-200.0,200,20.226346969604492,-1.0,7.89379992056638e-05,0.0,DQN_RND,0.001,0.99,mountaincar,dense
7,1472,-200.0,200,11.154406547546387,-1.0,0.00024967623176053166,0.0,DQN_RND,0.001,0.99,mountaincar,dense
7,1473,-200.0,200,10.93479061126709,-1.0,3.864576865453273e-05,0.0,DQN_RND,0.001,0.99,mountaincar,dense
7,1474,-200.0,200,16.409305572509766,-1.0,2.0800742277060635e-05,0.0,DQN_RND,0.001,0.99,mountaincar,dense
7,1475,-200.0,200,15.495848655700684,-1.0,8.299291221192107e-05,0.0,DQN_RND,0.001,0.99,mountaincar,dense
7,1476,-200.0,200,38.58892822265625,-1.0,0.00028876159922219813,0.0,DQN_RND,0.001,0.99,mountaincar,dense
7,1477,-200.0,200,19.722379684448242,-1.0,7.76389570091851e-05,0.0,DQN_RND,0.001,0.99,mountaincar,dense
7,1478,-200.0,200,9.213298797607422,-1.0,8.172631351044402e-05,0.0,DQN_RND,0.001,0.99,mountaincar,dense
7,1479,-200.0,200,9.26237964630127,-1.0,0.00026012249873019755,0.0,DQN_RND,0.001,0.99,mountaincar,dense
7,1480,-200.0,200,17.439563751220703,-1.0,0.00026278660516254604,0.0,DQN_RND,0.001,0.99,mountaincar,dense
7,1481,-200.0,200,18.50618553161621,-1.0,0.0002513776707928628,0.0,DQN_RND,0.001,0.99,mountaincar,dense
7,1482,-200.0,200,12.026952743530273,-1.0,0.00034358128323219717,0.0,DQN_RND,0.001,0.99,mountaincar,dense
7,1483,-200.0,200,14.238119125366211,-1.0,0.0003116355510428548,0.0,DQN_RND,0.001,0.99,mountaincar,dense
7,1484,-200.0,200,11.272558212280273,-1.0,0.00028841214952990413,0.0,DQN_RND,0.001,0.99,mountaincar,dense
7,1485,-200.0,200,13.114181518554688,-1.0,1.6525806131539866e-05,0.0,DQN_RND,0.001,0.99,mountaincar,dense
7,1486,-200.0,200,8.606786727905273,-1.0,0.00030457924003712833,0.0,DQN_RND,0.001,0.99,mountaincar,dense
7,1487,-200.0,200,23.171260833740234,-1.0,8.099369733827189e-05,0.0,DQN_RND,0.001,0.99,mountaincar,dense
7,1488,-200.0,200,21.08565330505371,-1.0,1.1403643839003053e-05,0.0,DQN_RND,0.001,0.99,mountaincar,dense
7,1489,-200.0,200,11.451930046081543,-1.0,0.0002629702794365585,0.0,DQN_RND,0.001,0.99,mountaincar,dense
7,1490,-200.0,200,22.490129470825195,-1.0,7.992521568667144e-05,0.0,DQN_RND,0.001,0.99,mountaincar,dense
7,1491,-200.0,200,13.827241897583008,-1.0,1.838909156504087e-05,0.0,DQN_RND,0.001,0.99,mountaincar,dense
7,1492,-200.0,200,22.3880615234375,-1.0,1.959212931978982e-05,0.0,DQN_RND,0.001,0.99,mountaincar,dense
7,1493,-200.0,200,14.082174301147461,-1.0,7.579242810606956e-05,0.0,DQN_RND,0.001,0.99,mountaincar,dense
7,1494,-200.0,200,16.27737045288086,-1.0,8.364174573216587e-05,0.0,DQN_RND,0.001,0.99,mountaincar,dense
7,1495,-200.0,200,23.03621482849121,-1.0,4.317082857596688e-05,0.0,DQN_RND,0.001,0.99,mountaincar,dense
7,1496,-200.0,200,22.9973087310791,-1.0,0.00022599706426262856,0.0,DQN_RND,0.001,0.99,mountaincar,dense
7,1497,-200.0,200,27.95741081237793,-1.0,0.00022404400806408376,0.0,DQN_RND,0.001,0.99,mountaincar,dense
7,1498,-200.0,200,11.532210350036621,-1.0,8.587521006120369e-05,0.0,DQN_RND,0.001,0.99,mountaincar,dense
7,1499,-200.0,200,20.64030647277832,-1.0,0.00022175342019181699,0.0,DQN_RND,0.001,0.99,mountaincar,dense
7,1500,-200.0,200,20.095930099487305,-1.0,0.00031513909925706685,0.0,DQN_RND,0.001,0.99,mountaincar,dense
7,1501,-200.0,200,12.790454864501953,-1.0,0.0002697335439734161,0.0,DQN_RND,0.001,0.99,mountaincar,dense
7,1502,-200.0,200,5.446030139923096,-1.0,2.2189346054801717e-05,0.0,DQN_RND,0.001,0.99,mountaincar,dense
7,1503,-200.0,200,7.599249362945557,-1.0,7.825646025594324e-05,0.0,DQN_RND,0.001,0.99,mountaincar,dense
7,1504,-200.0,200,14.033513069152832,-1.0,1.4455018572334666e-05,0.0,DQN_RND,0.001,0.99,mountaincar,dense
7,1505,-200.0,200,19.2021484375,-1.0,1.5629015251761302e-05,0.0,DQN_RND,0.001,0.99,mountaincar,dense
7,1506,-200.0,200,14.482181549072266,-1.0,1.2107650945836212e-05,0.0,DQN_RND,0.001,0.99,mountaincar,dense
7,1507,-200.0,200,11.174059867858887,-1.0,7.510597788495943e-05,0.0,DQN_RND,0.001,0.99,mountaincar,dense
7,1508,-200.0,200,2.5118091106414795,-1.0,0.00021225681120995432,0.0,DQN_RND,0.001,0.99,mountaincar,dense
7,1509,-200.0,200,5.515636920928955,-1.0,1.8066972188535146e-05,0.0,DQN_RND,0.001,0.99,mountaincar,dense
7,1510,-200.0,200,19.624832153320312,-1.0,8.856581553118303e-05,0.0,DQN_RND,0.001,0.99,mountaincar,dense
7,1511,-200.0,200,13.340117454528809,-1.0,7.395901047857478e-05,0.0,DQN_RND,0.001,0.99,mountaincar,dense
7,1512,-200.0,200,19.306766510009766,-1.0,9.369981125928462e-05,0.0,DQN_RND,0.001,0.99,mountaincar,dense
7,1513,-200.0,200,16.177854537963867,-1.0,8.043897105380893e-05,0.0,DQN_RND,0.001,0.99,mountaincar,dense
7,1514,-200.0,200,16.021284103393555,-1.0,2.433619556541089e-05,0.0,DQN_RND,0.001,0.99,mountaincar,dense
7,1515,-200.0,200,11.059259414672852,-1.0,3.801215279963799e-05,0.0,DQN_RND,0.001,0.99,mountaincar,dense
7,1516,-200.0,200,8.623178482055664,-1.0,4.625438305083662e-05,0.0,DQN_RND,0.001,0.99,mountaincar,dense
7,1517,-200.0,200,8.534405708312988,-1.0,8.82010135683231e-05,0.0,DQN_RND,0.001,0.99,mountaincar,dense
7,1518,-200.0,200,13.720558166503906,-1.0,8.975093805929646e-05,0.0,DQN_RND,0.001,0.99,mountaincar,dense
7,1519,-200.0,200,16.38655662536621,-1.0,0.00023085750581230968,0.0,DQN_RND,0.001,0.99,mountaincar,dense
7,1520,-200.0,200,11.450764656066895,-1.0,3.634377208072692e-05,0.0,DQN_RND,0.001,0.99,mountaincar,dense
7,1521,-200.0,200,13.954964637756348,-1.0,0.0002885012945625931,0.0,DQN_RND,0.001,0.99,mountaincar,dense
7,1522,-200.0,200,13.521541595458984,-1.0,7.405962969642133e-05,0.0,DQN_RND,0.001,0.99,mountaincar,dense
7,1523,-200.0,200,16.683958053588867,-1.0,1.1553483091120142e-05,0.0,DQN_RND,0.001,0.99,mountaincar,dense
7,1524,-200.0,200,10.924276351928711,-1.0,7.984244439285249e-05,0.0,DQN_RND,0.001,0.99,mountaincar,dense
7,1525,-200.0,200,16.81706428527832,-1.0,2.282525565533433e-05,0.0,DQN_RND,0.001,0.99,mountaincar,dense
7,1526,-200.0,200,11.410222053527832,-1.0,0.0002251303958473727,0.0,DQN_RND,0.001,0.99,mountaincar,dense
7,1527,-200.0,200,12.018777847290039,-1.0,1.0236386515316553e-05,0.0,DQN_RND,0.001,0.99,mountaincar,dense
7,1528,-200.0,200,13.9115571975708,-1.0,0.0002906982263084501,0.0,DQN_RND,0.001,0.99,mountaincar,dense
7,1529,-200.0,200,16.723892211914062,-1.0,9.035458788275719e-05,0.0,DQN_RND,0.001,0.99,mountaincar,dense
7,1530,-200.0,200,13.278388977050781,-1.0,1.0244340046483558e-05,0.0,DQN_RND,0.001,0.99,mountaincar,dense
7,1531,-200.0,200,13.787201881408691,-1.0,2.5028899472090416e-05,0.0,DQN_RND,0.001,0.99,mountaincar,dense
7,1532,-200.0,200,25.323898315429688,-1.0,7.793884287821129e-05,0.0,DQN_RND,0.001,0.99,mountaincar,dense
7,1533,-200.0,200,17.335124969482422,-1.0,0.00021004573500249535,0.0,DQN_RND,0.001,0.99,mountaincar,dense
7,1534,-200.0,200,13.87948226928711,-1.0,0.00021335756173357368,0.0,DQN_RND,0.001,0.99,mountaincar,dense
7,1535,-200.0,200,8.80199909210205,-1.0,7.959820504765958e-05,0.0,DQN_RND,0.001,0.99,mountaincar,dense
7,1536,-200.0,200,14.81033992767334,-1.0,0.0002167821949115023,0.0,DQN_RND,0.001,0.99,mountaincar,dense
7,1537,-200.0,200,27.520465850830078,-1.0,0.0002612396201584488,0.0,DQN_RND,0.001,0.99,mountaincar,dense
7,1538,-200.0,200,18.858354568481445,-1.0,3.429701610002667e-05,0.0,DQN_RND,0.001,0.99,mountaincar,dense
7,1539,-200.0,200,13.734675407409668,-1.0,1.1138505215058103e-05,0.0,DQN_RND,0.001,0.99,mountaincar,dense
7,1540,-200.0,200,27.251583099365234,-1.0,7.348133658524603e-05,0.0,DQN_RND,0.001,0.99,mountaincar,dense
7,1541,-200.0,200,18.564823150634766,-1.0,7.20839379937388e-05,0.0,DQN_RND,0.001,0.99,mountaincar,dense
7,1542,-200.0,200,13.24786376953125,-1.0,0.0002922979765571654,0.0,DQN_RND,0.001,0.99,mountaincar,dense
7,1543,-200.0,200,5.343800067901611,-1.0,6.993210990913212e-05,0.0,DQN_RND,0.001,0.99,mountaincar,dense
7,1544,-200.0,200,2.850977659225464,-1.0,1.595672802068293e-05,0.0,DQN_RND,0.001,0.99,mountaincar,dense
7,1545,-200.0,200,5.323556423187256,-1.0,0.00023231837258208543,0.0,DQN_RND,0.001,0.99,mountaincar,dense
7,1546,-200.0,200,13.751556396484375,-1.0,7.242321589728817e-05,0.0,DQN_RND,0.001,0.99,mountaincar,dense
7,1547,-200.0,200,15.6563720703125,-1.0,8.118755067698658e-05,0.0,DQN_RND,0.001,0.99,mountaincar,dense
7,1548,-200.0,200,13.10445785522461,-1.0,7.452570571331307e-05,0.0,DQN_RND,0.001,0.99,mountaincar,dense
7,1549,-200.0,200,11.128219604492188,-1.0,4.600948886945844e-05,0.0,DQN_RND,0.001,0.99,mountaincar,dense
7,1550,-200.0,200,23.83060073852539,-1.0,7.361191819654778e-05,0.0,DQN_RND,0.001,0.99,mountaincar,dense
7,1551,-200.0,200,16.088764190673828,-1.0,3.3775355404941365e-05,0.0,DQN_RND,0.001,0.99,mountaincar,dense
7,1552,-200.0,200,24.152454376220703,-1.0,3.7894034903729334e-05,0.0,DQN_RND,0.001,0.99,mountaincar,dense
7,1553,-200.0,200,15.988725662231445,-1.0,0.00021954550174996257,0.0,DQN_RND,0.001,0.99,mountaincar,dense
7,1554,-200.0,200,2.946115255355835,-1.0,6.90925880917348e-05,0.0,DQN_RND,0.001,0.99,mountaincar,dense
7,1555,-200.0,200,26.493135452270508,-1.0,0.0002553430385887623,0.0,DQN_RND,0.001,0.99,mountaincar,dense
7,1556,-200.0,200,12.834527969360352,-1.0,9.224766472470947e-06,0.0,DQN_RND,0.001,0.99,mountaincar,dense
7,1557,-200.0,200,15.913599014282227,-1.0,7.014571747276932e-05,0.0,DQN_RND,0.001,0.99,mountaincar,dense
7,1558,-200.0,200,13.241863250732422,-1.0,7.606047438457608e-05,0.0,DQN_RND,0.001,0.99,mountaincar,dense
7,1559,-200.0,200,16.577512741088867,-1.0,7.12934706825763e-05,0.0,DQN_RND,0.001,0.99,mountaincar,dense
7,1560,-200.0,200,23.094375610351562,-1.0,8.294126018881798e-05,0.0,DQN_RND,0.001,0.99,mountaincar,dense
7,1561,-200.0,200,3.0144786834716797,-1.0,2.9064734917483293e-05,0.0,DQN_RND,0.001,0.99,mountaincar,dense
7,1562,-200.0,200,24.830883026123047,-1.0,0.0003043989709112793,0.0,DQN_RND,0.001,0.99,mountaincar,dense
7,1563,-200.0,200,5.863356113433838,-1.0,7.459626067429781e-05,0.0,DQN_RND,0.001,0.99,mountaincar,dense
7,1564,-200.0,200,14.227060317993164,-1.0,6.935880082892254e-05,0.0,DQN_RND,0.001,0.99,mountaincar,dense
7,1565,-200.0,200,10.377450942993164,-1.0,0.0002076721575576812,0.0,DQN_RND,0.001,0.99,mountaincar,dense
7,1566,-200.0,200,10.831768989562988,-1.0,1.636390334169846e-05,0.0,DQN_RND,0.001,0.99,mountaincar,dense
7,1567,-200.0,200,13.888166427612305,-1.0,8.303064532810822e-05,0.0,DQN_RND,0.001,0.99,mountaincar,dense
7,1568,-200.0,200,11.068327903747559,-1.0,8.338525367435068e-05,0.0,DQN_RND,0.001,0.99,mountaincar,dense
7,1569,-200.0,200,19.13412094116211,-1.0,7.960582297528163e-05,0.0,DQN_RND,0.001,0.99,mountaincar,dense
7,1570,-200.0,200,21.998577117919922,-1.0,0.0002318038750672713,0.0,DQN_RND,0.001,0.99,mountaincar,dense
7,1571,-200.0,200,29.52300453186035,-1.0,0.00022439339954871684,0.0,DQN_RND,0.001,0.99,mountaincar,dense
7,1572,-200.0,200,16.434616088867188,-1.0,3.109230601694435e-05,0.0,DQN_RND,0.001,0.99,mountaincar,dense
7,1573,-200.0,200,16.979745864868164,-1.0,4.873299258179031e-05,0.0,DQN_RND,0.001,0.99,mountaincar,dense
7,1574,-200.0,200,18.81036376953125,-1.0,0.0002300653577549383,0.0,DQN_RND,0.001,0.99,mountaincar,dense
7,1575,-200.0,200,8.010207176208496,-1.0,0.00021120153542142361,0.0,DQN_RND,0.001,0.99,mountaincar,dense
7,1576,-200.0,200,10.870524406433105,-1.0,0.00023283348127733916,0.0,DQN_RND,0.001,0.99,mountaincar,dense
7,1577,-200.0,200,13.418657302856445,-1.0,0.00024535032571293414,0.0,DQN_RND,0.001,0.99,mountaincar,dense
7,1578,-200.0,200,21.976961135864258,-1.0,2.1511401428142563e-05,0.0,DQN_RND,0.001,0.99,mountaincar,dense
7,1579,-200.0,200,8.509471893310547,-1.0,6.881026638438925e-05,0.0,DQN_RND,0.001,0.99,mountaincar,dense
7,1580,-200.0,200,13.78768539428711,-1.0,6.823913281550631e-05,0.0,DQN_RND,0.001,0.99,mountaincar,dense
7,1581,-200.0,200,8.35335636138916,-1.0,0.00026470780721865594,0.0,DQN_RND,0.001,0.99,mountaincar,dense
7,1582,-200.0,200,16.505361557006836,-1.0,0.00020240519370418042,0.0,DQN_RND,0.001,0.99,mountaincar,dense
7,1583,-200.0,200,17.063608169555664,-1.0,6.818258407292888e-05,0.0,DQN_RND,0.001,0.99,mountaincar,dense
7,1584,-200.0,200,19.601726531982422,-1.0,6.777550152037293e-05,0.0,DQN_RND,0.001,0.99,mountaincar,dense
7,1585,-200.0,200,11.07705020904541,-1.0,0.0002172267559217289,0.0,DQN_RND,0.001,0.99,mountaincar,dense
7,1586,-200.0,200,8.00885009765625,-1.0,6.883037713123485e-05,0.0,DQN_RND,0.001,0.99,mountaincar,dense
7,1587,-200.0,200,24.25209617614746,-1.0,6.622188811888918e-05,0.0,DQN_RND,0.001,0.99,mountaincar,dense
7,1588,-200.0,200,10.667692184448242,-1.0,3.385823583812453e-05,0.0,DQN_RND,0.001,0.99,mountaincar,dense
7,1589,-200.0,200,16.722410202026367,-1.0,3.1799143471289426e-05,0.0,DQN_RND,0.001,0.99,mountaincar,dense
7,1590,-200.0,200,11.409881591796875,-1.0,5.204976332606748e-05,0.0,DQN_RND,0.001,0.99,mountaincar,dense
7,1591,-200.0,200,13.205592155456543,-1.0,0.00024346598365809768,0.0,DQN_RND,0.001,0.99,mountaincar,dense
7,1592,-200.0,200,18.838951110839844,-1.0,6.844040763098747e-05,0.0,DQN_RND,0.001,0.99,mountaincar,dense
7,1593,-200.0,200,10.597588539123535,-1.0,6.756106449756771e-05,0.0,DQN_RND,0.001,0.99,mountaincar,dense
7,1594,-200.0,200,11.18071460723877,-1.0,6.612476863665506e-05,0.0,DQN_RND,0.001,0.99,mountaincar,dense
7,1595,-200.0,200,8.63661003112793,-1.0,0.00020749657414853573,0.0,DQN_RND,0.001,0.99,mountaincar,dense
7,1596,-200.0,200,13.153436660766602,-1.0,0.0002061915583908558,0.0,DQN_RND,0.001,0.99,mountaincar,dense
7,1597,-200.0,200,16.356658935546875,-1.0,6.529137317556888e-05,0.0,DQN_RND,0.001,0.99,mountaincar,dense
7,1598,-200.0,200,22.263328552246094,-1.0,6.508070509880781e-05,0.0,DQN_RND,0.001,0.99,mountaincar,dense
7,1599,-200.0,200,10.251033782958984,-1.0,0.0002192067331634462,0.0,DQN_RND,0.001,0.99,mountaincar,dense
7,1600,-200.0,200,16.56194305419922,-1.0,6.692620809189975e-05,0.0,DQN_RND,0.001,0.99,mountaincar,dense
7,1601,-200.0,200,18.826051712036133,-1.0,0.00028728388133458793,0.0,DQN_RND,0.001,0.99,mountaincar,dense
7,1602,-200.0,200,13.3369140625,-1.0,0.00028277942328713834,0.0,DQN_RND,0.001,0.99,mountaincar,dense
7,1603,-200.0,200,5.238110065460205,-1.0,0.00022302355500869453,0.0,DQN_RND,0.001,0.99,mountaincar,dense
7,1604,-200.0,200,8.5682373046875,-1.0,7.521503721363842e-05,0.0,DQN_RND,0.001,0.99,mountaincar,dense
7,1605,-200.0,200,18.787179946899414,-1.0,0.00021088452194817364,0.0,DQN_RND,0.001,0.99,mountaincar,dense
7,1606,-200.0,200,17.156911849975586,-1.0,3.2090130844153464e-05,0.0,DQN_RND,0.001,0.99,mountaincar,dense
7,1607,-200.0,200,21.417282104492188,-1.0,6.754169589839876e-05,0.0,DQN_RND,0.001,0.99,mountaincar,dense
7,1608,-200.0,200,18.746017456054688,-1.0,8.271438127849251e-05,0.0,DQN_RND,0.001,0.99,mountaincar,dense
7,1609,-200.0,200,15.828545570373535,-1.0,6.55114054097794e-05,0.0,DQN_RND,0.001,0.99,mountaincar,dense
7,1610,-200.0,200,18.022323608398438,-1.0,6.515139830298722e-05,0.0,DQN_RND,0.001,0.99,mountaincar,dense
7,1611,-200.0,200,5.054784774780273,-1.0,2.4322087483596988e-05,0.0,DQN_RND,0.001,0.99,mountaincar,dense
7,1612,-200.0,200,16.426956176757812,-1.0,3.649353311629966e-05,0.0,DQN_RND,0.001,0.99,mountaincar,dense
7,1613,-200.0,200,12.624175071716309,-1.0,6.450345244957134e-05,0.0,DQN_RND,0.001,0.99,mountaincar,dense
7,1614,-200.0,200,8.384712219238281,-1.0,1.4406121408683248e-05,0.0,DQN_RND,0.001,0.99,mountaincar,dense
7,1615,-200.0,200,15.761417388916016,-1.0,6.871545338071883e-05,0.0,DQN_RND,0.001,0.99,mountaincar,dense
7,1616,-200.0,200,23.992399215698242,-1.0,6.611814751522616e-05,0.0,DQN_RND,0.001,0.99,mountaincar,dense
7,1617,-200.0,200,18.827239990234375,-1.0,6.456911796703935e-05,0.0,DQN_RND,0.001,0.99,mountaincar,dense
7,1618,-200.0,200,10.782953262329102,-1.0,0.00027604831848293543,0.0,DQN_RND,0.001,0.99,mountaincar,dense
7,1619,-200.0,200,7.7711591720581055,-1.0,0.00024209181719925255,0.0,DQN_RND,0.001,0.99,mountaincar,dense
7,1620,-200.0,200,18.614421844482422,-1.0,0.00020145316375419497,0.0,DQN_RND,0.001,0.99,mountaincar,dense
7,1621,-200.0,200,21.082502365112305,-1.0,0.00023308336676564068,0.0,DQN_RND,0.001,0.99,mountaincar,dense
7,1622,-200.0,200,5.251251697540283,-1.0,0.0002484746219124645,0.0,DQN_RND,0.001,0.99,mountaincar,dense
7,1623,-200.0,200,13.320849418640137,-1.0,2.0061206669197418e-05,0.0,DQN_RND,0.001,0.99,mountaincar,dense
7,1624,-200.0,200,23.707950592041016,-1.0,0.0002643363259267062,0.0,DQN_RND,0.001,0.99,mountaincar,dense
7,1625,-200.0,200,19.354097366333008,-1.0,2.8245009161764756e-05,0.0,DQN_RND,0.001,0.99,mountaincar,dense
7,1626,-200.0,200,21.76784324645996,-1.0,0.00022155155602376908,0.0,DQN_RND,0.001,0.99,mountaincar,dense
7,1627,-200.0,200,11.036839485168457,-1.0,6.398403638741001e-05,0.0,DQN_RND,0.001,0.99,mountaincar,dense
7,1628,-200.0,200,13.343666076660156,-1.0,6.542630580952391e-05,0.0,DQN_RND,0.001,0.99,mountaincar,dense
7,1629,-200.0,200,12.954338073730469,-1.0,1.509097455709707e-05,0.0,DQN_RND,0.001,0.99,mountaincar,dense
7,1630,-200.0,200,16.59145736694336,-1.0,1.3209752069087699e-05,0.0,DQN_RND,0.001,0.99,mountaincar,dense
7,1631,-200.0,200,18.717376708984375,-1.0,0.0002522092836443335,0.0,DQN_RND,0.001,0.99,mountaincar,dense
7,1632,-200.0,200,13.65892219543457,-1.0,0.00025578815257176757,0.0,DQN_RND,0.001,0.99,mountaincar,dense
7,1633,-200.0,200,7.898094654083252,-1.0,6.311885226750746e-05,0.0,DQN_RND,0.001,0.99,mountaincar,dense
7,1634,-200.0,200,18.417213439941406,-1.0,0.0002236479485873133,0.0,DQN_RND,0.001,0.99,mountaincar,dense
7,1635,-200.0,200,23.878986358642578,-1.0,7.304717291845009e-05,0.0,DQN_RND,0.001,0.99,mountaincar,dense
7,1636,-200.0,200,19.658519744873047,-1.0,3.850422581308521e-05,0.0,DQN_RND,0.001,0.99,mountaincar,dense
7,1637,-200.0,200,4.953493595123291,-1.0,0.0002069315523840487,0.0,DQN_RND,0.001,0.99,mountaincar,dense
7,1638,-200.0,200,11.0621919631958,-1.0,1.3847192349203397e-05,0.0,DQN_RND,0.001,0.99,mountaincar,dense
7,1639,-200.0,200,8.31114387512207,-1.0,0.0001634810760151595,0.0,DQN_RND,0.001,0.99,mountaincar,dense
7,1640,-200.0,200,19.444719314575195,-1.0,6.537666922667995e-05,0.0,DQN_RND,0.001,0.99,mountaincar,dense
7,1641,-200.0,200,19.177478790283203,-1.0,6.559663597727194e-05,0.0,DQN_RND,0.001,0.99,mountaincar,dense
7,1642,-200.0,200,11.059266090393066,-1.0,0.00028217543149366975,0.0,DQN_RND,0.001,0.99,mountaincar,dense
7,1643,-200.0,200,11.372404098510742,-1.0,0.00019661038822960109,0.0,DQN_RND,0.001,0.99,mountaincar,dense
7,1644,-200.0,200,10.998819351196289,-1.0,6.242701783776283e-05,0.0,DQN_RND,0.001,0.99,mountaincar,dense
7,1645,-200.0,200,23.228042602539062,-1.0,7.558828656328842e-05,0.0,DQN_RND,0.001,0.99,mountaincar,dense
7,1646,-200.0,200,14.26986026763916,-1.0,0.0002478302048984915,0.0,DQN_RND,0.001,0.99,mountaincar,dense
7,1647,-200.0,200,13.960062026977539,-1.0,0.0002012103796005249,0.0,DQN_RND,0.001,0.99,mountaincar,dense
7,1648,-200.0,200,13.75103759765625,-1.0,0.00019740487914532423,0.0,DQN_RND,0.001,0.99,mountaincar,dense
7,1649,-200.0,200,11.567258834838867,-1.0,3.688462311401963e-05,0.0,DQN_RND,0.001,0.99,mountaincar,dense
7,1650,-200.0,200,13.621349334716797,-1.0,0.0002612606913316995,0.0,DQN_RND,0.001,0.99,mountaincar,dense
7,1651,-200.0,200,19.395301818847656,-1.0,6.23037267359905e-05,0.0,DQN_RND,0.001,0.99,mountaincar,dense
7,1652,-200.0,200,13.9252290725708,-1.0,0.00023221014998853207,0.0,DQN_RND,0.001,0.99,mountaincar,dense
7,1653,-200.0,200,11.116049766540527,-1.0,6.174654117785394e-05,0.0,DQN_RND,0.001,0.99,mountaincar,dense
7,1654,-200.0,200,5.6559977531433105,-1.0,0.00023578621039632708,0.0,DQN_RND,0.001,0.99,mountaincar,dense
7,1655,-200.0,200,16.36212730407715,-1.0,0.0002908484311774373,0.0,DQN_RND,0.001,0.99,mountaincar,dense
7,1656,-200.0,200,14.103666305541992,-1.0,7.609144813613966e-05,0.0,DQN_RND,0.001,0.99,mountaincar,dense
7,1657,-200.0,200,14.414083480834961,-1.0,0.00025828846264630556,0.0,DQN_RND,0.001,0.99,mountaincar,dense
7,1658,-200.0,200,25.448339462280273,-1.0,7.34398709028028e-05,0.0,DQN_RND,0.001,0.99,mountaincar,dense
7,1659,-200.0,200,13.940511703491211,-1.0,0.0002526116732042283,0.0,DQN_RND,0.001,0.99,mountaincar,dense
7,1660,-200.0,200,11.136311531066895,-1.0,0.0001968545839190483,0.0,DQN_RND,0.001,0.99,mountaincar,dense
7,1661,-200.0,200,8.1181001663208,-1.0,0.0002551109646447003,0.0,DQN_RND,0.001,0.99,mountaincar,dense
7,1662,-200.0,200,23.056594848632812,-1.0,6.893538375152275e-05,0.0,DQN_RND,0.001,0.99,mountaincar,dense
7,1663,-200.0,200,24.40288543701172,-1.0,0.00029604273731820285,0.0,DQN_RND,0.001,0.99,mountaincar,dense
7,1664,-200.0,200,13.724837303161621,-1.0,7.059702329570428e-05,0.0,DQN_RND,0.001,0.99,mountaincar,dense
7,1665,-200.0,200,16.382352828979492,-1.0,0.00029817703762091696,0.0,DQN_RND,0.001,0.99,mountaincar,dense
7,1666,-200.0,200,13.55679988861084,-1.0,0.00028087335522286594,0.0,DQN_RND,0.001,0.99,mountaincar,dense
7,1667,-200.0,200,8.162569046020508,-1.0,0.00028053842834196985,0.0,DQN_RND,0.001,0.99,mountaincar,dense
7,1668,-200.0,200,18.790203094482422,-1.0,6.299382221186534e-05,0.0,DQN_RND,0.001,0.99,mountaincar,dense
7,1669,-200.0,200,13.465826988220215,-1.0,0.00029982434352859855,0.0,DQN_RND,0.001,0.99,mountaincar,dense
7,1670,-200.0,200,10.929865837097168,-1.0,8.0939071267494e-06,0.0,DQN_RND,0.001,0.99,mountaincar,dense
7,1671,-200.0,200,8.391313552856445,-1.0,0.0002776354376692325,0.0,DQN_RND,0.001,0.99,mountaincar,dense
7,1672,-200.0,200,5.58607292175293,-1.0,0.000280221487628296,0.0,DQN_RND,0.001,0.99,mountaincar,dense
7,1673,-200.0,200,5.106140613555908,-1.0,0.0002065338776446879,0.0,DQN_RND,0.001,0.99,mountaincar,dense
7,1674,-200.0,200,10.393007278442383,-1.0,3.6164252378512174e-05,0.0,DQN_RND,0.001,0.99,mountaincar,dense
7,1675,-200.0,200,18.909719467163086,-1.0,2.8533582735690288e-05,0.0,DQN_RND,0.001,0.99,mountaincar,dense
7,1676,-200.0,200,24.729141235351562,-1.0,6.281382957240567e-05,0.0,DQN_RND,0.001,0.99,mountaincar,dense
7,1677,-200.0,200,21.540483474731445,-1.0,0.00025285439915023744,0.0,DQN_RND,0.001,0.99,mountaincar,dense
7,1678,-200.0,200,21.75880241394043,-1.0,6.088026566430926e-05,0.0,DQN_RND,0.001,0.99,mountaincar,dense
7,1679,-200.0,200,19.22701644897461,-1.0,0.00022654820349998772,0.0,DQN_RND,0.001,0.99,mountaincar,dense
7,1680,-200.0,200,16.98807716369629,-1.0,5.94120028836187e-05,0.0,DQN_RND,0.001,0.99,mountaincar,dense
7,1681,-200.0,200,13.642976760864258,-1.0,6.385940650943667e-05,0.0,DQN_RND,0.001,0.99,mountaincar,dense
7,1682,-200.0,200,2.6558258533477783,-1.0,0.0002459133684169501,0.0,DQN_RND,0.001,0.99,mountaincar,dense
7,1683,-200.0,200,19.3543701171875,-1.0,5.952025094302371e-05,0.0,DQN_RND,0.001,0.99,mountaincar,dense
7,1684,-200.0,200,16.51557731628418,-1.0,3.353869396960363e-05,0.0,DQN_RND,0.001,0.99,mountaincar,dense
7,1685,-200.0,200,13.622389793395996,-1.0,0.00021569084492512047,0.0,DQN_RND,0.001,0.99,mountaincar,dense
7,1686,-200.0,200,10.773641586303711,-1.0,0.00022960154456086457,0.0,DQN_RND,0.001,0.99,mountaincar,dense
7,1687,-200.0,200,18.169240951538086,-1.0,5.869856977369636e-05,0.0,DQN_RND,0.001,0.99,mountaincar,dense
7,1688,-200.0,200,16.30877113342285,-1.0,5.9941023209830746e-05,0.0,DQN_RND,0.001,0.99,mountaincar,dense
7,1689,-200.0,200,0.019962219521403313,-1.0,0.0002708956890273839,0.0,DQN_RND,0.001,0.99,mountaincar,dense
7,1690,-200.0,200,7.8855133056640625,-1.0,0.0001914833701448515,0.0,DQN_RND,0.001,0.99,mountaincar,dense
7,1691,-200.0,200,11.23865795135498,-1.0,0.00021014308731537312,0.0,DQN_RND,0.001,0.99,mountaincar,dense
7,1692,-200.0,200,13.141958236694336,-1.0,6.600440974580124e-05,0.0,DQN_RND,0.001,0.99,mountaincar,dense
7,1693,-200.0,200,18.856801986694336,-1.0,4.0502174670109525e-05,0.0,DQN_RND,0.001,0.99,mountaincar,dense
7,1694,-200.0,200,15.971600532531738,-1.0,6.6875140873889904e-06,0.0,DQN_RND,0.001,0.99,mountaincar,dense
7,1695,-200.0,200,15.71207046508789,-1.0,3.708069198182784e-05,0.0,DQN_RND,0.001,0.99,mountaincar,dense
7,1696,-200.0,200,13.607902526855469,-1.0,3.7476384022738785e-05,0.0,DQN_RND,0.001,0.99,mountaincar,dense
7,1697,-200.0,200,10.677213668823242,-1.0,0.00022352223459165543,0.0,DQN_RND,0.001,0.99,mountaincar,dense
7,1698,-200.0,200,13.578882217407227,-1.0,5.767668335465714e-05,0.0,DQN_RND,0.001,0.99,mountaincar,dense
7,1699,-200.0,200,16.759340286254883,-1.0,0.00021682755323126912,0.0,DQN_RND,0.001,0.99,mountaincar,dense
7,1700,-200.0,200,14.08816146850586,-1.0,6.068944639991969e-05,0.0,DQN_RND,0.001,0.99,mountaincar,dense
7,1701,-200.0,200,11.022554397583008,-1.0,8.464054189971648e-06,0.0,DQN_RND,0.001,0.99,mountaincar,dense
7,1702,-200.0,200,11.551576614379883,-1.0,6.175973976496607e-05,0.0,DQN_RND,0.001,0.99,mountaincar,dense
7,1703,-200.0,200,11.671919822692871,-1.0,5.7115037634503096e-05,0.0,DQN_RND,0.001,0.99,mountaincar,dense
7,1704,-200.0,200,16.353689193725586,-1.0,6.661541556240991e-05,0.0,DQN_RND,0.001,0.99,mountaincar,dense
7,1705,-200.0,200,16.60103988647461,-1.0,1.4809356798650697e-05,0.0,DQN_RND,0.001,0.99,mountaincar,dense
7,1706,-200.0,200,22.950281143188477,-1.0,2.0951658370904624e-05,0.0,DQN_RND,0.001,0.99,mountaincar,dense
7,1707,-200.0,200,8.782976150512695,-1.0,0.0002919049875345081,0.0,DQN_RND,0.001,0.99,mountaincar,dense
7,1708,-200.0,200,16.35836410522461,-1.0,6.500442395918071e-05,0.0,DQN_RND,0.001,0.99,mountaincar,dense
7,1709,-200.0,200,10.660578727722168,-1.0,7.054593152133748e-05,0.0,DQN_RND,0.001,0.99,mountaincar,dense
7,1710,-200.0,200,11.3313570022583,-1.0,5.652102845488116e-05,0.0,DQN_RND,0.001,0.99,mountaincar,dense
7,1711,-200.0,200,13.482952117919922,-1.0,0.0002872354525607079,0.0,DQN_RND,0.001,0.99,mountaincar,dense
7,1712,-200.0,200,18.4622859954834,-1.0,6.381748244166374e-05,0.0,DQN_RND,0.001,0.99,mountaincar,dense
7,1713,-200.0,200,21.030269622802734,-1.0,6.858148844912648e-05,0.0,DQN_RND,0.001,0.99,mountaincar,dense
7,1714,-200.0,200,9.796594619750977,-1.0,1.886188874777872e-05,0.0,DQN_RND,0.001,0.99,mountaincar,dense
7,1715,-200.0,200,2.6772780418395996,-1.0,8.564799827581737e-06,0.0,DQN_RND,0.001,0.99,mountaincar,dense
7,1716,-200.0,200,15.946508407592773,-1.0,5.574534588959068e-05,0.0,DQN_RND,0.001,0.99,mountaincar,dense
7,1717,-200.0,200,10.912847518920898,-1.0,5.748705007135868e-05,0.0,DQN_RND,0.001,0.99,mountaincar,dense
7,1718,-200.0,200,15.71340560913086,-1.0,5.66459093533922e-05,0.0,DQN_RND,0.001,0.99,mountaincar,dense
7,1719,-200.0,200,18.76927947998047,-1.0,7.212640775833279e-05,0.0,DQN_RND,0.001,0.99,mountaincar,dense
7,1720,-200.0,200,7.86927604675293,-1.0,0.00018862304568756372,0.0,DQN_RND,0.001,0.99,mountaincar,dense
7,1721,-200.0,200,8.053491592407227,-1.0,7.457799711119151e-06,0.0,DQN_RND,0.001,0.99,mountaincar,dense
7,1722,-200.0,200,19.095741271972656,-1.0,7.526947592850775e-05,0.0,DQN_RND,0.001,0.99,mountaincar,dense
7,1723,-200.0,200,8.387598037719727,-1.0,0.0002245571813546121,0.0,DQN_RND,0.001,0.99,mountaincar,dense
7,1724,-200.0,200,5.635499954223633,-1.0,6.630781717831269e-05,0.0,DQN_RND,0.001,0.99,mountaincar,dense
7,1725,-200.0,200,8.332195281982422,-1.0,0.0002748476981651038,0.0,DQN_RND,0.001,0.99,mountaincar,dense
7,1726,-200.0,200,13.765562057495117,-1.0,0.0001967130519915372,0.0,DQN_RND,0.001,0.99,mountaincar,dense
7,1727,-200.0,200,16.453563690185547,-1.0,0.00019554630853235722,0.0,DQN_RND,0.001,0.99,mountaincar,dense
7,1728,-200.0,200,16.177589416503906,-1.0,0.00024045351892709732,0.0,DQN_RND,0.001,0.99,mountaincar,dense
7,1729,-200.0,200,19.219881057739258,-1.0,0.0001896213652798906,0.0,DQN_RND,0.001,0.99,mountaincar,dense
7,1730,-200.0,200,18.422903060913086,-1.0,0.0002113457303494215,0.0,DQN_RND,0.001,0.99,mountaincar,dense
7,1731,-200.0,200,13.93594741821289,-1.0,2.3272810722119175e-05,0.0,DQN_RND,0.001,0.99,mountaincar,dense
7,1732,-200.0,200,5.489746570587158,-1.0,0.0002512276405468583,0.0,DQN_RND,0.001,0.99,mountaincar,dense
7,1733,-200.0,200,15.880707740783691,-1.0,0.00024339456285815686,0.0,DQN_RND,0.001,0.99,mountaincar,dense
7,1734,-200.0,200,10.653507232666016,-1.0,1.799103119992651e-05,0.0,DQN_RND,0.001,0.99,mountaincar,dense
7,1735,-200.0,200,2.7730116844177246,-1.0,1.4449057744059246e-05,0.0,DQN_RND,0.001,0.99,mountaincar,dense
7,1736,-200.0,200,19.508275985717773,-1.0,0.00027320627123117447,0.0,DQN_RND,0.001,0.99,mountaincar,dense
7,1737,-200.0,200,15.744168281555176,-1.0,5.61766282771714e-05,0.0,DQN_RND,0.001,0.99,mountaincar,dense
7,1738,-200.0,200,24.702171325683594,-1.0,1.0329295946576167e-05,0.0,DQN_RND,0.001,0.99,mountaincar,dense
7,1739,-200.0,200,13.215865135192871,-1.0,0.0002668540400918573,0.0,DQN_RND,0.001,0.99,mountaincar,dense
7,1740,-200.0,200,21.683242797851562,-1.0,1.4520156582875643e-05,0.0,DQN_RND,0.001,0.99,mountaincar,dense
7,1741,-200.0,200,7.911620140075684,-1.0,0.00027310303994454443,0.0,DQN_RND,0.001,0.99,mountaincar,dense
7,1742,-200.0,200,12.985837936401367,-1.0,0.0001929483696585521,0.0,DQN_RND,0.001,0.99,mountaincar,dense
7,1743,-200.0,200,5.101317405700684,-1.0,5.614025212707929e-05,0.0,DQN_RND,0.001,0.99,mountaincar,dense
7,1744,-200.0,200,15.467161178588867,-1.0,5.347976912162267e-05,0.0,DQN_RND,0.001,0.99,mountaincar,dense
7,1745,-200.0,200,13.133764266967773,-1.0,6.313110588962445e-06,0.0,DQN_RND,0.001,0.99,mountaincar,dense
7,1746,-200.0,200,7.965122222900391,-1.0,5.447874718811363e-05,0.0,DQN_RND,0.001,0.99,mountaincar,dense
7,1747,-200.0,200,18.038898468017578,-1.0,6.146916712168604e-05,0.0,DQN_RND,0.001,0.99,mountaincar,dense
7,1748,-200.0,200,12.794107437133789,-1.0,1.6942676666076295e-05,0.0,DQN_RND,0.001,0.99,mountaincar,dense
7,1749,-200.0,200,10.94278335571289,-1.0,5.606690319837071e-05,0.0,DQN_RND,0.001,0.99,mountaincar,dense
7,1750,-200.0,200,10.688070297241211,-1.0,0.00020778473117388785,0.0,DQN_RND,0.001,0.99,mountaincar,dense
7,1751,-200.0,200,13.583457946777344,-1.0,4.67267855128739e-05,0.0,DQN_RND,0.001,0.99,mountaincar,dense
7,1752,-200.0,200,18.568115234375,-1.0,0.00019096491450909525,0.0,DQN_RND,0.001,0.99,mountaincar,dense
7,1753,-200.0,200,10.88974380493164,-1.0,0.00027118055731989443,0.0,DQN_RND,0.001,0.99,mountaincar,dense
7,1754,-200.0,200,15.212376594543457,-1.0,5.757092731073499e-05,0.0,DQN_RND,0.001,0.99,mountaincar,dense
7,1755,-200.0,200,5.4666643142700195,-1.0,7.247878238558769e-05,0.0,DQN_RND,0.001,0.99,mountaincar,dense
7,1756,-200.0,200,7.958030700683594,-1.0,0.00017525664588902146,0.0,DQN_RND,0.001,0.99,mountaincar,dense
7,1757,-200.0,200,10.614492416381836,-1.0,0.0002763171214610338,0.0,DQN_RND,0.001,0.99,mountaincar,dense
7,1758,-200.0,200,15.39171314239502,-1.0,0.00020514772040769458,0.0,DQN_RND,0.001,0.99,mountaincar,dense
7,1759,-200.0,200,5.350519180297852,-1.0,5.6424465583404526e-05,0.0,DQN_RND,0.001,0.99,mountaincar,dense
7,1760,-200.0,200,10.006143569946289,-1.0,6.678575300611556e-05,0.0,DQN_RND,0.001,0.99,mountaincar,dense
7,1761,-200.0,200,5.337800025939941,-1.0,2.3118314857129008e-05,0.0,DQN_RND,0.001,0.99,mountaincar,dense
7,1762,-200.0,200,5.1574506759643555,-1.0,5.604848774964921e-05,0.0,DQN_RND,0.001,0.99,mountaincar,dense
7,1763,-200.0,200,2.594541311264038,-1.0,5.792791853309609e-05,0.0,DQN_RND,0.001,0.99,mountaincar,dense
7,1764,-200.0,200,16.117937088012695,-1.0,6.681719969492406e-05,0.0,DQN_RND,0.001,0.99,mountaincar,dense
7,1765,-200.0,200,16.33123016357422,-1.0,6.439538265112787e-05,0.0,DQN_RND,0.001,0.99,mountaincar,dense
7,1766,-200.0,200,7.961098670959473,-1.0,5.7707242376636714e-05,0.0,DQN_RND,0.001,0.99,mountaincar,dense
7,1767,-200.0,200,10.514752388000488,-1.0,6.392923387465999e-05,0.0,DQN_RND,0.001,0.99,mountaincar,dense
7,1768,-200.0,200,10.655497550964355,-1.0,4.738312418339774e-05,0.0,DQN_RND,0.001,0.99,mountaincar,dense
7,1769,-200.0,200,16.073532104492188,-1.0,5.422775211627595e-05,0.0,DQN_RND,0.001,0.99,mountaincar,dense
7,1770,-200.0,200,10.616113662719727,-1.0,5.256278018350713e-05,0.0,DQN_RND,0.001,0.99,mountaincar,dense
7,1771,-200.0,200,24.04448890686035,-1.0,4.247476681484841e-05,0.0,DQN_RND,0.001,0.99,mountaincar,dense
7,1772,-200.0,200,8.179482460021973,-1.0,0.00019846938084810972,0.0,DQN_RND,0.001,0.99,mountaincar,dense
7,1773,-200.0,200,18.51068115234375,-1.0,0.00022534375602845103,0.0,DQN_RND,0.001,0.99,mountaincar,dense
7,1774,-200.0,200,29.39197540283203,-1.0,1.219167734234361e-05,0.0,DQN_RND,0.001,0.99,mountaincar,dense
7,1775,-200.0,200,24.233970642089844,-1.0,7.5970615398546215e-06,0.0,DQN_RND,0.001,0.99,mountaincar,dense
7,1776,-200.0,200,5.3342108726501465,-1.0,7.071308937156573e-05,0.0,DQN_RND,0.001,0.99,mountaincar,dense
7,1777,-200.0,200,5.631302356719971,-1.0,5.194609548198059e-05,0.0,DQN_RND,0.001,0.99,mountaincar,dense
7,1778,-200.0,200,10.847692489624023,-1.0,0.00017934551578946412,0.0,DQN_RND,0.001,0.99,mountaincar,dense
7,1779,-200.0,200,10.991125106811523,-1.0,5.167875497136265e-05,0.0,DQN_RND,0.001,0.99,mountaincar,dense
7,1780,-200.0,200,15.926733016967773,-1.0,0.00018083832401316613,0.0,DQN_RND,0.001,0.99,mountaincar,dense
7,1781,-200.0,200,15.527795791625977,-1.0,4.2263654904672876e-05,0.0,DQN_RND,0.001,0.99,mountaincar,dense
7,1782,-200.0,200,8.211071014404297,-1.0,1.1685912795655895e-05,0.0,DQN_RND,0.001,0.99,mountaincar,dense
7,1783,-200.0,200,16.65604019165039,-1.0,6.506742465717252e-06,0.0,DQN_RND,0.001,0.99,mountaincar,dense
7,1784,-200.0,200,19.149646759033203,-1.0,6.202379881870002e-05,0.0,DQN_RND,0.001,0.99,mountaincar,dense
7,1785,-200.0,200,13.835211753845215,-1.0,1.6145419067470357e-05,0.0,DQN_RND,0.001,0.99,mountaincar,dense
7,1786,-200.0,200,17.067405700683594,-1.0,6.412551738321781e-05,0.0,DQN_RND,0.001,0.99,mountaincar,dense
7,1787,-200.0,200,11.059146881103516,-1.0,0.00018180377082899213,0.0,DQN_RND,0.001,0.99,mountaincar,dense
7,1788,-200.0,200,13.865434646606445,-1.0,0.0002116039686370641,0.0,DQN_RND,0.001,0.99,mountaincar,dense
7,1789,-200.0,200,11.020883560180664,-1.0,0.00023436038463842124,0.0,DQN_RND,0.001,0.99,mountaincar,dense
7,1790,-200.0,200,14.297983169555664,-1.0,1.4615384316130076e-05,0.0,DQN_RND,0.001,0.99,mountaincar,dense
7,1791,-200.0,200,17.002710342407227,-1.0,0.00019857876759488136,0.0,DQN_RND,0.001,0.99,mountaincar,dense
7,1792,-200.0,200,24.944440841674805,-1.0,4.037641338072717e-05,0.0,DQN_RND,0.001,0.99,mountaincar,dense
7,1793,-200.0,200,19.44439125061035,-1.0,4.6432232920778915e-05,0.0,DQN_RND,0.001,0.99,mountaincar,dense
7,1794,-200.0,200,14.253735542297363,-1.0,2.5936615202226676e-05,0.0,DQN_RND,0.001,0.99,mountaincar,dense
7,1795,-200.0,200,11.093155860900879,-1.0,0.00022707342577632517,0.0,DQN_RND,0.001,0.99,mountaincar,dense
7,1796,-200.0,200,10.946188926696777,-1.0,5.042196426074952e-05,0.0,DQN_RND,0.001,0.99,mountaincar,dense
7,1797,-200.0,200,33.2719612121582,-1.0,1.793460251064971e-05,0.0,DQN_RND,0.001,0.99,mountaincar,dense
7,1798,-200.0,200,8.987102508544922,-1.0,7.505318990297383e-06,0.0,DQN_RND,0.001,0.99,mountaincar,dense
7,1799,-200.0,200,22.78069305419922,-1.0,5.138309643371031e-05,0.0,DQN_RND,0.001,0.99,mountaincar,dense
7,1800,-200.0,200,11.63493824005127,-1.0,4.9523510824656114e-05,0.0,DQN_RND,0.001,0.99,mountaincar,dense
7,1801,-200.0,200,17.166683197021484,-1.0,0.0002208647783845663,0.0,DQN_RND,0.001,0.99,mountaincar,dense
7,1802,-200.0,200,20.011709213256836,-1.0,0.00019242201233282685,0.0,DQN_RND,0.001,0.99,mountaincar,dense
7,1803,-200.0,200,19.393400192260742,-1.0,0.00022803363390266895,0.0,DQN_RND,0.001,0.99,mountaincar,dense
7,1804,-200.0,200,8.426454544067383,-1.0,6.042471432010643e-05,0.0,DQN_RND,0.001,0.99,mountaincar,dense
7,1805,-200.0,200,13.742691040039062,-1.0,0.00021989835659042,0.0,DQN_RND,0.001,0.99,mountaincar,dense
7,1806,-200.0,200,5.640666961669922,-1.0,4.249855919624679e-05,0.0,DQN_RND,0.001,0.99,mountaincar,dense
7,1807,-200.0,200,11.961012840270996,-1.0,5.049440369475633e-05,0.0,DQN_RND,0.001,0.99,mountaincar,dense
7,1808,-200.0,200,10.633112907409668,-1.0,0.0002357921766815707,0.0,DQN_RND,0.001,0.99,mountaincar,dense
7,1809,-200.0,200,14.26515007019043,-1.0,7.352095508394996e-06,0.0,DQN_RND,0.001,0.99,mountaincar,dense
7,1810,-200.0,200,14.19748306274414,-1.0,0.00021341911633498967,0.0,DQN_RND,0.001,0.99,mountaincar,dense
7,1811,-200.0,200,21.86446762084961,-1.0,0.00022286406601779163,0.0,DQN_RND,0.001,0.99,mountaincar,dense
7,1812,-200.0,200,29.638233184814453,-1.0,5.266375592327677e-05,0.0,DQN_RND,0.001,0.99,mountaincar,dense
7,1813,-200.0,200,14.593914985656738,-1.0,3.943394767702557e-05,0.0,DQN_RND,0.001,0.99,mountaincar,dense
7,1814,-200.0,200,8.675138473510742,-1.0,0.00022361447918228805,0.0,DQN_RND,0.001,0.99,mountaincar,dense
7,1815,-200.0,200,10.949256896972656,-1.0,0.0002802940143737942,0.0,DQN_RND,0.001,0.99,mountaincar,dense
7,1816,-200.0,200,19.188621520996094,-1.0,5.225847053225152e-05,0.0,DQN_RND,0.001,0.99,mountaincar,dense
7,1817,-200.0,200,14.073166847229004,-1.0,5.102313298266381e-05,0.0,DQN_RND,0.001,0.99,mountaincar,dense
7,1818,-200.0,200,16.396968841552734,-1.0,0.0002474372449796647,0.0,DQN_RND,0.001,0.99,mountaincar,dense
7,1819,-200.0,200,8.356766700744629,-1.0,1.4252770597522613e-05,0.0,DQN_RND,0.001,0.99,mountaincar,dense
7,1820,-200.0,200,13.939287185668945,-1.0,2.3412641894537956e-05,0.0,DQN_RND,0.001,0.99,mountaincar,dense
7,1821,-200.0,200,26.791629791259766,-1.0,5.038107337895781e-05,0.0,DQN_RND,0.001,0.99,mountaincar,dense
7,1822,-200.0,200,0.08487480133771896,-1.0,0.00022928352700546384,0.0,DQN_RND,0.001,0.99,mountaincar,dense
7,1823,-200.0,200,19.060880661010742,-1.0,1.4300548173196148e-05,0.0,DQN_RND,0.001,0.99,mountaincar,dense
7,1824,-200.0,200,16.213481903076172,-1.0,6.188460247358307e-05,0.0,DQN_RND,0.001,0.99,mountaincar,dense
7,1825,-200.0,200,21.702489852905273,-1.0,6.346542795654386e-05,0.0,DQN_RND,0.001,0.99,mountaincar,dense
7,1826,-200.0,200,16.4335994720459,-1.0,0.000190316466614604,0.0,DQN_RND,0.001,0.99,mountaincar,dense
7,1827,-200.0,200,13.577361106872559,-1.0,0.00020942014816682786,0.0,DQN_RND,0.001,0.99,mountaincar,dense
7,1828,-200.0,200,10.954380989074707,-1.0,4.923826418234967e-05,0.0,DQN_RND,0.001,0.99,mountaincar,dense
7,1829,-200.0,200,13.871960639953613,-1.0,0.00017444824334234,0.0,DQN_RND,0.001,0.99,mountaincar,dense
7,1830,-200.0,200,22.06698226928711,-1.0,0.00025563917006365955,0.0,DQN_RND,0.001,0.99,mountaincar,dense
7,1831,-200.0,200,21.483585357666016,-1.0,0.00018402162822894752,0.0,DQN_RND,0.001,0.99,mountaincar,dense
7,1832,-200.0,200,23.775466918945312,-1.0,5.8916888519888744e-05,0.0,DQN_RND,0.001,0.99,mountaincar,dense
7,1833,-200.0,200,19.188783645629883,-1.0,3.9848589949542657e-05,0.0,DQN_RND,0.001,0.99,mountaincar,dense
7,1834,-200.0,200,11.215335845947266,-1.0,5.160369255463593e-05,0.0,DQN_RND,0.001,0.99,mountaincar,dense
7,1835,-200.0,200,2.8044958114624023,-1.0,0.0001927131525008008,0.0,DQN_RND,0.001,0.99,mountaincar,dense
7,1836,-200.0,200,27.250041961669922,-1.0,0.000237624321016483,0.0,DQN_RND,0.001,0.99,mountaincar,dense
7,1837,-200.0,200,0.04017939791083336,-1.0,4.973279283149168e-05,0.0,DQN_RND,0.001,0.99,mountaincar,dense
7,1838,-200.0,200,8.4962158203125,-1.0,5.0139002269133925e-05,0.0,DQN_RND,0.001,0.99,mountaincar,dense
7,1839,-200.0,200,13.635832786560059,-1.0,0.0001901084469864145,0.0,DQN_RND,0.001,0.99,mountaincar,dense
7,1840,-200.0,200,16.781660079956055,-1.0,5.6743232562439516e-05,0.0,DQN_RND,0.001,0.99,mountaincar,dense
7,1841,-200.0,200,18.7943172454834,-1.0,9.08613292267546e-05,0.0,DQN_RND,0.001,0.99,mountaincar,dense
7,1842,-200.0,200,2.9489541053771973,-1.0,1.523250375612406e-05,0.0,DQN_RND,0.001,0.99,mountaincar,dense
7,1843,-200.0,200,8.45234489440918,-1.0,2.7575972126214765e-05,0.0,DQN_RND,0.001,0.99,mountaincar,dense
7,1844,-200.0,200,14.076723098754883,-1.0,4.931526927975938e-05,0.0,DQN_RND,0.001,0.99,mountaincar,dense
7,1845,-200.0,200,13.419133186340332,-1.0,0.00018932549573946744,0.0,DQN_RND,0.001,0.99,mountaincar,dense
7,1846,-200.0,200,19.597335815429688,-1.0,5.305729791871272e-05,0.0,DQN_RND,0.001,0.99,mountaincar,dense
7,1847,-200.0,200,16.843441009521484,-1.0,0.0002329135750187561,0.0,DQN_RND,0.001,0.99,mountaincar,dense
7,1848,-200.0,200,5.76597261428833,-1.0,0.00018486089538782835,0.0,DQN_RND,0.001,0.99,mountaincar,dense
7,1849,-200.0,200,13.839287757873535,-1.0,0.00021580449538305402,0.0,DQN_RND,0.001,0.99,mountaincar,dense
7,1850,-200.0,200,22.043590545654297,-1.0,0.00023144799342844635,0.0,DQN_RND,0.001,0.99,mountaincar,dense
7,1851,-200.0,200,11.119367599487305,-1.0,0.00023450922162737697,0.0,DQN_RND,0.001,0.99,mountaincar,dense
7,1852,-200.0,200,10.812252044677734,-1.0,0.0002320856583537534,0.0,DQN_RND,0.001,0.99,mountaincar,dense
7,1853,-200.0,200,13.683685302734375,-1.0,5.104110459797084e-05,0.0,DQN_RND,0.001,0.99,mountaincar,dense
7,1854,-200.0,200,13.877375602722168,-1.0,2.9862459996365942e-05,0.0,DQN_RND,0.001,0.99,mountaincar,dense
7,1855,-200.0,200,8.489992141723633,-1.0,5.310132837621495e-05,0.0,DQN_RND,0.001,0.99,mountaincar,dense
7,1856,-200.0,200,5.449107646942139,-1.0,0.00021607951202895492,0.0,DQN_RND,0.001,0.99,mountaincar,dense
7,1857,-200.0,200,11.036910057067871,-1.0,2.003709778364282e-05,0.0,DQN_RND,0.001,0.99,mountaincar,dense
7,1858,-200.0,200,16.523977279663086,-1.0,4.850538243772462e-05,0.0,DQN_RND,0.001,0.99,mountaincar,dense
7,1859,-200.0,200,16.6475830078125,-1.0,0.0002145433536497876,0.0,DQN_RND,0.001,0.99,mountaincar,dense
7,1860,-200.0,200,26.92546844482422,-1.0,6.226716504897922e-05,0.0,DQN_RND,0.001,0.99,mountaincar,dense
7,1861,-200.0,200,13.318059921264648,-1.0,1.8524788174545392e-05,0.0,DQN_RND,0.001,0.99,mountaincar,dense
7,1862,-200.0,200,18.772010803222656,-1.0,2.6546958906692453e-05,0.0,DQN_RND,0.001,0.99,mountaincar,dense
7,1863,-200.0,200,5.115276336669922,-1.0,4.6258119255071506e-05,0.0,DQN_RND,0.001,0.99,mountaincar,dense
7,1864,-200.0,200,8.146024703979492,-1.0,4.510776307142805e-06,0.0,DQN_RND,0.001,0.99,mountaincar,dense
7,1865,-200.0,200,5.561436653137207,-1.0,3.306792859802954e-05,0.0,DQN_RND,0.001,0.99,mountaincar,dense
7,1866,-200.0,200,16.516162872314453,-1.0,4.801227623829618e-05,0.0,DQN_RND,0.001,0.99,mountaincar,dense
7,1867,-200.0,200,13.858489036560059,-1.0,4.506045297603123e-05,0.0,DQN_RND,0.001,0.99,mountaincar,dense
7,1868,-200.0,200,7.906960487365723,-1.0,1.5921425074338913e-05,0.0,DQN_RND,0.001,0.99,mountaincar,dense
7,1869,-200.0,200,19.37251853942871,-1.0,2.4203769498853944e-05,0.0,DQN_RND,0.001,0.99,mountaincar,dense
7,1870,-200.0,200,11.048673629760742,-1.0,5.3969975851941854e-05,0.0,DQN_RND,0.001,0.99,mountaincar,dense
7,1871,-200.0,200,5.5634965896606445,-1.0,0.00023144956503529102,0.0,DQN_RND,0.001,0.99,mountaincar,dense
7,1872,-200.0,200,5.609799385070801,-1.0,4.9473786930320784e-05,0.0,DQN_RND,0.001,0.99,mountaincar,dense
7,1873,-200.0,200,22.42195701599121,-1.0,0.00020623653836082667,0.0,DQN_RND,0.001,0.99,mountaincar,dense
7,1874,-200.0,200,24.931705474853516,-1.0,5.3151197789702564e-05,0.0,DQN_RND,0.001,0.99,mountaincar,dense
7,1875,-200.0,200,16.663991928100586,-1.0,0.0001915446628117934,0.0,DQN_RND,0.001,0.99,mountaincar,dense
7,1876,-200.0,200,16.520435333251953,-1.0,0.00024581808247603476,0.0,DQN_RND,0.001,0.99,mountaincar,dense
7,1877,-200.0,200,13.836867332458496,-1.0,1.2834083463530988e-05,0.0,DQN_RND,0.001,0.99,mountaincar,dense
7,1878,-200.0,200,8.282176971435547,-1.0,5.633470664179185e-06,0.0,DQN_RND,0.001,0.99,mountaincar,dense
7,1879,-200.0,200,13.919784545898438,-1.0,4.479789640754461e-05,0.0,DQN_RND,0.001,0.99,mountaincar,dense
7,1880,-200.0,200,8.051209449768066,-1.0,4.568089570966549e-05,0.0,DQN_RND,0.001,0.99,mountaincar,dense
7,1881,-200.0,200,8.43706226348877,-1.0,4.534850813797675e-05,0.0,DQN_RND,0.001,0.99,mountaincar,dense
7,1882,-200.0,200,16.79267692565918,-1.0,2.275780752825085e-05,0.0,DQN_RND,0.001,0.99,mountaincar,dense
7,1883,-200.0,200,11.444794654846191,-1.0,1.5768779121572152e-05,0.0,DQN_RND,0.001,0.99,mountaincar,dense
7,1884,-200.0,200,25.174835205078125,-1.0,0.0002300006162840873,0.0,DQN_RND,0.001,0.99,mountaincar,dense
7,1885,-200.0,200,11.48916244506836,-1.0,4.481267387745902e-05,0.0,DQN_RND,0.001,0.99,mountaincar,dense
7,1886,-200.0,200,22.49163055419922,-1.0,0.0002354184107389301,0.0,DQN_RND,0.001,0.99,mountaincar,dense
7,1887,-200.0,200,13.986262321472168,-1.0,0.00016564516408834606,0.0,DQN_RND,0.001,0.99,mountaincar,dense
7,1888,-200.0,200,16.78020477294922,-1.0,0.0001791476970538497,0.0,DQN_RND,0.001,0.99,mountaincar,dense
7,1889,-200.0,200,11.68390941619873,-1.0,4.943967724102549e-05,0.0,DQN_RND,0.001,0.99,mountaincar,dense
7,1890,-200.0,200,8.318203926086426,-1.0,0.0002240601897938177,0.0,DQN_RND,0.001,0.99,mountaincar,dense
7,1891,-200.0,200,14.344388961791992,-1.0,5.324845187715255e-05,0.0,DQN_RND,0.001,0.99,mountaincar,dense
7,1892,-200.0,200,19.77629852294922,-1.0,4.589053787640296e-05,0.0,DQN_RND,0.001,0.99,mountaincar,dense
7,1893,-200.0,200,11.307899475097656,-1.0,6.6596971919352654e-06,0.0,DQN_RND,0.001,0.99,mountaincar,dense
7,1894,-200.0,200,11.212973594665527,-1.0,3.5289656807435676e-05,0.0,DQN_RND,0.001,0.99,mountaincar,dense
7,1895,-200.0,200,2.7540314197540283,-1.0,2.8407492209225893e-05,0.0,DQN_RND,0.001,0.99,mountaincar,dense
7,1896,-200.0,200,14.20634937286377,-1.0,3.229849971830845e-05,0.0,DQN_RND,0.001,0.99,mountaincar,dense
7,1897,-200.0,200,5.665313243865967,-1.0,0.00024598155869171023,0.0,DQN_RND,0.001,0.99,mountaincar,dense
7,1898,-200.0,200,25.39042091369629,-1.0,0.0001748235517879948,0.0,DQN_RND,0.001,0.99,mountaincar,dense
7,1899,-200.0,200,13.890896797180176,-1.0,4.4185151637066156e-05,0.0,DQN_RND,0.001,0.99,mountaincar,dense
7,1900,-200.0,200,17.14198875427246,-1.0,7.4805666372412816e-06,0.0,DQN_RND,0.001,0.99,mountaincar,dense
7,1901,-200.0,200,19.253376007080078,-1.0,4.6070035750744864e-05,0.0,DQN_RND,0.001,0.99,mountaincar,dense
7,1902,-200.0,200,16.774330139160156,-1.0,2.5998664568760432e-05,0.0,DQN_RND,0.001,0.99,mountaincar,dense
7,1903,-200.0,200,8.456997871398926,-1.0,4.7534787881886587e-05,0.0,DQN_RND,0.001,0.99,mountaincar,dense
7,1904,-200.0,200,14.262776374816895,-1.0,4.613269993569702e-05,0.0,DQN_RND,0.001,0.99,mountaincar,dense
7,1905,-200.0,200,5.684378623962402,-1.0,1.245827843376901e-05,0.0,DQN_RND,0.001,0.99,mountaincar,dense
7,1906,-200.0,200,14.065484046936035,-1.0,0.00025302389985881746,0.0,DQN_RND,0.001,0.99,mountaincar,dense
7,1907,-200.0,200,11.079916000366211,-1.0,4.19818798036431e-06,0.0,DQN_RND,0.001,0.99,mountaincar,dense
7,1908,-200.0,200,11.152839660644531,-1.0,4.032448850921355e-05,0.0,DQN_RND,0.001,0.99,mountaincar,dense
7,1909,-200.0,200,16.730337142944336,-1.0,4.249209723639069e-06,0.0,DQN_RND,0.001,0.99,mountaincar,dense
7,1910,-200.0,200,19.438201904296875,-1.0,1.0112435120390728e-05,0.0,DQN_RND,0.001,0.99,mountaincar,dense
7,1911,-200.0,200,24.13260269165039,-1.0,4.3104388169012964e-05,0.0,DQN_RND,0.001,0.99,mountaincar,dense
7,1912,-200.0,200,10.97774600982666,-1.0,6.648710950685199e-06,0.0,DQN_RND,0.001,0.99,mountaincar,dense
7,1913,-200.0,200,13.620223999023438,-1.0,0.00016495519957970828,0.0,DQN_RND,0.001,0.99,mountaincar,dense
7,1914,-200.0,200,18.763431549072266,-1.0,0.000257088482612744,0.0,DQN_RND,0.001,0.99,mountaincar,dense
7,1915,-200.0,200,5.586751937866211,-1.0,0.00017124676378443837,0.0,DQN_RND,0.001,0.99,mountaincar,dense
7,1916,-200.0,200,8.486368179321289,-1.0,0.00017673442198429257,0.0,DQN_RND,0.001,0.99,mountaincar,dense
7,1917,-200.0,200,19.040430068969727,-1.0,0.00018205434025730938,0.0,DQN_RND,0.001,0.99,mountaincar,dense
7,1918,-200.0,200,8.48171615600586,-1.0,1.3550801668316126e-05,0.0,DQN_RND,0.001,0.99,mountaincar,dense
7,1919,-200.0,200,16.864717483520508,-1.0,0.0001991727767745033,0.0,DQN_RND,0.001,0.99,mountaincar,dense
7,1920,-200.0,200,8.315434455871582,-1.0,0.00017992628272622824,0.0,DQN_RND,0.001,0.99,mountaincar,dense
7,1921,-200.0,200,8.470555305480957,-1.0,0.0001710078795440495,0.0,DQN_RND,0.001,0.99,mountaincar,dense
7,1922,-200.0,200,11.148870468139648,-1.0,0.00021966015629004687,0.0,DQN_RND,0.001,0.99,mountaincar,dense
7,1923,-200.0,200,10.896488189697266,-1.0,0.00026053894544020295,0.0,DQN_RND,0.001,0.99,mountaincar,dense
7,1924,-200.0,200,16.837970733642578,-1.0,4.985887699149316e-06,0.0,DQN_RND,0.001,0.99,mountaincar,dense
7,1925,-200.0,200,16.778472900390625,-1.0,0.00017155779642052948,0.0,DQN_RND,0.001,0.99,mountaincar,dense
7,1926,-200.0,200,8.371759414672852,-1.0,0.00018352970073465258,0.0,DQN_RND,0.001,0.99,mountaincar,dense
7,1927,-200.0,200,11.134069442749023,-1.0,4.42033851868473e-05,0.0,DQN_RND,0.001,0.99,mountaincar,dense
7,1928,-200.0,200,5.606446743011475,-1.0,5.578375294135185e-06,0.0,DQN_RND,0.001,0.99,mountaincar,dense
7,1929,-200.0,200,5.663400650024414,-1.0,5.214286284171976e-05,0.0,DQN_RND,0.001,0.99,mountaincar,dense
7,1930,-200.0,200,14.074843406677246,-1.0,4.7566325520165265e-05,0.0,DQN_RND,0.001,0.99,mountaincar,dense
7,1931,-200.0,200,11.272080421447754,-1.0,1.892745422082953e-05,0.0,DQN_RND,0.001,0.99,mountaincar,dense
7,1932,-200.0,200,11.361513137817383,-1.0,0.00017595542885828763,0.0,DQN_RND,0.001,0.99,mountaincar,dense
7,1933,-200.0,200,14.05594539642334,-1.0,0.0002259396860608831,0.0,DQN_RND,0.001,0.99,mountaincar,dense
7,1934,-200.0,200,17.23692512512207,-1.0,5.155829512659693e-06,0.0,DQN_RND,0.001,0.99,mountaincar,dense
7,1935,-200.0,200,22.447021484375,-1.0,4.465896563488059e-05,0.0,DQN_RND,0.001,0.99,mountaincar,dense
7,1936,-200.0,200,16.781152725219727,-1.0,4.235454252921045e-05,0.0,DQN_RND,0.001,0.99,mountaincar,dense
7,1937,-200.0,200,11.271171569824219,-1.0,5.3416373702930287e-05,0.0,DQN_RND,0.001,0.99,mountaincar,dense
7,1938,-200.0,200,8.42402458190918,-1.0,4.189105675322935e-05,0.0,DQN_RND,0.001,0.99,mountaincar,dense
7,1939,-200.0,200,19.251596450805664,-1.0,4.1599490941734985e-05,0.0,DQN_RND,0.001,0.99,mountaincar,dense
7,1940,-200.0,200,8.15147590637207,-1.0,4.554914994514547e-05,0.0,DQN_RND,0.001,0.99,mountaincar,dense
7,1941,-200.0,200,5.606269836425781,-1.0,5.393363244365901e-05,0.0,DQN_RND,0.001,0.99,mountaincar,dense
7,1942,-200.0,200,18.795074462890625,-1.0,0.00022968396660871804,0.0,DQN_RND,0.001,0.99,mountaincar,dense
7,1943,-200.0,200,5.569127082824707,-1.0,1.4218110663932748e-05,0.0,DQN_RND,0.001,0.99,mountaincar,dense
7,1944,-200.0,200,11.192306518554688,-1.0,0.00024332766770385206,0.0,DQN_RND,0.001,0.99,mountaincar,dense
7,1945,-200.0,200,16.661340713500977,-1.0,4.1856961615849286e-05,0.0,DQN_RND,0.001,0.99,mountaincar,dense
7,1946,-200.0,200,13.994124412536621,-1.0,2.1458390619955026e-05,0.0,DQN_RND,0.001,0.99,mountaincar,dense
7,1947,-200.0,200,16.966402053833008,-1.0,0.00024206731177400798,0.0,DQN_RND,0.001,0.99,mountaincar,dense
7,1948,-200.0,200,14.050270080566406,-1.0,0.0002357588818995282,0.0,DQN_RND,0.001,0.99,mountaincar,dense
7,1949,-200.0,200,8.426236152648926,-1.0,0.00021405145525932312,0.0,DQN_RND,0.001,0.99,mountaincar,dense
7,1950,-200.0,200,22.298133850097656,-1.0,4.1063627577386796e-05,0.0,DQN_RND,0.001,0.99,mountaincar,dense
7,1951,-200.0,200,5.5042548179626465,-1.0,0.0002180985320592299,0.0,DQN_RND,0.001,0.99,mountaincar,dense
7,1952,-200.0,200,5.549409866333008,-1.0,3.7536239688051865e-05,0.0,DQN_RND,0.001,0.99,mountaincar,dense
7,1953,-200.0,200,8.45787525177002,-1.0,0.00021129885863047093,0.0,DQN_RND,0.001,0.99,mountaincar,dense
7,1954,-200.0,200,16.880125045776367,-1.0,0.00018316016939934343,0.0,DQN_RND,0.001,0.99,mountaincar,dense
7,1955,-200.0,200,14.108192443847656,-1.0,0.00014010892482474446,0.0,DQN_RND,0.001,0.99,mountaincar,dense
7,1956,-200.0,200,2.801429033279419,-1.0,4.147252911934629e-05,0.0,DQN_RND,0.001,0.99,mountaincar,dense
7,1957,-200.0,200,5.765915870666504,-1.0,3.085027856286615e-05,0.0,DQN_RND,0.001,0.99,mountaincar,dense
7,1958,-200.0,200,8.619542121887207,-1.0,0.0001845491206040606,0.0,DQN_RND,0.001,0.99,mountaincar,dense
7,1959,-200.0,200,19.800643920898438,-1.0,4.0960505430120975e-05,0.0,DQN_RND,0.001,0.99,mountaincar,dense
7,1960,-200.0,200,11.630450248718262,-1.0,3.476179699646309e-05,0.0,DQN_RND,0.001,0.99,mountaincar,dense
7,1961,-200.0,200,17.26807975769043,-1.0,4.329240618972108e-05,0.0,DQN_RND,0.001,0.99,mountaincar,dense
7,1962,-200.0,200,5.764152526855469,-1.0,0.00018169220129493624,0.0,DQN_RND,0.001,0.99,mountaincar,dense
7,1963,-200.0,200,5.877609729766846,-1.0,4.008798714494333e-05,0.0,DQN_RND,0.001,0.99,mountaincar,dense
7,1964,-200.0,200,14.650537490844727,-1.0,0.00015988093218766153,0.0,DQN_RND,0.001,0.99,mountaincar,dense
7,1965,-200.0,200,29.194068908691406,-1.0,0.00015625639935024083,0.0,DQN_RND,0.001,0.99,mountaincar,dense
7,1966,-200.0,200,11.605538368225098,-1.0,5.385404801927507e-05,0.0,DQN_RND,0.001,0.99,mountaincar,dense
7,1967,-200.0,200,5.810044765472412,-1.0,1.5559264284092933e-05,0.0,DQN_RND,0.001,0.99,mountaincar,dense
7,1968,-200.0,200,5.717267036437988,-1.0,1.3321747246664017e-05,0.0,DQN_RND,0.001,0.99,mountaincar,dense
7,1969,-200.0,200,17.47490119934082,-1.0,5.869461801921716e-06,0.0,DQN_RND,0.001,0.99,mountaincar,dense
7,1970,-200.0,200,17.828571319580078,-1.0,4.384292697068304e-05,0.0,DQN_RND,0.001,0.99,mountaincar,dense
7,1971,-200.0,200,8.905630111694336,-1.0,0.00024354085326194763,0.0,DQN_RND,0.001,0.99,mountaincar,dense
7,1972,-200.0,200,17.496810913085938,-1.0,0.00014972902135923505,0.0,DQN_RND,0.001,0.99,mountaincar,dense
7,1973,-200.0,200,14.586519241333008,-1.0,4.050684583489783e-05,0.0,DQN_RND,0.001,0.99,mountaincar,dense
7,1974,-200.0,200,17.918603897094727,-1.0,9.475234037381597e-06,0.0,DQN_RND,0.001,0.99,mountaincar,dense
7,1975,-200.0,200,20.712526321411133,-1.0,3.770567127503455e-05,0.0,DQN_RND,0.001,0.99,mountaincar,dense
7,1976,-200.0,200,2.853949785232544,-1.0,0.00018830712360795587,0.0,DQN_RND,0.001,0.99,mountaincar,dense
7,1977,-200.0,200,14.61669921875,-1.0,0.00021268168347887695,0.0,DQN_RND,0.001,0.99,mountaincar,dense
7,1978,-200.0,200,20.297622680664062,-1.0,0.0001784931228030473,0.0,DQN_RND,0.001,0.99,mountaincar,dense
7,1979,-200.0,200,23.751052856445312,-1.0,9.014951501740143e-06,0.0,DQN_RND,0.001,0.99,mountaincar,dense
7,1980,-200.0,200,8.980108261108398,-1.0,4.749085564981215e-05,0.0,DQN_RND,0.001,0.99,mountaincar,dense
7,1981,-200.0,200,2.8925065994262695,-1.0,0.00019712108769454062,0.0,DQN_RND,0.001,0.99,mountaincar,dense
7,1982,-200.0,200,26.461238861083984,-1.0,2.991285509779118e-05,0.0,DQN_RND,0.001,0.99,mountaincar,dense
7,1983,-200.0,200,14.762115478515625,-1.0,4.936778714181855e-05,0.0,DQN_RND,0.001,0.99,mountaincar,dense
7,1984,-200.0,200,2.864436626434326,-1.0,3.920167000615038e-05,0.0,DQN_RND,0.001,0.99,mountaincar,dense
7,1985,-200.0,200,14.637659072875977,-1.0,1.0363879482611082e-05,0.0,DQN_RND,0.001,0.99,mountaincar,dense
7,1986,-200.0,200,14.547850608825684,-1.0,5.1549406634876505e-05,0.0,DQN_RND,0.001,0.99,mountaincar,dense
7,1987,-200.0,200,8.5651273727417,-1.0,4.512136001721956e-06,0.0,DQN_RND,0.001,0.99,mountaincar,dense
7,1988,-200.0,200,8.780143737792969,-1.0,3.31960545736365e-05,0.0,DQN_RND,0.001,0.99,mountaincar,dense
7,1989,-200.0,200,11.847481727600098,-1.0,4.197804082650691e-05,0.0,DQN_RND,0.001,0.99,mountaincar,dense
7,1990,-200.0,200,23.87066650390625,-1.0,0.00020752228738274425,0.0,DQN_RND,0.001,0.99,mountaincar,dense
7,1991,-200.0,200,26.672138214111328,-1.0,0.00018888662452809513,0.0,DQN_RND,0.001,0.99,mountaincar,dense
7,1992,-200.0,200,15.13231086730957,-1.0,4.065689063281752e-05,0.0,DQN_RND,0.001,0.99,mountaincar,dense
7,1993,-200.0,200,9.052967071533203,-1.0,0.0001559978845762089,0.0,DQN_RND,0.001,0.99,mountaincar,dense
7,1994,-200.0,200,9.192081451416016,-1.0,0.00018228450790047646,0.0,DQN_RND,0.001,0.99,mountaincar,dense
7,1995,-200.0,200,9.08935260772705,-1.0,0.00015023312880657613,0.0,DQN_RND,0.001,0.99,mountaincar,dense
7,1996,-200.0,200,12.468559265136719,-1.0,3.4782216971507296e-05,0.0,DQN_RND,0.001,0.99,mountaincar,dense
7,1997,-200.0,200,18.330488204956055,-1.0,0.0002332170697627589,0.0,DQN_RND,0.001,0.99,mountaincar,dense
7,1998,-200.0,200,27.332443237304688,-1.0,4.558005093713291e-05,0.0,DQN_RND,0.001,0.99,mountaincar,dense
7,1999,-200.0,200,3.045924186706543,-1.0,3.034616202057805e-05,0.0,DQN_RND,0.001,0.99,mountaincar,dense
7,2000,-200.0,200,24.28419303894043,-1.0,3.908844155375846e-05,0.0,DQN_RND,0.001,0.99,mountaincar,dense
7,2001,-200.0,200,24.452817916870117,-1.0,5.312462235451676e-05,0.0,DQN_RND,0.001,0.99,mountaincar,dense
7,2002,-200.0,200,6.066720008850098,-1.0,4.74751323054079e-06,0.0,DQN_RND,0.001,0.99,mountaincar,dense
7,2003,-200.0,200,9.19946575164795,-1.0,5.683135168510489e-05,0.0,DQN_RND,0.001,0.99,mountaincar,dense
7,2004,-200.0,200,11.861780166625977,-1.0,0.0001923909439938143,0.0,DQN_RND,0.001,0.99,mountaincar,dense
7,2005,-200.0,200,26.769330978393555,-1.0,5.4690706747351214e-05,0.0,DQN_RND,0.001,0.99,mountaincar,dense
7,2006,-200.0,200,26.20509147644043,-1.0,4.5002954720985144e-05,0.0,DQN_RND,0.001,0.99,mountaincar,dense
7,2007,-200.0,200,14.791328430175781,-1.0,4.003136928076856e-05,0.0,DQN_RND,0.001,0.99,mountaincar,dense
7,2008,-200.0,200,9.024944305419922,-1.0,0.00017175779794342816,0.0,DQN_RND,0.001,0.99,mountaincar,dense
7,2009,-200.0,200,20.915935516357422,-1.0,2.2168811483425088e-05,0.0,DQN_RND,0.001,0.99,mountaincar,dense
7,2010,-200.0,200,9.0575532913208,-1.0,4.9954633141169325e-06,0.0,DQN_RND,0.001,0.99,mountaincar,dense
7,2011,-200.0,200,21.044139862060547,-1.0,2.302404391230084e-05,0.0,DQN_RND,0.001,0.99,mountaincar,dense
7,2012,-200.0,200,15.342657089233398,-1.0,1.4804566490056459e-05,0.0,DQN_RND,0.001,0.99,mountaincar,dense
7,2013,-200.0,200,12.185168266296387,-1.0,4.038760016555898e-05,0.0,DQN_RND,0.001,0.99,mountaincar,dense
7,2014,-200.0,200,18.2889347076416,-1.0,3.684949660964776e-06,0.0,DQN_RND,0.001,0.99,mountaincar,dense
7,2015,-200.0,200,24.119007110595703,-1.0,0.00022326060570776463,0.0,DQN_RND,0.001,0.99,mountaincar,dense
7,2016,-200.0,200,6.017152309417725,-1.0,0.0002225131611339748,0.0,DQN_RND,0.001,0.99,mountaincar,dense
7,2017,-200.0,200,20.82274627685547,-1.0,0.00017694718553684652,0.0,DQN_RND,0.001,0.99,mountaincar,dense
7,2018,-200.0,200,2.9751641750335693,-1.0,0.00014953494246583432,0.0,DQN_RND,0.001,0.99,mountaincar,dense
7,2019,-200.0,200,11.93574047088623,-1.0,4.177512437308906e-06,0.0,DQN_RND,0.001,0.99,mountaincar,dense
7,2020,-200.0,200,23.991979598999023,-1.0,2.9647317205672152e-05,0.0,DQN_RND,0.001,0.99,mountaincar,dense
7,2021,-200.0,200,11.869729995727539,-1.0,3.763722997973673e-05,0.0,DQN_RND,0.001,0.99,mountaincar,dense
7,2022,-200.0,200,11.802715301513672,-1.0,3.91418652725406e-05,0.0,DQN_RND,0.001,0.99,mountaincar,dense
7,2023,-200.0,200,6.040805816650391,-1.0,0.0001651834900258109,0.0,DQN_RND,0.001,0.99,mountaincar,dense
7,2024,-200.0,200,11.86990737915039,-1.0,0.00018778133380692452,0.0,DQN_RND,0.001,0.99,mountaincar,dense
7,2025,-200.0,200,2.9906251430511475,-1.0,4.895675738225691e-05,0.0,DQN_RND,0.001,0.99,mountaincar,dense
7,2026,-200.0,200,3.05570387840271,-1.0,3.910411396645941e-05,0.0,DQN_RND,0.001,0.99,mountaincar,dense
7,2027,-200.0,200,20.881933212280273,-1.0,0.00016892528219614178,0.0,DQN_RND,0.001,0.99,mountaincar,dense
7,2028,-200.0,200,9.211793899536133,-1.0,1.5116575923457276e-05,0.0,DQN_RND,0.001,0.99,mountaincar,dense
7,2029,-200.0,200,12.157463073730469,-1.0,1.0446547094034031e-05,0.0,DQN_RND,0.001,0.99,mountaincar,dense
7,2030,-200.0,200,18.421720504760742,-1.0,3.462895983830094e-05,0.0,DQN_RND,0.001,0.99,mountaincar,dense
7,2031,-200.0,200,24.157611846923828,-1.0,5.1799950597342104e-05,0.0,DQN_RND,0.001,0.99,mountaincar,dense
7,2032,-200.0,200,21.306732177734375,-1.0,0.00022993057791609317,0.0,DQN_RND,0.001,0.99,mountaincar,dense
7,2033,-200.0,200,11.852434158325195,-1.0,0.00016686678281985223,0.0,DQN_RND,0.001,0.99,mountaincar,dense
7,2034,-200.0,200,17.807085037231445,-1.0,1.3265798770589754e-05,0.0,DQN_RND,0.001,0.99,mountaincar,dense
7,2035,-200.0,200,32.56908416748047,-1.0,3.120276960544288e-05,0.0,DQN_RND,0.001,0.99,mountaincar,dense
7,2036,-200.0,200,11.6437349319458,-1.0,2.316469544894062e-05,0.0,DQN_RND,0.001,0.99,mountaincar,dense
7,2037,-200.0,200,17.477619171142578,-1.0,3.766172085306607e-05,0.0,DQN_RND,0.001,0.99,mountaincar,dense
7,2038,-200.0,200,14.410322189331055,-1.0,3.5746695630223257e-06,0.0,DQN_RND,0.001,0.99,mountaincar,dense
7,2039,-200.0,200,11.508866310119629,-1.0,0.0002158887655241415,0.0,DQN_RND,0.001,0.99,mountaincar,dense
7,2040,-200.0,200,0.0013547292910516262,-1.0,9.972849511541426e-06,0.0,DQN_RND,0.001,0.99,mountaincar,dense
7,2041,-200.0,200,14.736288070678711,-1.0,0.00016435212455689907,0.0,DQN_RND,0.001,0.99,mountaincar,dense
7,2042,-200.0,200,11.635425567626953,-1.0,0.00020311027765274048,0.0,DQN_RND,0.001,0.99,mountaincar,dense
7,2043,-200.0,200,23.343360900878906,-1.0,1.0881179150601383e-05,0.0,DQN_RND,0.001,0.99,mountaincar,dense
7,2044,-200.0,200,8.88986873626709,-1.0,2.763971860986203e-05,0.0,DQN_RND,0.001,0.99,mountaincar,dense
7,2045,-200.0,200,11.789070129394531,-1.0,3.761687912628986e-05,0.0,DQN_RND,0.001,0.99,mountaincar,dense
7,2046,-200.0,200,12.011384963989258,-1.0,0.00015672415611334145,0.0,DQN_RND,0.001,0.99,mountaincar,dense
7,2047,-200.0,200,9.070093154907227,-1.0,7.944295248307753e-06,0.0,DQN_RND,0.001,0.99,mountaincar,dense
7,2048,-200.0,200,26.729639053344727,-1.0,0.00015711186279077083,0.0,DQN_RND,0.001,0.99,mountaincar,dense
7,2049,-200.0,200,8.80962085723877,-1.0,8.913455531001091e-06,0.0,DQN_RND,0.001,0.99,mountaincar,dense
7,2050,-200.0,200,5.879337310791016,-1.0,4.092679591849446e-05,0.0,DQN_RND,0.001,0.99,mountaincar,dense
7,2051,-200.0,200,14.556256294250488,-1.0,0.000207118850084953,0.0,DQN_RND,0.001,0.99,mountaincar,dense
7,2052,-200.0,200,17.831205368041992,-1.0,7.025795639492571e-06,0.0,DQN_RND,0.001,0.99,mountaincar,dense
7,2053,-200.0,200,11.837366104125977,-1.0,0.00015511079982388765,0.0,DQN_RND,0.001,0.99,mountaincar,dense
7,2054,-200.0,200,14.52297592163086,-1.0,4.279727363609709e-05,0.0,DQN_RND,0.001,0.99,mountaincar,dense
7,2055,-200.0,200,23.322927474975586,-1.0,7.920360985735897e-06,0.0,DQN_RND,0.001,0.99,mountaincar,dense
7,2056,-200.0,200,14.871140480041504,-1.0,1.5492782040382735e-05,0.0,DQN_RND,0.001,0.99,mountaincar,dense
7,2057,-200.0,200,11.91973876953125,-1.0,2.1073561583762057e-05,0.0,DQN_RND,0.001,0.99,mountaincar,dense
7,2058,-200.0,200,20.53936004638672,-1.0,0.00018091288802679628,0.0,DQN_RND,0.001,0.99,mountaincar,dense
7,2059,-200.0,200,11.555343627929688,-1.0,0.00017118477262556553,0.0,DQN_RND,0.001,0.99,mountaincar,dense
7,2060,-200.0,200,5.822147846221924,-1.0,3.960954927606508e-05,0.0,DQN_RND,0.001,0.99,mountaincar,dense
7,2061,-200.0,200,26.475814819335938,-1.0,3.636933979578316e-05,0.0,DQN_RND,0.001,0.99,mountaincar,dense
7,2062,-200.0,200,14.648985862731934,-1.0,0.00015498645370826125,0.0,DQN_RND,0.001,0.99,mountaincar,dense
7,2063,-200.0,200,11.787832260131836,-1.0,3.6792403079743963e-06,0.0,DQN_RND,0.001,0.99,mountaincar,dense
7,2064,-200.0,200,14.738763809204102,-1.0,3.425413524382748e-05,0.0,DQN_RND,0.001,0.99,mountaincar,dense
7,2065,-200.0,200,23.33291244506836,-1.0,0.00019716624228749424,0.0,DQN_RND,0.001,0.99,mountaincar,dense
7,2066,-200.0,200,16.471750259399414,-1.0,3.585219747037627e-05,0.0,DQN_RND,0.001,0.99,mountaincar,dense
7,2067,-200.0,200,14.075881958007812,-1.0,7.1151093834487256e-06,0.0,DQN_RND,0.001,0.99,mountaincar,dense
7,2068,-200.0,200,2.8105926513671875,-1.0,0.00022292793437372893,0.0,DQN_RND,0.001,0.99,mountaincar,dense
7,2069,-200.0,200,11.267220497131348,-1.0,3.710303280968219e-05,0.0,DQN_RND,0.001,0.99,mountaincar,dense
7,2070,-200.0,200,14.208044052124023,-1.0,3.5810760891763493e-05,0.0,DQN_RND,0.001,0.99,mountaincar,dense
7,2071,-200.0,200,17.233482360839844,-1.0,2.8206330171087757e-05,0.0,DQN_RND,0.001,0.99,mountaincar,dense
7,2072,-200.0,200,8.623886108398438,-1.0,0.00024345982819795609,0.0,DQN_RND,0.001,0.99,mountaincar,dense
7,2073,-200.0,200,8.583049774169922,-1.0,8.926031296141446e-05,0.0,DQN_RND,0.001,0.99,mountaincar,dense
7,2074,-200.0,200,8.714876174926758,-1.0,3.7035752029623836e-05,0.0,DQN_RND,0.001,0.99,mountaincar,dense
7,2075,-200.0,200,20.192411422729492,-1.0,0.00021465684403665364,0.0,DQN_RND,0.001,0.99,mountaincar,dense
7,2076,-200.0,200,25.602012634277344,-1.0,0.00016403594054281712,0.0,DQN_RND,0.001,0.99,mountaincar,dense
7,2077,-200.0,200,22.56927490234375,-1.0,3.9686315176368225e-06,0.0,DQN_RND,0.001,0.99,mountaincar,dense
7,2078,-200.0,200,5.791906833648682,-1.0,2.5239736714866012e-05,0.0,DQN_RND,0.001,0.99,mountaincar,dense
7,2079,-200.0,200,17.228059768676758,-1.0,5.52084602531977e-05,0.0,DQN_RND,0.001,0.99,mountaincar,dense
7,2080,-200.0,200,11.652358055114746,-1.0,4.72273086415953e-06,0.0,DQN_RND,0.001,0.99,mountaincar,dense
7,2081,-200.0,200,14.543747901916504,-1.0,0.00022745125170331448,0.0,DQN_RND,0.001,0.99,mountaincar,dense
7,2082,-200.0,200,17.057497024536133,-1.0,0.00015164233627729118,0.0,DQN_RND,0.001,0.99,mountaincar,dense
7,2083,-200.0,200,11.469521522521973,-1.0,1.3484308510669507e-05,0.0,DQN_RND,0.001,0.99,mountaincar,dense
7,2084,-200.0,200,11.319600105285645,-1.0,4.6885721530998126e-05,0.0,DQN_RND,0.001,0.99,mountaincar,dense
7,2085,-200.0,200,11.449111938476562,-1.0,2.0087882148800418e-05,0.0,DQN_RND,0.001,0.99,mountaincar,dense
7,2086,-200.0,200,13.958866119384766,-1.0,0.00018223674851469696,0.0,DQN_RND,0.001,0.99,mountaincar,dense
7,2087,-200.0,200,19.416637420654297,-1.0,1.5626965250703506e-05,0.0,DQN_RND,0.001,0.99,mountaincar,dense
7,2088,-200.0,200,16.728099822998047,-1.0,1.42695389513392e-05,0.0,DQN_RND,0.001,0.99,mountaincar,dense
7,2089,-200.0,200,8.314391136169434,-1.0,6.146629857539665e-06,0.0,DQN_RND,0.001,0.99,mountaincar,dense
7,2090,-200.0,200,8.141284942626953,-1.0,0.0001573484332766384,0.0,DQN_RND,0.001,0.99,mountaincar,dense
7,2091,-200.0,200,24.682525634765625,-1.0,7.304280188691337e-06,0.0,DQN_RND,0.001,0.99,mountaincar,dense
7,2092,-200.0,200,22.044795989990234,-1.0,0.00014502755948342383,0.0,DQN_RND,0.001,0.99,mountaincar,dense
7,2093,-200.0,200,16.461793899536133,-1.0,0.00016933785809669644,0.0,DQN_RND,0.001,0.99,mountaincar,dense
7,2094,-200.0,200,2.780879020690918,-1.0,3.6865644688077737e-06,0.0,DQN_RND,0.001,0.99,mountaincar,dense
7,2095,-200.0,200,5.5287370681762695,-1.0,4.118719880352728e-05,0.0,DQN_RND,0.001,0.99,mountaincar,dense
7,2096,-200.0,200,2.812246084213257,-1.0,3.416600520722568e-05,0.0,DQN_RND,0.001,0.99,mountaincar,dense
7,2097,-200.0,200,2.7804696559906006,-1.0,0.00020340933406259865,0.0,DQN_RND,0.001,0.99,mountaincar,dense
7,2098,-200.0,200,13.815913200378418,-1.0,3.927286161342636e-05,0.0,DQN_RND,0.001,0.99,mountaincar,dense
7,2099,-200.0,200,19.490089416503906,-1.0,9.890292858472094e-06,0.0,DQN_RND,0.001,0.99,mountaincar,dense
7,2100,-200.0,200,16.954330444335938,-1.0,2.5866562282317318e-05,0.0,DQN_RND,0.001,0.99,mountaincar,dense
7,2101,-200.0,200,2.7960188388824463,-1.0,0.00015198472829069942,0.0,DQN_RND,0.001,0.99,mountaincar,dense
7,2102,-200.0,200,16.420351028442383,-1.0,0.00014090882905293256,0.0,DQN_RND,0.001,0.99,mountaincar,dense
7,2103,-200.0,200,8.298510551452637,-1.0,4.325687314121751e-06,0.0,DQN_RND,0.001,0.99,mountaincar,dense
7,2104,-200.0,200,22.494117736816406,-1.0,3.690544326673262e-05,0.0,DQN_RND,0.001,0.99,mountaincar,dense
7,2105,-200.0,200,11.121358871459961,-1.0,3.394461964489892e-05,0.0,DQN_RND,0.001,0.99,mountaincar,dense
7,2106,-200.0,200,11.024590492248535,-1.0,2.5505371013423428e-05,0.0,DQN_RND,0.001,0.99,mountaincar,dense
7,2107,-200.0,200,19.456972122192383,-1.0,5.806663011753699e-06,0.0,DQN_RND,0.001,0.99,mountaincar,dense
7,2108,-200.0,200,13.976405143737793,-1.0,3.772126729018055e-05,0.0,DQN_RND,0.001,0.99,mountaincar,dense
7,2109,-200.0,200,16.63395118713379,-1.0,8.120964594127145e-06,0.0,DQN_RND,0.001,0.99,mountaincar,dense
7,2110,-200.0,200,11.300394058227539,-1.0,5.069179223937681e-06,0.0,DQN_RND,0.001,0.99,mountaincar,dense
7,2111,-200.0,200,11.27573299407959,-1.0,2.424569902359508e-05,0.0,DQN_RND,0.001,0.99,mountaincar,dense
7,2112,-200.0,200,8.413299560546875,-1.0,1.6003346900106408e-05,0.0,DQN_RND,0.001,0.99,mountaincar,dense
7,2113,-200.0,200,13.996416091918945,-1.0,2.1896765247220173e-05,0.0,DQN_RND,0.001,0.99,mountaincar,dense
7,2114,-200.0,200,5.70847749710083,-1.0,3.5034977372561116e-06,0.0,DQN_RND,0.001,0.99,mountaincar,dense
7,2115,-200.0,200,11.265846252441406,-1.0,3.608750193961896e-05,0.0,DQN_RND,0.001,0.99,mountaincar,dense
7,2116,-200.0,200,8.490645408630371,-1.0,0.00015636958414688706,0.0,DQN_RND,0.001,0.99,mountaincar,dense
7,2117,-200.0,200,19.799142837524414,-1.0,0.00019970104040112346,0.0,DQN_RND,0.001,0.99,mountaincar,dense
7,2118,-200.0,200,11.29869556427002,-1.0,0.00016202579718083143,0.0,DQN_RND,0.001,0.99,mountaincar,dense
7,2119,-200.0,200,2.895551919937134,-1.0,5.467353275889764e-06,0.0,DQN_RND,0.001,0.99,mountaincar,dense
7,2120,-200.0,200,14.354706764221191,-1.0,4.220837581669912e-05,0.0,DQN_RND,0.001,0.99,mountaincar,dense
7,2121,-200.0,200,8.552635192871094,-1.0,4.49769249826204e-05,0.0,DQN_RND,0.001,0.99,mountaincar,dense
7,2122,-200.0,200,11.399017333984375,-1.0,3.80502242478542e-05,0.0,DQN_RND,0.001,0.99,mountaincar,dense
7,2123,-200.0,200,8.475475311279297,-1.0,3.369711703271605e-05,0.0,DQN_RND,0.001,0.99,mountaincar,dense
7,2124,-200.0,200,5.755407810211182,-1.0,3.3167554647661746e-05,0.0,DQN_RND,0.001,0.99,mountaincar,dense
7,2125,-200.0,200,8.692072868347168,-1.0,0.0001742238091537729,0.0,DQN_RND,0.001,0.99,mountaincar,dense
7,2126,-200.0,200,20.269075393676758,-1.0,0.00022387511853594333,0.0,DQN_RND,0.001,0.99,mountaincar,dense
7,2127,-200.0,200,17.418411254882812,-1.0,3.8031706935726106e-05,0.0,DQN_RND,0.001,0.99,mountaincar,dense
7,2128,-200.0,200,5.961271286010742,-1.0,1.3147618119546678e-05,0.0,DQN_RND,0.001,0.99,mountaincar,dense
7,2129,-200.0,200,32.62295913696289,-1.0,3.434997779550031e-05,0.0,DQN_RND,0.001,0.99,mountaincar,dense
7,2130,-200.0,200,14.926369667053223,-1.0,3.6923673178534955e-05,0.0,DQN_RND,0.001,0.99,mountaincar,dense
7,2131,-200.0,200,5.898344039916992,-1.0,0.00017212641250807792,0.0,DQN_RND,0.001,0.99,mountaincar,dense
7,2132,-200.0,200,8.868172645568848,-1.0,7.454713340848684e-05,0.0,DQN_RND,0.001,0.99,mountaincar,dense
7,2133,-200.0,200,2.934846878051758,-1.0,0.00014971279597375542,0.0,DQN_RND,0.001,0.99,mountaincar,dense
7,2134,-200.0,200,26.68457794189453,-1.0,0.0001503514067735523,0.0,DQN_RND,0.001,0.99,mountaincar,dense
7,2135,-200.0,200,8.992409706115723,-1.0,0.00018551773973740637,0.0,DQN_RND,0.001,0.99,mountaincar,dense
7,2136,-200.0,200,9.027719497680664,-1.0,3.59017176378984e-05,0.0,DQN_RND,0.001,0.99,mountaincar,dense
7,2137,-200.0,200,9.141275405883789,-1.0,4.08026198783773e-06,0.0,DQN_RND,0.001,0.99,mountaincar,dense
7,2138,-200.0,200,24.06759262084961,-1.0,0.0001418333122273907,0.0,DQN_RND,0.001,0.99,mountaincar,dense
7,2139,-200.0,200,2.913033962249756,-1.0,3.2529856980545446e-05,0.0,DQN_RND,0.001,0.99,mountaincar,dense
7,2140,-200.0,200,20.539491653442383,-1.0,2.5887078663799912e-05,0.0,DQN_RND,0.001,0.99,mountaincar,dense
7,2141,-200.0,200,8.75308609008789,-1.0,6.792976364522474e-06,0.0,DQN_RND,0.001,0.99,mountaincar,dense
7,2142,-200.0,200,11.71987247467041,-1.0,4.5312750444281846e-05,0.0,DQN_RND,0.001,0.99,mountaincar,dense
7,2143,-200.0,200,29.088743209838867,-1.0,3.213774834875949e-05,0.0,DQN_RND,0.001,0.99,mountaincar,dense
7,2144,-200.0,200,28.337543487548828,-1.0,0.00019955515745095909,0.0,DQN_RND,0.001,0.99,mountaincar,dense
7,2145,-200.0,200,14.593501091003418,-1.0,1.9879067622241564e-05,0.0,DQN_RND,0.001,0.99,mountaincar,dense
7,2146,-200.0,200,19.862457275390625,-1.0,2.4970448066596873e-05,0.0,DQN_RND,0.001,0.99,mountaincar,dense
7,2147,-200.0,200,22.63603401184082,-1.0,1.387415159115335e-05,0.0,DQN_RND,0.001,0.99,mountaincar,dense
7,2148,-200.0,200,14.27287483215332,-1.0,0.00016630094614811242,0.0,DQN_RND,0.001,0.99,mountaincar,dense
7,2149,-200.0,200,5.765581130981445,-1.0,3.5949622542830184e-05,0.0,DQN_RND,0.001,0.99,mountaincar,dense
7,2150,-200.0,200,8.636151313781738,-1.0,0.00020989403128623962,0.0,DQN_RND,0.001,0.99,mountaincar,dense
7,2151,-200.0,200,20.223634719848633,-1.0,3.222401937819086e-05,0.0,DQN_RND,0.001,0.99,mountaincar,dense
7,2152,-200.0,200,22.787254333496094,-1.0,0.0002061321138171479,0.0,DQN_RND,0.001,0.99,mountaincar,dense
7,2153,-200.0,200,17.254213333129883,-1.0,3.740661122719757e-05,0.0,DQN_RND,0.001,0.99,mountaincar,dense
7,2154,-200.0,200,22.780872344970703,-1.0,3.24466782331001e-05,0.0,DQN_RND,0.001,0.99,mountaincar,dense
7,2155,-200.0,200,5.748006343841553,-1.0,3.4347067412454635e-05,0.0,DQN_RND,0.001,0.99,mountaincar,dense
7,2156,-200.0,200,17.505273818969727,-1.0,4.236832319293171e-05,0.0,DQN_RND,0.001,0.99,mountaincar,dense
7,2157,-200.0,200,2.911088705062866,-1.0,3.204009044566192e-05,0.0,DQN_RND,0.001,0.99,mountaincar,dense
7,2158,-200.0,200,8.713743209838867,-1.0,1.496969343861565e-05,0.0,DQN_RND,0.001,0.99,mountaincar,dense
7,2159,-200.0,200,8.760918617248535,-1.0,3.1672090699430555e-05,0.0,DQN_RND,0.001,0.99,mountaincar,dense
7,2160,-200.0,200,14.578824043273926,-1.0,3.276231655036099e-05,0.0,DQN_RND,0.001,0.99,mountaincar,dense
7,2161,-200.0,200,19.98769187927246,-1.0,0.00015585667279083282,0.0,DQN_RND,0.001,0.99,mountaincar,dense
7,2162,-200.0,200,11.47641658782959,-1.0,3.27894558722619e-05,0.0,DQN_RND,0.001,0.99,mountaincar,dense
7,2163,-200.0,200,19.937808990478516,-1.0,3.80545316147618e-05,0.0,DQN_RND,0.001,0.99,mountaincar,dense
7,2164,-200.0,200,14.049724578857422,-1.0,8.187509592971765e-06,0.0,DQN_RND,0.001,0.99,mountaincar,dense
7,2165,-200.0,200,16.91020965576172,-1.0,1.545630584587343e-05,0.0,DQN_RND,0.001,0.99,mountaincar,dense
7,2166,-200.0,200,19.724609375,-1.0,1.2403375876601785e-05,0.0,DQN_RND,0.001,0.99,mountaincar,dense
7,2167,-200.0,200,22.37194061279297,-1.0,4.025229281978682e-05,0.0,DQN_RND,0.001,0.99,mountaincar,dense
7,2168,-200.0,200,14.226005554199219,-1.0,5.552724360313732e-06,0.0,DQN_RND,0.001,0.99,mountaincar,dense
7,2169,-200.0,200,21.892894744873047,-1.0,3.4281594707863405e-05,0.0,DQN_RND,0.001,0.99,mountaincar,dense
7,2170,-200.0,200,11.102496147155762,-1.0,4.9425791075918823e-05,0.0,DQN_RND,0.001,0.99,mountaincar,dense
7,2171,-200.0,200,11.118722915649414,-1.0,3.0959377909312025e-05,0.0,DQN_RND,0.001,0.99,mountaincar,dense
7,2172,-200.0,200,19.174448013305664,-1.0,3.54314329342742e-06,0.0,DQN_RND,0.001,0.99,mountaincar,dense
7,2173,-200.0,200,13.775444984436035,-1.0,3.1389776268042624e-05,0.0,DQN_RND,0.001,0.99,mountaincar,dense
7,2174,-200.0,200,16.257156372070312,-1.0,4.708669439423829e-05,0.0,DQN_RND,0.001,0.99,mountaincar,dense
7,2175,-200.0,200,19.08868408203125,-1.0,0.0001826356747187674,0.0,DQN_RND,0.001,0.99,mountaincar,dense
7,2176,-200.0,200,10.796783447265625,-1.0,1.4183661733113695e-05,0.0,DQN_RND,0.001,0.99,mountaincar,dense
7,2177,-200.0,200,2.7783443927764893,-1.0,3.7719557440141216e-05,0.0,DQN_RND,0.001,0.99,mountaincar,dense
7,2178,-200.0,200,26.97441864013672,-1.0,0.0002305268426425755,0.0,DQN_RND,0.001,0.99,mountaincar,dense
7,2179,-200.0,200,8.102046012878418,-1.0,0.00018678595370147377,0.0,DQN_RND,0.001,0.99,mountaincar,dense
7,2180,-200.0,200,16.087705612182617,-1.0,0.00017612344527151436,0.0,DQN_RND,0.001,0.99,mountaincar,dense
7,2181,-200.0,200,13.557830810546875,-1.0,1.1763004295062274e-05,0.0,DQN_RND,0.001,0.99,mountaincar,dense
7,2182,-200.0,200,16.42392349243164,-1.0,0.00018364717834629118,0.0,DQN_RND,0.001,0.99,mountaincar,dense
7,2183,-200.0,200,5.445591449737549,-1.0,1.6722973668947816e-05,0.0,DQN_RND,0.001,0.99,mountaincar,dense
7,2184,-200.0,200,13.71973705291748,-1.0,3.134940561722033e-05,0.0,DQN_RND,0.001,0.99,mountaincar,dense
7,2185,-200.0,200,13.66537094116211,-1.0,2.638028126966674e-05,0.0,DQN_RND,0.001,0.99,mountaincar,dense
7,2186,-200.0,200,22.32665252685547,-1.0,3.71898349840194e-05,0.0,DQN_RND,0.001,0.99,mountaincar,dense
7,2187,-200.0,200,25.284534454345703,-1.0,4.143700789427385e-05,0.0,DQN_RND,0.001,0.99,mountaincar,dense
7,2188,-200.0,200,19.421194076538086,-1.0,0.00016448461974505335,0.0,DQN_RND,0.001,0.99,mountaincar,dense
7,2189,-200.0,200,19.753955841064453,-1.0,1.1786672985181212e-05,0.0,DQN_RND,0.001,0.99,mountaincar,dense
7,2190,-200.0,200,11.357309341430664,-1.0,0.00013995409244671464,0.0,DQN_RND,0.001,0.99,mountaincar,dense
7,2191,-200.0,200,8.508994102478027,-1.0,3.320353425806388e-05,0.0,DQN_RND,0.001,0.99,mountaincar,dense
7,2192,-200.0,200,19.66611671447754,-1.0,0.0002141475270036608,0.0,DQN_RND,0.001,0.99,mountaincar,dense
7,2193,-200.0,200,14.210634231567383,-1.0,0.0002120577119057998,0.0,DQN_RND,0.001,0.99,mountaincar,dense
7,2194,-200.0,200,19.813386917114258,-1.0,1.6506157408002764e-05,0.0,DQN_RND,0.001,0.99,mountaincar,dense
7,2195,-200.0,200,17.096696853637695,-1.0,1.8200831618742086e-05,0.0,DQN_RND,0.001,0.99,mountaincar,dense
7,2196,-200.0,200,20.156160354614258,-1.0,2.7656429665512405e-05,0.0,DQN_RND,0.001,0.99,mountaincar,dense
7,2197,-200.0,200,14.359607696533203,-1.0,3.938780719181523e-05,0.0,DQN_RND,0.001,0.99,mountaincar,dense
7,2198,-200.0,200,22.81623649597168,-1.0,4.09019366998109e-06,0.0,DQN_RND,0.001,0.99,mountaincar,dense
7,2199,-200.0,200,14.150595664978027,-1.0,3.2429499697173014e-05,0.0,DQN_RND,0.001,0.99,mountaincar,dense
7,2200,-200.0,200,22.480627059936523,-1.0,0.00017587059119250625,0.0,DQN_RND,0.001,0.99,mountaincar,dense
7,2201,-200.0,200,8.367899894714355,-1.0,5.2773252718907315e-06,0.0,DQN_RND,0.001,0.99,mountaincar,dense
7,2202,-200.0,200,8.367242813110352,-1.0,2.1854151782463305e-05,0.0,DQN_RND,0.001,0.99,mountaincar,dense
7,2203,-200.0,200,16.596481323242188,-1.0,1.034393790178001e-05,0.0,DQN_RND,0.001,0.99,mountaincar,dense
7,2204,-200.0,200,19.2965145111084,-1.0,3.9848517189966515e-05,0.0,DQN_RND,0.001,0.99,mountaincar,dense
7,2205,-200.0,200,8.410332679748535,-1.0,3.0476659958367236e-05,0.0,DQN_RND,0.001,0.99,mountaincar,dense
7,2206,-200.0,200,16.502574920654297,-1.0,3.000772267114371e-05,0.0,DQN_RND,0.001,0.99,mountaincar,dense
7,2207,-200.0,200,16.823684692382812,-1.0,1.7765958546078764e-05,0.0,DQN_RND,0.001,0.99,mountaincar,dense
7,2208,-200.0,200,16.725299835205078,-1.0,0.00016926183889154345,0.0,DQN_RND,0.001,0.99,mountaincar,dense
7,2209,-200.0,200,22.192914962768555,-1.0,4.671958777180407e-06,0.0,DQN_RND,0.001,0.99,mountaincar,dense
7,2210,-200.0,200,17.10660171508789,-1.0,1.2612661521416157e-05,0.0,DQN_RND,0.001,0.99,mountaincar,dense
7,2211,-200.0,200,16.981204986572266,-1.0,0.00020577367104124278,0.0,DQN_RND,0.001,0.99,mountaincar,dense
7,2212,-200.0,200,14.172065734863281,-1.0,3.0517923732986674e-05,0.0,DQN_RND,0.001,0.99,mountaincar,dense
7,2213,-200.0,200,14.156753540039062,-1.0,4.4205240556038916e-05,0.0,DQN_RND,0.001,0.99,mountaincar,dense
7,2214,-200.0,200,8.499811172485352,-1.0,3.476026904536411e-06,0.0,DQN_RND,0.001,0.99,mountaincar,dense
7,2215,-200.0,200,14.139559745788574,-1.0,4.45723799202824e-06,0.0,DQN_RND,0.001,0.99,mountaincar,dense
7,2216,-200.0,200,20.09693145751953,-1.0,0.00017896754434332252,0.0,DQN_RND,0.001,0.99,mountaincar,dense
7,2217,-200.0,200,8.647099494934082,-1.0,3.277520590927452e-05,0.0,DQN_RND,0.001,0.99,mountaincar,dense
7,2218,-200.0,200,17.190364837646484,-1.0,0.0001726572954794392,0.0,DQN_RND,0.001,0.99,mountaincar,dense
7,2219,-200.0,200,17.268430709838867,-1.0,9.084838893613778e-06,0.0,DQN_RND,0.001,0.99,mountaincar,dense
7,2220,-200.0,200,20.279420852661133,-1.0,4.103944775124546e-06,0.0,DQN_RND,0.001,0.99,mountaincar,dense
7,2221,-200.0,200,20.455928802490234,-1.0,3.162039865856059e-05,0.0,DQN_RND,0.001,0.99,mountaincar,dense
7,2222,-200.0,200,5.786852836608887,-1.0,3.064993506995961e-05,0.0,DQN_RND,0.001,0.99,mountaincar,dense
7,2223,-200.0,200,17.314590454101562,-1.0,3.0453933504759334e-05,0.0,DQN_RND,0.001,0.99,mountaincar,dense
7,2224,-200.0,200,5.817666530609131,-1.0,5.061356660007732e-06,0.0,DQN_RND,0.001,0.99,mountaincar,dense
7,2225,-200.0,200,14.62069320678711,-1.0,9.696004781289957e-06,0.0,DQN_RND,0.001,0.99,mountaincar,dense
7,2226,-200.0,200,14.547283172607422,-1.0,4.537522272585193e-06,0.0,DQN_RND,0.001,0.99,mountaincar,dense
7,2227,-200.0,200,23.347911834716797,-1.0,3.78644181182608e-05,0.0,DQN_RND,0.001,0.99,mountaincar,dense
7,2228,-200.0,200,28.58318519592285,-1.0,8.93420019565383e-06,0.0,DQN_RND,0.001,0.99,mountaincar,dense
7,2229,-200.0,200,8.601295471191406,-1.0,2.2330259525915608e-05,0.0,DQN_RND,0.001,0.99,mountaincar,dense
7,2230,-200.0,200,2.9046216011047363,-1.0,1.3889052752347197e-05,0.0,DQN_RND,0.001,0.99,mountaincar,dense
7,2231,-200.0,200,8.744537353515625,-1.0,0.00019998170319013298,0.0,DQN_RND,0.001,0.99,mountaincar,dense
7,2232,-200.0,200,11.638822555541992,-1.0,3.485731576802209e-05,0.0,DQN_RND,0.001,0.99,mountaincar,dense
7,2233,-200.0,200,11.673242568969727,-1.0,2.9461461963364854e-05,0.0,DQN_RND,0.001,0.99,mountaincar,dense
7,2234,-200.0,200,20.4942626953125,-1.0,0.0001435444428352639,0.0,DQN_RND,0.001,0.99,mountaincar,dense
7,2235,-200.0,200,29.109033584594727,-1.0,0.00020467964350245893,0.0,DQN_RND,0.001,0.99,mountaincar,dense
7,2236,-200.0,200,23.58302116394043,-1.0,2.1946993001620285e-05,0.0,DQN_RND,0.001,0.99,mountaincar,dense
7,2237,-200.0,200,26.174884796142578,-1.0,4.399769750307314e-05,0.0,DQN_RND,0.001,0.99,mountaincar,dense
7,2238,-200.0,200,17.925678253173828,-1.0,4.3959589675068855e-05,0.0,DQN_RND,0.001,0.99,mountaincar,dense
7,2239,-200.0,200,17.645843505859375,-1.0,0.0001446532114641741,0.0,DQN_RND,0.001,0.99,mountaincar,dense
7,2240,-200.0,200,8.891151428222656,-1.0,0.0001633100036997348,0.0,DQN_RND,0.001,0.99,mountaincar,dense
7,2241,-200.0,200,14.905488014221191,-1.0,3.105188807239756e-05,0.0,DQN_RND,0.001,0.99,mountaincar,dense
7,2242,-200.0,200,8.903626441955566,-1.0,2.926622619270347e-05,0.0,DQN_RND,0.001,0.99,mountaincar,dense
7,2243,-200.0,200,11.727439880371094,-1.0,0.000150450665387325,0.0,DQN_RND,0.001,0.99,mountaincar,dense
7,2244,-200.0,200,17.765968322753906,-1.0,3.351632767589763e-05,0.0,DQN_RND,0.001,0.99,mountaincar,dense
7,2245,-200.0,200,20.59952735900879,-1.0,2.8988557460252196e-05,0.0,DQN_RND,0.001,0.99,mountaincar,dense
7,2246,-200.0,200,14.666597366333008,-1.0,2.9422637453535572e-05,0.0,DQN_RND,0.001,0.99,mountaincar,dense
7,2247,-200.0,200,23.453649520874023,-1.0,0.0002041856205323711,0.0,DQN_RND,0.001,0.99,mountaincar,dense
7,2248,-200.0,200,17.568767547607422,-1.0,0.00015600323968101293,0.0,DQN_RND,0.001,0.99,mountaincar,dense
7,2249,-200.0,200,11.722738265991211,-1.0,1.7361224308842793e-05,0.0,DQN_RND,0.001,0.99,mountaincar,dense
7,2250,-200.0,200,23.199935913085938,-1.0,0.00016341927403118461,0.0,DQN_RND,0.001,0.99,mountaincar,dense
7,2251,-200.0,200,8.738698959350586,-1.0,2.9730956157436594e-05,0.0,DQN_RND,0.001,0.99,mountaincar,dense
7,2252,-200.0,200,11.712900161743164,-1.0,0.0001360069727525115,0.0,DQN_RND,0.001,0.99,mountaincar,dense
7,2253,-200.0,200,31.88738441467285,-1.0,0.00017131272761616856,0.0,DQN_RND,0.001,0.99,mountaincar,dense
7,2254,-200.0,200,23.18042755126953,-1.0,4.169315616309177e-06,0.0,DQN_RND,0.001,0.99,mountaincar,dense
7,2255,-200.0,200,17.751632690429688,-1.0,0.00017584848683327436,0.0,DQN_RND,0.001,0.99,mountaincar,dense
7,2256,-200.0,200,17.48832893371582,-1.0,0.0001540303201181814,0.0,DQN_RND,0.001,0.99,mountaincar,dense
7,2257,-200.0,200,11.735605239868164,-1.0,0.00015807466115802526,0.0,DQN_RND,0.001,0.99,mountaincar,dense
7,2258,-200.0,200,23.39053726196289,-1.0,0.0002145532052963972,0.0,DQN_RND,0.001,0.99,mountaincar,dense
7,2259,-200.0,200,8.622858047485352,-1.0,3.0049355700612068e-05,0.0,DQN_RND,0.001,0.99,mountaincar,dense
7,2260,-200.0,200,8.578314781188965,-1.0,4.70623308501672e-05,0.0,DQN_RND,0.001,0.99,mountaincar,dense
7,2261,-200.0,200,22.912080764770508,-1.0,3.1565752578899264e-05,0.0,DQN_RND,0.001,0.99,mountaincar,dense
7,2262,-200.0,200,14.363038063049316,-1.0,3.231194568797946e-05,0.0,DQN_RND,0.001,0.99,mountaincar,dense
7,2263,-200.0,200,14.423998832702637,-1.0,3.1721676350571215e-05,0.0,DQN_RND,0.001,0.99,mountaincar,dense
7,2264,-200.0,200,14.376260757446289,-1.0,2.8402213501976803e-05,0.0,DQN_RND,0.001,0.99,mountaincar,dense
7,2265,-200.0,200,25.96157455444336,-1.0,8.151825568347704e-06,0.0,DQN_RND,0.001,0.99,mountaincar,dense
7,2266,-200.0,200,14.601922988891602,-1.0,3.074735650443472e-05,0.0,DQN_RND,0.001,0.99,mountaincar,dense
7,2267,-200.0,200,14.698616981506348,-1.0,3.173011646140367e-05,0.0,DQN_RND,0.001,0.99,mountaincar,dense
7,2268,-200.0,200,5.848747253417969,-1.0,0.000176109722815454,0.0,DQN_RND,0.001,0.99,mountaincar,dense
7,2269,-200.0,200,20.373882293701172,-1.0,3.614844536059536e-05,0.0,DQN_RND,0.001,0.99,mountaincar,dense
7,2270,-200.0,200,26.15458106994629,-1.0,2.8550201022881083e-05,0.0,DQN_RND,0.001,0.99,mountaincar,dense
7,2271,-200.0,200,22.890398025512695,-1.0,0.0001919228525366634,0.0,DQN_RND,0.001,0.99,mountaincar,dense
7,2272,-200.0,200,19.98195457458496,-1.0,2.8199532607686706e-05,0.0,DQN_RND,0.001,0.99,mountaincar,dense
7,2273,-200.0,200,14.20051383972168,-1.0,2.869813579309266e-05,0.0,DQN_RND,0.001,0.99,mountaincar,dense
7,2274,-200.0,200,11.377195358276367,-1.0,4.4086620619054884e-05,0.0,DQN_RND,0.001,0.99,mountaincar,dense
7,2275,-200.0,200,5.703258514404297,-1.0,3.7760012219223427e-06,0.0,DQN_RND,0.001,0.99,mountaincar,dense
7,2276,-200.0,200,11.450098037719727,-1.0,0.00017781442147679627,0.0,DQN_RND,0.001,0.99,mountaincar,dense
7,2277,-200.0,200,34.29692459106445,-1.0,3.490308517939411e-05,0.0,DQN_RND,0.001,0.99,mountaincar,dense
7,2278,-200.0,200,11.543220520019531,-1.0,6.126503649284132e-06,0.0,DQN_RND,0.001,0.99,mountaincar,dense
7,2279,-200.0,200,14.21495532989502,-1.0,1.4374868442246225e-05,0.0,DQN_RND,0.001,0.99,mountaincar,dense
7,2280,-200.0,200,5.826476573944092,-1.0,3.268243381171487e-05,0.0,DQN_RND,0.001,0.99,mountaincar,dense
7,2281,-200.0,200,14.417716979980469,-1.0,3.742032640730031e-05,0.0,DQN_RND,0.001,0.99,mountaincar,dense
7,2282,-200.0,200,14.514730453491211,-1.0,0.00014198676217347383,0.0,DQN_RND,0.001,0.99,mountaincar,dense
7,2283,-200.0,200,11.657374382019043,-1.0,2.8740700145135634e-05,0.0,DQN_RND,0.001,0.99,mountaincar,dense
7,2284,-200.0,200,8.828757286071777,-1.0,0.0001432116114301607,0.0,DQN_RND,0.001,0.99,mountaincar,dense
7,2285,-200.0,200,23.466596603393555,-1.0,2.7661370040732436e-05,0.0,DQN_RND,0.001,0.99,mountaincar,dense
7,2286,-200.0,200,11.764836311340332,-1.0,2.8315815143287182e-05,0.0,DQN_RND,0.001,0.99,mountaincar,dense
7,2287,-200.0,200,8.823005676269531,-1.0,0.00014484427811112255,0.0,DQN_RND,0.001,0.99,mountaincar,dense
7,2288,-200.0,200,14.666885375976562,-1.0,7.514794106100453e-06,0.0,DQN_RND,0.001,0.99,mountaincar,dense
7,2289,-200.0,200,11.60624885559082,-1.0,0.00016413323464803398,0.0,DQN_RND,0.001,0.99,mountaincar,dense
7,2290,-200.0,200,26.207584381103516,-1.0,4.1740306187421083e-05,0.0,DQN_RND,0.001,0.99,mountaincar,dense
7,2291,-200.0,200,23.02109146118164,-1.0,2.82631408481393e-05,0.0,DQN_RND,0.001,0.99,mountaincar,dense
7,2292,-200.0,200,26.0107479095459,-1.0,4.067597183166072e-05,0.0,DQN_RND,0.001,0.99,mountaincar,dense
7,2293,-200.0,200,23.081157684326172,-1.0,4.137327414355241e-05,0.0,DQN_RND,0.001,0.99,mountaincar,dense
7,2294,-200.0,200,17.27703285217285,-1.0,4.591857759805862e-06,0.0,DQN_RND,0.001,0.99,mountaincar,dense
7,2295,-200.0,200,5.814956188201904,-1.0,3.963755261793267e-06,0.0,DQN_RND,0.001,0.99,mountaincar,dense
7,2296,-200.0,200,14.637517929077148,-1.0,1.3041626516496763e-05,0.0,DQN_RND,0.001,0.99,mountaincar,dense
7,2297,-200.0,200,17.664613723754883,-1.0,3.9061611460056156e-05,0.0,DQN_RND,0.001,0.99,mountaincar,dense
7,2298,-200.0,200,11.771145820617676,-1.0,3.125575676676817e-05,0.0,DQN_RND,0.001,0.99,mountaincar,dense
7,2299,-200.0,200,23.591699600219727,-1.0,4.2994794057449326e-05,0.0,DQN_RND,0.001,0.99,mountaincar,dense
7,2300,-200.0,200,17.695068359375,-1.0,0.00017469316662754864,0.0,DQN_RND,0.001,0.99,mountaincar,dense
7,2301,-200.0,200,23.78141975402832,-1.0,0.00014205880870576948,0.0,DQN_RND,0.001,0.99,mountaincar,dense
7,2302,-200.0,200,23.758756637573242,-1.0,0.0001330790255451575,0.0,DQN_RND,0.001,0.99,mountaincar,dense
7,2303,-200.0,200,3.0986831188201904,-1.0,1.6244275684584863e-05,0.0,DQN_RND,0.001,0.99,mountaincar,dense
7,2304,-200.0,200,15.119796752929688,-1.0,2.7368410883354954e-05,0.0,DQN_RND,0.001,0.99,mountaincar,dense
7,2305,-200.0,200,18.06923484802246,-1.0,8.967042958829552e-06,0.0,DQN_RND,0.001,0.99,mountaincar,dense
7,2306,-200.0,200,12.136775970458984,-1.0,0.0001923783856909722,0.0,DQN_RND,0.001,0.99,mountaincar,dense
7,2307,-200.0,200,14.990214347839355,-1.0,0.00022235892538446933,0.0,DQN_RND,0.001,0.99,mountaincar,dense
7,2308,-200.0,200,6.029953956604004,-1.0,0.00014024415577296168,0.0,DQN_RND,0.001,0.99,mountaincar,dense
7,2309,-200.0,200,12.153844833374023,-1.0,0.00013214170758146793,0.0,DQN_RND,0.001,0.99,mountaincar,dense
7,2310,-200.0,200,24.210948944091797,-1.0,0.00012717196659650654,0.0,DQN_RND,0.001,0.99,mountaincar,dense
7,2311,-200.0,200,29.34720230102539,-1.0,1.270687334908871e-05,0.0,DQN_RND,0.001,0.99,mountaincar,dense
7,2312,-200.0,200,11.80272388458252,-1.0,0.00012125364446546882,0.0,DQN_RND,0.001,0.99,mountaincar,dense
7,2313,-200.0,200,11.813148498535156,-1.0,0.00013056054012849927,0.0,DQN_RND,0.001,0.99,mountaincar,dense
7,2314,-200.0,200,20.369516372680664,-1.0,0.0001670689816819504,0.0,DQN_RND,0.001,0.99,mountaincar,dense
7,2315,-200.0,200,14.572422981262207,-1.0,0.00020563698490150273,0.0,DQN_RND,0.001,0.99,mountaincar,dense
7,2316,-200.0,200,5.760371208190918,-1.0,3.8008216506568715e-05,0.0,DQN_RND,0.001,0.99,mountaincar,dense
7,2317,-200.0,200,17.19948387145996,-1.0,3.861826371576171e-06,0.0,DQN_RND,0.001,0.99,mountaincar,dense
7,2318,-200.0,200,5.808182239532471,-1.0,3.190821371390484e-05,0.0,DQN_RND,0.001,0.99,mountaincar,dense
7,2319,-200.0,200,14.424010276794434,-1.0,0.00014727191592101008,0.0,DQN_RND,0.001,0.99,mountaincar,dense
7,2320,-200.0,200,14.57083511352539,-1.0,2.6897556381300092e-05,0.0,DQN_RND,0.001,0.99,mountaincar,dense
7,2321,-200.0,200,11.814821243286133,-1.0,0.00019611266907304525,0.0,DQN_RND,0.001,0.99,mountaincar,dense
7,2322,-200.0,200,20.312171936035156,-1.0,2.0357754692668095e-05,0.0,DQN_RND,0.001,0.99,mountaincar,dense
7,2323,-200.0,200,17.461210250854492,-1.0,3.0460889320238493e-05,0.0,DQN_RND,0.001,0.99,mountaincar,dense
7,2324,-200.0,200,14.175980567932129,-1.0,3.7627692108799238e-06,0.0,DQN_RND,0.001,0.99,mountaincar,dense
7,2325,-200.0,200,2.854062795639038,-1.0,5.042445081926417e-06,0.0,DQN_RND,0.001,0.99,mountaincar,dense
7,2326,-200.0,200,8.698036193847656,-1.0,4.7454930609092116e-05,0.0,DQN_RND,0.001,0.99,mountaincar,dense
7,2327,-200.0,200,17.181793212890625,-1.0,2.9979419196024537e-05,0.0,DQN_RND,0.001,0.99,mountaincar,dense
7,2328,-200.0,200,11.562908172607422,-1.0,4.496465408010408e-06,0.0,DQN_RND,0.001,0.99,mountaincar,dense
7,2329,-200.0,200,8.806498527526855,-1.0,0.00014162671868689358,0.0,DQN_RND,0.001,0.99,mountaincar,dense
7,2330,-200.0,200,5.819679260253906,-1.0,0.00012046880146954209,0.0,DQN_RND,0.001,0.99,mountaincar,dense
7,2331,-200.0,200,20.14138412475586,-1.0,0.00013176686479710042,0.0,DQN_RND,0.001,0.99,mountaincar,dense
7,2332,-200.0,200,25.962345123291016,-1.0,2.969696288346313e-05,0.0,DQN_RND,0.001,0.99,mountaincar,dense
7,2333,-200.0,200,14.52156925201416,-1.0,0.00016413364210166037,0.0,DQN_RND,0.001,0.99,mountaincar,dense
7,2334,-200.0,200,11.71088695526123,-1.0,2.4035081878537312e-05,0.0,DQN_RND,0.001,0.99,mountaincar,dense
7,2335,-200.0,200,14.511300086975098,-1.0,4.7377452574437484e-05,0.0,DQN_RND,0.001,0.99,mountaincar,dense
7,2336,-200.0,200,14.63984489440918,-1.0,2.8481332265073434e-05,0.0,DQN_RND,0.001,0.99,mountaincar,dense
7,2337,-200.0,200,14.634066581726074,-1.0,3.2501688110642135e-05,0.0,DQN_RND,0.001,0.99,mountaincar,dense
7,2338,-200.0,200,32.17896270751953,-1.0,2.0050054445164278e-05,0.0,DQN_RND,0.001,0.99,mountaincar,dense
7,2339,-200.0,200,22.83819580078125,-1.0,3.640359500423074e-05,0.0,DQN_RND,0.001,0.99,mountaincar,dense
7,2340,-200.0,200,17.08382225036621,-1.0,2.839432272594422e-05,0.0,DQN_RND,0.001,0.99,mountaincar,dense
7,2341,-200.0,200,5.797199249267578,-1.0,1.5951574823702686e-05,0.0,DQN_RND,0.001,0.99,mountaincar,dense
7,2342,-200.0,200,5.786433696746826,-1.0,3.872839079122059e-05,0.0,DQN_RND,0.001,0.99,mountaincar,dense
7,2343,-200.0,200,17.19527244567871,-1.0,4.42325763287954e-05,0.0,DQN_RND,0.001,0.99,mountaincar,dense
7,2344,-200.0,200,19.788665771484375,-1.0,2.8257592930458486e-05,0.0,DQN_RND,0.001,0.99,mountaincar,dense
7,2345,-200.0,200,17.13227081298828,-1.0,1.530728695797734e-05,0.0,DQN_RND,0.001,0.99,mountaincar,dense
7,2346,-200.0,200,25.451372146606445,-1.0,0.00014609711070079356,0.0,DQN_RND,0.001,0.99,mountaincar,dense
7,2347,-200.0,200,5.726467609405518,-1.0,0.00015623841318301857,0.0,DQN_RND,0.001,0.99,mountaincar,dense
7,2348,-200.0,200,22.758663177490234,-1.0,2.6032959794974886e-05,0.0,DQN_RND,0.001,0.99,mountaincar,dense
7,2349,-200.0,200,16.81540870666504,-1.0,2.9948567316750996e-05,0.0,DQN_RND,0.001,0.99,mountaincar,dense
7,2350,-200.0,200,14.168704986572266,-1.0,4.47170441475464e-06,0.0,DQN_RND,0.001,0.99,mountaincar,dense
7,2351,-200.0,200,19.886886596679688,-1.0,3.657200977613684e-06,0.0,DQN_RND,0.001,0.99,mountaincar,dense
7,2352,-200.0,200,16.930688858032227,-1.0,2.2818352590547875e-05,0.0,DQN_RND,0.001,0.99,mountaincar,dense
7,2353,-200.0,200,8.431163787841797,-1.0,0.00012831871572416276,0.0,DQN_RND,0.001,0.99,mountaincar,dense
7,2354,-200.0,200,19.600831985473633,-1.0,3.479056613286957e-05,0.0,DQN_RND,0.001,0.99,mountaincar,dense
7,2355,-200.0,200,14.087441444396973,-1.0,3.103073322563432e-05,0.0,DQN_RND,0.001,0.99,mountaincar,dense
7,2356,-200.0,200,14.011372566223145,-1.0,2.6781570340972394e-05,0.0,DQN_RND,0.001,0.99,mountaincar,dense
7,2357,-200.0,200,13.97812271118164,-1.0,2.6076320864376612e-05,0.0,DQN_RND,0.001,0.99,mountaincar,dense
7,2358,-200.0,200,11.173215866088867,-1.0,0.00014703367196489125,0.0,DQN_RND,0.001,0.99,mountaincar,dense
7,2359,-200.0,200,24.47405242919922,-1.0,0.00019040155166294426,0.0,DQN_RND,0.001,0.99,mountaincar,dense
7,2360,-200.0,200,13.575689315795898,-1.0,0.00014214911789167672,0.0,DQN_RND,0.001,0.99,mountaincar,dense
7,2361,-200.0,200,8.213679313659668,-1.0,2.8444250347092748e-05,0.0,DQN_RND,0.001,0.99,mountaincar,dense
7,2362,-200.0,200,16.29904556274414,-1.0,2.6865855033975095e-05,0.0,DQN_RND,0.001,0.99,mountaincar,dense
7,2363,-200.0,200,8.250041007995605,-1.0,0.00014320030459202826,0.0,DQN_RND,0.001,0.99,mountaincar,dense
7,2364,-200.0,200,11.119638442993164,-1.0,3.641902594608837e-06,0.0,DQN_RND,0.001,0.99,mountaincar,dense
7,2365,-200.0,200,8.318999290466309,-1.0,2.603336179163307e-05,0.0,DQN_RND,0.001,0.99,mountaincar,dense
7,2366,-200.0,200,5.6060919761657715,-1.0,4.451521363080246e-06,0.0,DQN_RND,0.001,0.99,mountaincar,dense
7,2367,-200.0,200,19.613780975341797,-1.0,4.1702100133989006e-05,0.0,DQN_RND,0.001,0.99,mountaincar,dense
7,2368,-200.0,200,14.006622314453125,-1.0,0.00017509885947220027,0.0,DQN_RND,0.001,0.99,mountaincar,dense
7,2369,-200.0,200,19.566524505615234,-1.0,0.00013316950935404748,0.0,DQN_RND,0.001,0.99,mountaincar,dense
7,2370,-200.0,200,14.043880462646484,-1.0,3.0201254048733972e-05,0.0,DQN_RND,0.001,0.99,mountaincar,dense
7,2371,-200.0,200,19.425189971923828,-1.0,8.200874617614318e-06,0.0,DQN_RND,0.001,0.99,mountaincar,dense
7,2372,-200.0,200,11.09701919555664,-1.0,4.497278860071674e-05,0.0,DQN_RND,0.001,0.99,mountaincar,dense
7,2373,-200.0,200,11.02914047241211,-1.0,0.00020280441094655544,0.0,DQN_RND,0.001,0.99,mountaincar,dense
7,2374,-200.0,200,19.155025482177734,-1.0,0.00021682935766875744,0.0,DQN_RND,0.001,0.99,mountaincar,dense
7,2375,-200.0,200,11.072771072387695,-1.0,0.00015689565043430775,0.0,DQN_RND,0.001,0.99,mountaincar,dense
7,2376,-200.0,200,27.42597770690918,-1.0,1.3476404092216399e-05,0.0,DQN_RND,0.001,0.99,mountaincar,dense
7,2377,-200.0,200,16.607343673706055,-1.0,2.927537752839271e-05,0.0,DQN_RND,0.001,0.99,mountaincar,dense
7,2378,-200.0,200,11.023669242858887,-1.0,0.00016045394295360893,0.0,DQN_RND,0.001,0.99,mountaincar,dense
7,2379,-200.0,200,2.7756831645965576,-1.0,4.176541551714763e-05,0.0,DQN_RND,0.001,0.99,mountaincar,dense
7,2380,-200.0,200,19.5543155670166,-1.0,0.0001302378805121407,0.0,DQN_RND,0.001,0.99,mountaincar,dense
7,2381,-200.0,200,16.589319229125977,-1.0,2.744448465819005e-05,0.0,DQN_RND,0.001,0.99,mountaincar,dense
7,2382,-200.0,200,27.664852142333984,-1.0,4.312973942433018e-06,0.0,DQN_RND,0.001,0.99,mountaincar,dense
7,2383,-200.0,200,22.238170623779297,-1.0,2.640170896484051e-05,0.0,DQN_RND,0.001,0.99,mountaincar,dense
7,2384,-200.0,200,21.293481826782227,-1.0,0.00012977550795767456,0.0,DQN_RND,0.001,0.99,mountaincar,dense
7,2385,-200.0,200,21.42119789123535,-1.0,0.00014518691750708967,0.0,DQN_RND,0.001,0.99,mountaincar,dense
7,2386,-200.0,200,21.10082244873047,-1.0,0.00017955266230273992,0.0,DQN_RND,0.001,0.99,mountaincar,dense
7,2387,-200.0,200,13.375682830810547,-1.0,2.659676829352975e-05,0.0,DQN_RND,0.001,0.99,mountaincar,dense
7,2388,-200.0,200,8.028035163879395,-1.0,2.489721737219952e-05,0.0,DQN_RND,0.001,0.99,mountaincar,dense
7,2389,-200.0,200,8.011153221130371,-1.0,8.868350960256066e-06,0.0,DQN_RND,0.001,0.99,mountaincar,dense
7,2390,-200.0,200,5.36656379699707,-1.0,3.816755997831933e-05,0.0,DQN_RND,0.001,0.99,mountaincar,dense
7,2391,-200.0,200,0.02603299356997013,-1.0,2.4964994736365043e-05,0.0,DQN_RND,0.001,0.99,mountaincar,dense
7,2392,-200.0,200,10.830045700073242,-1.0,0.00011579324927879497,0.0,DQN_RND,0.001,0.99,mountaincar,dense
7,2393,-200.0,200,18.89825439453125,-1.0,0.00014539087715093046,0.0,DQN_RND,0.001,0.99,mountaincar,dense
7,2394,-200.0,200,16.23516082763672,-1.0,0.0001324091135757044,0.0,DQN_RND,0.001,0.99,mountaincar,dense
7,2395,-200.0,200,19.15737533569336,-1.0,3.249176370445639e-05,0.0,DQN_RND,0.001,0.99,mountaincar,dense
7,2396,-200.0,200,10.718649864196777,-1.0,5.833066552440869e-06,0.0,DQN_RND,0.001,0.99,mountaincar,dense
7,2397,-200.0,200,13.293221473693848,-1.0,0.00011795963655458763,0.0,DQN_RND,0.001,0.99,mountaincar,dense
7,2398,-200.0,200,10.677276611328125,-1.0,0.00018391535559203476,0.0,DQN_RND,0.001,0.99,mountaincar,dense
7,2399,-200.0,200,18.4979248046875,-1.0,3.5014872992178425e-05,0.0,DQN_RND,0.001,0.99,mountaincar,dense
7,2400,-200.0,200,10.561850547790527,-1.0,2.6068950319313444e-05,0.0,DQN_RND,0.001,0.99,mountaincar,dense
7,2401,-200.0,200,18.286531448364258,-1.0,2.6301899197278544e-05,0.0,DQN_RND,0.001,0.99,mountaincar,dense
7,2402,-200.0,200,2.5965511798858643,-1.0,2.555553692218382e-05,0.0,DQN_RND,0.001,0.99,mountaincar,dense
7,2403,-200.0,200,18.111669540405273,-1.0,0.00019083262304775417,0.0,DQN_RND,0.001,0.99,mountaincar,dense
7,2404,-200.0,200,26.11977767944336,-1.0,0.00012283844989724457,0.0,DQN_RND,0.001,0.99,mountaincar,dense
7,2405,-200.0,200,5.374626636505127,-1.0,0.0001653635990805924,0.0,DQN_RND,0.001,0.99,mountaincar,dense
7,2406,-200.0,200,15.914913177490234,-1.0,1.8017601178144105e-05,0.0,DQN_RND,0.001,0.99,mountaincar,dense
7,2407,-200.0,200,8.194347381591797,-1.0,0.00012909460929222405,0.0,DQN_RND,0.001,0.99,mountaincar,dense
7,2408,-200.0,200,13.403570175170898,-1.0,4.991621608496644e-06,0.0,DQN_RND,0.001,0.99,mountaincar,dense
7,2409,-200.0,200,13.51396369934082,-1.0,2.5562567316228524e-05,0.0,DQN_RND,0.001,0.99,mountaincar,dense
7,2410,-200.0,200,21.536640167236328,-1.0,2.1136436771485023e-05,0.0,DQN_RND,0.001,0.99,mountaincar,dense
7,2411,-200.0,200,2.679128408432007,-1.0,2.4157527150237e-05,0.0,DQN_RND,0.001,0.99,mountaincar,dense
7,2412,-200.0,200,10.790787696838379,-1.0,0.00012173118739156052,0.0,DQN_RND,0.001,0.99,mountaincar,dense
7,2413,-200.0,200,2.718724250793457,-1.0,3.924619886674918e-05,0.0,DQN_RND,0.001,0.99,mountaincar,dense
7,2414,-200.0,200,21.66547393798828,-1.0,1.944398900377564e-05,0.0,DQN_RND,0.001,0.99,mountaincar,dense
7,2415,-200.0,200,8.157651901245117,-1.0,2.4924296667450108e-05,0.0,DQN_RND,0.001,0.99,mountaincar,dense
7,2416,-200.0,200,13.782395362854004,-1.0,0.00013093507732264698,0.0,DQN_RND,0.001,0.99,mountaincar,dense
7,2417,-200.0,200,11.005016326904297,-1.0,3.4961147321155295e-05,0.0,DQN_RND,0.001,0.99,mountaincar,dense
7,2418,-200.0,200,10.96418571472168,-1.0,0.00018213050498161465,0.0,DQN_RND,0.001,0.99,mountaincar,dense
7,2419,-200.0,200,19.319625854492188,-1.0,0.00013234210200607777,0.0,DQN_RND,0.001,0.99,mountaincar,dense
7,2420,-200.0,200,16.842491149902344,-1.0,4.1776416765060276e-05,0.0,DQN_RND,0.001,0.99,mountaincar,dense
7,2421,-200.0,200,16.59320068359375,-1.0,0.0002151539665646851,0.0,DQN_RND,0.001,0.99,mountaincar,dense
7,2422,-200.0,200,28.121173858642578,-1.0,0.00013247336028143764,0.0,DQN_RND,0.001,0.99,mountaincar,dense
7,2423,-200.0,200,14.077138900756836,-1.0,4.06386170652695e-05,0.0,DQN_RND,0.001,0.99,mountaincar,dense
7,2424,-200.0,200,16.969226837158203,-1.0,0.0001823591737775132,0.0,DQN_RND,0.001,0.99,mountaincar,dense
7,2425,-200.0,200,5.716261863708496,-1.0,1.7888774891616777e-05,0.0,DQN_RND,0.001,0.99,mountaincar,dense
7,2426,-200.0,200,23.077877044677734,-1.0,2.9242810342111625e-05,0.0,DQN_RND,0.001,0.99,mountaincar,dense
7,2427,-200.0,200,20.07823371887207,-1.0,0.00015619516489095986,0.0,DQN_RND,0.001,0.99,mountaincar,dense
7,2428,-200.0,200,20.22870635986328,-1.0,0.00014099771215114743,0.0,DQN_RND,0.001,0.99,mountaincar,dense
7,2429,-200.0,200,5.768763065338135,-1.0,2.4336199203389697e-05,0.0,DQN_RND,0.001,0.99,mountaincar,dense
7,2430,-200.0,200,8.71343994140625,-1.0,0.0001532727328594774,0.0,DQN_RND,0.001,0.99,mountaincar,dense
7,2431,-200.0,200,8.771018028259277,-1.0,7.623829787917202e-06,0.0,DQN_RND,0.001,0.99,mountaincar,dense
7,2432,-200.0,200,5.887169361114502,-1.0,8.034804523049388e-06,0.0,DQN_RND,0.001,0.99,mountaincar,dense
7,2433,-200.0,200,20.276607513427734,-1.0,0.00012302833783905953,0.0,DQN_RND,0.001,0.99,mountaincar,dense
7,2434,-200.0,200,8.657804489135742,-1.0,0.00014411854499485344,0.0,DQN_RND,0.001,0.99,mountaincar,dense
7,2435,-200.0,200,11.541584014892578,-1.0,9.801734267966822e-05,0.0,DQN_RND,0.001,0.99,mountaincar,dense
7,2436,-200.0,200,8.721590042114258,-1.0,1.0014226972998586e-05,0.0,DQN_RND,0.001,0.99,mountaincar,dense
7,2437,-200.0,200,5.8044233322143555,-1.0,2.5073502911254764e-05,0.0,DQN_RND,0.001,0.99,mountaincar,dense
7,2438,-200.0,200,23.184816360473633,-1.0,3.9673315768595785e-05,0.0,DQN_RND,0.001,0.99,mountaincar,dense
7,2439,-200.0,200,11.536945343017578,-1.0,2.8240598112461157e-05,0.0,DQN_RND,0.001,0.99,mountaincar,dense
7,2440,-200.0,200,11.606162071228027,-1.0,4.382163297123043e-06,0.0,DQN_RND,0.001,0.99,mountaincar,dense
7,2441,-200.0,200,17.39952278137207,-1.0,1.772139330569189e-05,0.0,DQN_RND,0.001,0.99,mountaincar,dense
7,2442,-200.0,200,20.34937286376953,-1.0,0.00013951925211586058,0.0,DQN_RND,0.001,0.99,mountaincar,dense
7,2443,-200.0,200,14.563220977783203,-1.0,8.624863767181523e-06,0.0,DQN_RND,0.001,0.99,mountaincar,dense
7,2444,-200.0,200,14.574662208557129,-1.0,2.525453601265326e-05,0.0,DQN_RND,0.001,0.99,mountaincar,dense
7,2445,-200.0,200,14.63752555847168,-1.0,4.9618465709500015e-06,0.0,DQN_RND,0.001,0.99,mountaincar,dense
7,2446,-200.0,200,14.394351959228516,-1.0,2.3780710762366652e-05,0.0,DQN_RND,0.001,0.99,mountaincar,dense
7,2447,-200.0,200,11.597973823547363,-1.0,2.367537672398612e-05,0.0,DQN_RND,0.001,0.99,mountaincar,dense
7,2448,-200.0,200,22.89531135559082,-1.0,2.5450710381846875e-05,0.0,DQN_RND,0.001,0.99,mountaincar,dense
7,2449,-200.0,200,5.754795551300049,-1.0,3.225063483114354e-05,0.0,DQN_RND,0.001,0.99,mountaincar,dense
7,2450,-200.0,200,17.28594207763672,-1.0,0.00013306499749887735,0.0,DQN_RND,0.001,0.99,mountaincar,dense
7,2451,-200.0,200,11.402450561523438,-1.0,2.460237010382116e-05,0.0,DQN_RND,0.001,0.99,mountaincar,dense
7,2452,-200.0,200,14.28735065460205,-1.0,1.0215298971161246e-05,0.0,DQN_RND,0.001,0.99,mountaincar,dense
7,2453,-200.0,200,14.29128360748291,-1.0,1.5649638953618705e-05,0.0,DQN_RND,0.001,0.99,mountaincar,dense
7,2454,-200.0,200,5.671945571899414,-1.0,1.4911681319063064e-05,0.0,DQN_RND,0.001,0.99,mountaincar,dense
7,2455,-200.0,200,14.301926612854004,-1.0,0.0001287675986532122,0.0,DQN_RND,0.001,0.99,mountaincar,dense
7,2456,-200.0,200,14.18594741821289,-1.0,0.00012106176291126758,0.0,DQN_RND,0.001,0.99,mountaincar,dense
7,2457,-200.0,200,17.100534439086914,-1.0,2.41152047237847e-05,0.0,DQN_RND,0.001,0.99,mountaincar,dense
7,2458,-200.0,200,14.303159713745117,-1.0,4.749554591398919e-06,0.0,DQN_RND,0.001,0.99,mountaincar,dense
7,2459,-200.0,200,22.732484817504883,-1.0,2.5093400836340152e-05,0.0,DQN_RND,0.001,0.99,mountaincar,dense
7,2460,-200.0,200,8.634334564208984,-1.0,2.5652432668721303e-05,0.0,DQN_RND,0.001,0.99,mountaincar,dense
7,2461,-200.0,200,22.88555145263672,-1.0,3.156165621476248e-05,0.0,DQN_RND,0.001,0.99,mountaincar,dense
7,2462,-200.0,200,17.170347213745117,-1.0,0.0002033760683843866,0.0,DQN_RND,0.001,0.99,mountaincar,dense
7,2463,-200.0,200,14.425457000732422,-1.0,0.0001221090933540836,0.0,DQN_RND,0.001,0.99,mountaincar,dense
7,2464,-200.0,200,5.828237533569336,-1.0,6.0612701417994685e-06,0.0,DQN_RND,0.001,0.99,mountaincar,dense
7,2465,-200.0,200,20.410913467407227,-1.0,1.8337896108278073e-05,0.0,DQN_RND,0.001,0.99,mountaincar,dense
7,2466,-200.0,200,17.309223175048828,-1.0,0.00020441506057977676,0.0,DQN_RND,0.001,0.99,mountaincar,dense
7,2467,-200.0,200,23.206457138061523,-1.0,2.314403172931634e-05,0.0,DQN_RND,0.001,0.99,mountaincar,dense
7,2468,-200.0,200,25.982093811035156,-1.0,6.858569577161688e-06,0.0,DQN_RND,0.001,0.99,mountaincar,dense
7,2469,-200.0,200,11.568577766418457,-1.0,5.195516223466257e-06,0.0,DQN_RND,0.001,0.99,mountaincar,dense
7,2470,-200.0,200,14.41678237915039,-1.0,2.3323149434872903e-05,0.0,DQN_RND,0.001,0.99,mountaincar,dense
7,2471,-200.0,200,8.67432975769043,-1.0,2.894099998229649e-05,0.0,DQN_RND,0.001,0.99,mountaincar,dense
7,2472,-200.0,200,8.721025466918945,-1.0,0.00013556993508245796,0.0,DQN_RND,0.001,0.99,mountaincar,dense
7,2473,-200.0,200,17.38743019104004,-1.0,0.00012091850658180192,0.0,DQN_RND,0.001,0.99,mountaincar,dense
7,2474,-200.0,200,17.486358642578125,-1.0,0.00011961418931605294,0.0,DQN_RND,0.001,0.99,mountaincar,dense
7,2475,-200.0,200,23.198711395263672,-1.0,1.8695471226237714e-05,0.0,DQN_RND,0.001,0.99,mountaincar,dense
7,2476,-200.0,200,14.332306861877441,-1.0,0.00017197130364365876,0.0,DQN_RND,0.001,0.99,mountaincar,dense
7,2477,-200.0,200,5.760019779205322,-1.0,0.00019191599858459085,0.0,DQN_RND,0.001,0.99,mountaincar,dense
7,2478,-200.0,200,20.17285919189453,-1.0,0.00017455349734518677,0.0,DQN_RND,0.001,0.99,mountaincar,dense
7,2479,-200.0,200,14.22739028930664,-1.0,0.0001245082967216149,0.0,DQN_RND,0.001,0.99,mountaincar,dense
7,2480,-200.0,200,17.501117706298828,-1.0,8.502110176777933e-06,0.0,DQN_RND,0.001,0.99,mountaincar,dense
7,2481,-200.0,200,20.023338317871094,-1.0,2.223192495875992e-05,0.0,DQN_RND,0.001,0.99,mountaincar,dense
7,2482,-200.0,200,11.480852127075195,-1.0,3.561622361303307e-05,0.0,DQN_RND,0.001,0.99,mountaincar,dense
7,2483,-200.0,200,8.612446784973145,-1.0,2.2000200260663405e-05,0.0,DQN_RND,0.001,0.99,mountaincar,dense
7,2484,-200.0,200,8.699847221374512,-1.0,2.9826556783518754e-05,0.0,DQN_RND,0.001,0.99,mountaincar,dense
7,2485,-200.0,200,2.9075605869293213,-1.0,0.0001756889105308801,0.0,DQN_RND,0.001,0.99,mountaincar,dense
7,2486,-200.0,200,8.83373737335205,-1.0,0.00013695714005734771,0.0,DQN_RND,0.001,0.99,mountaincar,dense
7,2487,-200.0,200,5.892934799194336,-1.0,2.371855043747928e-05,0.0,DQN_RND,0.001,0.99,mountaincar,dense
7,2488,-200.0,200,17.378347396850586,-1.0,7.1077479333325755e-06,0.0,DQN_RND,0.001,0.99,mountaincar,dense
7,2489,-200.0,200,11.781991004943848,-1.0,0.00016363454051315784,0.0,DQN_RND,0.001,0.99,mountaincar,dense
7,2490,-200.0,200,14.644692420959473,-1.0,3.1175470212474465e-05,0.0,DQN_RND,0.001,0.99,mountaincar,dense
7,2491,-200.0,200,14.44149398803711,-1.0,7.462389476131648e-06,0.0,DQN_RND,0.001,0.99,mountaincar,dense
7,2492,-200.0,200,8.745879173278809,-1.0,2.1830268451594748e-05,0.0,DQN_RND,0.001,0.99,mountaincar,dense
7,2493,-200.0,200,8.701998710632324,-1.0,3.1142259103944525e-05,0.0,DQN_RND,0.001,0.99,mountaincar,dense
7,2494,-200.0,200,8.673944473266602,-1.0,3.8754740671720356e-05,0.0,DQN_RND,0.001,0.99,mountaincar,dense
7,2495,-200.0,200,11.509306907653809,-1.0,0.0001408421085216105,0.0,DQN_RND,0.001,0.99,mountaincar,dense
7,2496,-200.0,200,8.779603958129883,-1.0,0.00017893308540806174,0.0,DQN_RND,0.001,0.99,mountaincar,dense
7,2497,-200.0,200,17.41565704345703,-1.0,2.4284494429593906e-05,0.0,DQN_RND,0.001,0.99,mountaincar,dense
7,2498,-200.0,200,8.806998252868652,-1.0,2.708666397666093e-05,0.0,DQN_RND,0.001,0.99,mountaincar,dense
7,2499,-200.0,200,23.920879364013672,-1.0,2.99166094919201e-05,0.0,DQN_RND,0.001,0.99,mountaincar,dense
7,2500,-200.0,200,23.759490966796875,-1.0,2.35641509789275e-05,0.0,DQN_RND,0.001,0.99,mountaincar,dense
7,2501,-200.0,200,11.69680118560791,-1.0,4.69750693810056e-06,0.0,DQN_RND,0.001,0.99,mountaincar,dense
7,2502,-200.0,200,17.507585525512695,-1.0,0.00018378713866695762,0.0,DQN_RND,0.001,0.99,mountaincar,dense
7,2503,-200.0,200,9.000225067138672,-1.0,0.00016746451728977263,0.0,DQN_RND,0.001,0.99,mountaincar,dense
7,2504,-200.0,200,17.800411224365234,-1.0,1.2360426808299962e-05,0.0,DQN_RND,0.001,0.99,mountaincar,dense
7,2505,-200.0,200,23.52840805053711,-1.0,2.5381163140991703e-05,0.0,DQN_RND,0.001,0.99,mountaincar,dense
7,2506,-200.0,200,20.560577392578125,-1.0,1.8968663425766863e-05,0.0,DQN_RND,0.001,0.99,mountaincar,dense
7,2507,-200.0,200,2.902367353439331,-1.0,2.850392229447607e-05,0.0,DQN_RND,0.001,0.99,mountaincar,dense
7,2508,-200.0,200,11.734890937805176,-1.0,0.00012150451220804825,0.0,DQN_RND,0.001,0.99,mountaincar,dense
7,2509,-200.0,200,11.605583190917969,-1.0,3.628570630098693e-05,0.0,DQN_RND,0.001,0.99,mountaincar,dense
7,2510,-200.0,200,17.367050170898438,-1.0,2.1620839106617495e-05,0.0,DQN_RND,0.001,0.99,mountaincar,dense
7,2511,-200.0,200,5.71893310546875,-1.0,1.1483333764772397e-05,0.0,DQN_RND,0.001,0.99,mountaincar,dense
7,2512,-200.0,200,11.563961029052734,-1.0,0.00017325424414593726,0.0,DQN_RND,0.001,0.99,mountaincar,dense
7,2513,-200.0,200,28.946916580200195,-1.0,3.753336932277307e-05,0.0,DQN_RND,0.001,0.99,mountaincar,dense
7,2514,-200.0,200,17.447668075561523,-1.0,1.1423368050600402e-05,0.0,DQN_RND,0.001,0.99,mountaincar,dense
7,2515,-200.0,200,8.771855354309082,-1.0,0.00019191118190065026,0.0,DQN_RND,0.001,0.99,mountaincar,dense
7,2516,-200.0,200,29.181045532226562,-1.0,0.0001917369954753667,0.0,DQN_RND,0.001,0.99,mountaincar,dense
7,2517,-200.0,200,14.641860008239746,-1.0,0.00019297956896480173,0.0,DQN_RND,0.001,0.99,mountaincar,dense
7,2518,-200.0,200,11.702364921569824,-1.0,2.288404357386753e-05,0.0,DQN_RND,0.001,0.99,mountaincar,dense
7,2519,-200.0,200,20.486392974853516,-1.0,0.00013491454592440277,0.0,DQN_RND,0.001,0.99,mountaincar,dense
7,2520,-200.0,200,20.401718139648438,-1.0,2.503824362065643e-05,0.0,DQN_RND,0.001,0.99,mountaincar,dense
7,2521,-200.0,200,14.790545463562012,-1.0,0.00011640188313322142,0.0,DQN_RND,0.001,0.99,mountaincar,dense
7,2522,-200.0,200,14.98315143585205,-1.0,7.485103196813725e-06,0.0,DQN_RND,0.001,0.99,mountaincar,dense
7,2523,-200.0,200,17.767009735107422,-1.0,0.00017482429393567145,0.0,DQN_RND,0.001,0.99,mountaincar,dense
7,2524,-200.0,200,23.38181495666504,-1.0,2.5106790417339653e-05,0.0,DQN_RND,0.001,0.99,mountaincar,dense
7,2525,-200.0,200,14.475364685058594,-1.0,0.00015258965140674263,0.0,DQN_RND,0.001,0.99,mountaincar,dense
7,2526,-200.0,200,19.969043731689453,-1.0,2.6507204893277958e-05,0.0,DQN_RND,0.001,0.99,mountaincar,dense
7,2527,-200.0,200,17.0715389251709,-1.0,2.1420137272798456e-05,0.0,DQN_RND,0.001,0.99,mountaincar,dense
7,2528,-200.0,200,14.364009857177734,-1.0,0.00012156858429079875,0.0,DQN_RND,0.001,0.99,mountaincar,dense
7,2529,-200.0,200,8.574213981628418,-1.0,2.1391884729382582e-05,0.0,DQN_RND,0.001,0.99,mountaincar,dense
7,2530,-200.0,200,17.07715606689453,-1.0,0.00017447074060328305,0.0,DQN_RND,0.001,0.99,mountaincar,dense
7,2531,-200.0,200,13.843767166137695,-1.0,0.00012879102723672986,0.0,DQN_RND,0.001,0.99,mountaincar,dense
7,2532,-200.0,200,22.42372703552246,-1.0,6.91437844579923e-06,0.0,DQN_RND,0.001,0.99,mountaincar,dense
7,2533,-200.0,200,2.7826640605926514,-1.0,2.2550428184331395e-05,0.0,DQN_RND,0.001,0.99,mountaincar,dense
7,2534,-200.0,200,22.38080406188965,-1.0,0.0001227056054631248,0.0,DQN_RND,0.001,0.99,mountaincar,dense
7,2535,-200.0,200,8.421966552734375,-1.0,0.00015651906142011285,0.0,DQN_RND,0.001,0.99,mountaincar,dense
7,2536,-200.0,200,11.333388328552246,-1.0,0.00011377723421901464,0.0,DQN_RND,0.001,0.99,mountaincar,dense
7,2537,-200.0,200,17.132009506225586,-1.0,0.00019983362290076911,0.0,DQN_RND,0.001,0.99,mountaincar,dense
7,2538,-200.0,200,19.869815826416016,-1.0,0.00012765386782120913,0.0,DQN_RND,0.001,0.99,mountaincar,dense
7,2539,-200.0,200,19.76795768737793,-1.0,0.00015453837113454938,0.0,DQN_RND,0.001,0.99,mountaincar,dense
7,2540,-200.0,200,22.625032424926758,-1.0,0.00017414601461496204,0.0,DQN_RND,0.001,0.99,mountaincar,dense
7,2541,-200.0,200,8.444899559020996,-1.0,2.3284041162696667e-05,0.0,DQN_RND,0.001,0.99,mountaincar,dense
7,2542,-200.0,200,16.88640022277832,-1.0,0.000157405374920927,0.0,DQN_RND,0.001,0.99,mountaincar,dense
7,2543,-200.0,200,16.9646053314209,-1.0,2.1648987967637368e-05,0.0,DQN_RND,0.001,0.99,mountaincar,dense
7,2544,-200.0,200,19.513193130493164,-1.0,0.00014482912956736982,0.0,DQN_RND,0.001,0.99,mountaincar,dense
7,2545,-200.0,200,27.94734001159668,-1.0,2.154698086087592e-05,0.0,DQN_RND,0.001,0.99,mountaincar,dense
7,2546,-200.0,200,13.753966331481934,-1.0,5.249193691270193e-06,0.0,DQN_RND,0.001,0.99,mountaincar,dense
7,2547,-200.0,200,8.373108863830566,-1.0,3.2834614103194326e-05,0.0,DQN_RND,0.001,0.99,mountaincar,dense
7,2548,-200.0,200,11.104813575744629,-1.0,0.00013921699428465217,0.0,DQN_RND,0.001,0.99,mountaincar,dense
7,2549,-200.0,200,27.760807037353516,-1.0,8.34530328575056e-06,0.0,DQN_RND,0.001,0.99,mountaincar,dense
7,2550,-200.0,200,14.231372833251953,-1.0,1.4520840522891376e-05,0.0,DQN_RND,0.001,0.99,mountaincar,dense
7,2551,-200.0,200,16.591800689697266,-1.0,6.278777618717868e-06,0.0,DQN_RND,0.001,0.99,mountaincar,dense
7,2552,-200.0,200,16.79813575744629,-1.0,2.5740730052348226e-05,0.0,DQN_RND,0.001,0.99,mountaincar,dense
7,2553,-200.0,200,2.8118927478790283,-1.0,4.5993365347385406e-05,0.0,DQN_RND,0.001,0.99,mountaincar,dense
7,2554,-200.0,200,27.988603591918945,-1.0,5.108406548970379e-05,0.0,DQN_RND,0.001,0.99,mountaincar,dense
7,2555,-200.0,200,8.47677230834961,-1.0,1.1225022717553657e-05,0.0,DQN_RND,0.001,0.99,mountaincar,dense
7,2556,-200.0,200,8.616007804870605,-1.0,0.00014649807417299598,0.0,DQN_RND,0.001,0.99,mountaincar,dense
7,2557,-200.0,200,11.30417251586914,-1.0,1.0764409125840757e-05,0.0,DQN_RND,0.001,0.99,mountaincar,dense
7,2558,-200.0,200,8.375709533691406,-1.0,0.0001545378618175164,0.0,DQN_RND,0.001,0.99,mountaincar,dense
7,2559,-200.0,200,8.45549488067627,-1.0,0.00019876602164003998,0.0,DQN_RND,0.001,0.99,mountaincar,dense
7,2560,-200.0,200,8.480917930603027,-1.0,0.00011774230370065197,0.0,DQN_RND,0.001,0.99,mountaincar,dense
7,2561,-200.0,200,19.990158081054688,-1.0,1.2067467650922481e-05,0.0,DQN_RND,0.001,0.99,mountaincar,dense
7,2562,-200.0,200,8.623430252075195,-1.0,2.0851568478974514e-05,0.0,DQN_RND,0.001,0.99,mountaincar,dense
7,2563,-200.0,200,11.386679649353027,-1.0,2.7985557608189993e-05,0.0,DQN_RND,0.001,0.99,mountaincar,dense
7,2564,-200.0,200,14.679987907409668,-1.0,3.7574402085738257e-05,0.0,DQN_RND,0.001,0.99,mountaincar,dense
7,2565,-200.0,200,14.46895980834961,-1.0,2.7277026674710214e-05,0.0,DQN_RND,0.001,0.99,mountaincar,dense
7,2566,-200.0,200,29.12060546875,-1.0,0.00015750974125694484,0.0,DQN_RND,0.001,0.99,mountaincar,dense
7,2567,-200.0,200,6.014822959899902,-1.0,0.00015446510224137455,0.0,DQN_RND,0.001,0.99,mountaincar,dense
7,2568,-200.0,200,5.871467113494873,-1.0,3.993723294115625e-05,0.0,DQN_RND,0.001,0.99,mountaincar,dense
7,2569,-200.0,200,23.731826782226562,-1.0,2.2220319806365296e-05,0.0,DQN_RND,0.001,0.99,mountaincar,dense
7,2570,-200.0,200,5.973522663116455,-1.0,4.691980575444177e-05,0.0,DQN_RND,0.001,0.99,mountaincar,dense
7,2571,-200.0,200,17.687524795532227,-1.0,2.7329640943207778e-05,0.0,DQN_RND,0.001,0.99,mountaincar,dense
7,2572,-200.0,200,11.744067192077637,-1.0,0.0001428098912583664,0.0,DQN_RND,0.001,0.99,mountaincar,dense
7,2573,-200.0,200,14.649991989135742,-1.0,0.0001237880642293021,0.0,DQN_RND,0.001,0.99,mountaincar,dense
7,2574,-200.0,200,17.722013473510742,-1.0,0.00011956950038438663,0.0,DQN_RND,0.001,0.99,mountaincar,dense
7,2575,-200.0,200,11.758056640625,-1.0,0.00014544720761477947,0.0,DQN_RND,0.001,0.99,mountaincar,dense
7,2576,-200.0,200,11.98322582244873,-1.0,0.00011515199730638415,0.0,DQN_RND,0.001,0.99,mountaincar,dense
7,2577,-200.0,200,18.062742233276367,-1.0,3.659713547676802e-05,0.0,DQN_RND,0.001,0.99,mountaincar,dense
7,2578,-200.0,200,15.080024719238281,-1.0,5.642877567879623e-06,0.0,DQN_RND,0.001,0.99,mountaincar,dense
7,2579,-200.0,200,14.974174499511719,-1.0,0.00012099670857423916,0.0,DQN_RND,0.001,0.99,mountaincar,dense
7,2580,-200.0,200,6.104517459869385,-1.0,2.0416988263605163e-05,0.0,DQN_RND,0.001,0.99,mountaincar,dense
7,2581,-200.0,200,9.176496505737305,-1.0,2.0590692656696774e-05,0.0,DQN_RND,0.001,0.99,mountaincar,dense
7,2582,-200.0,200,12.134981155395508,-1.0,1.4125999769021291e-05,0.0,DQN_RND,0.001,0.99,mountaincar,dense
7,2583,-200.0,200,18.150442123413086,-1.0,0.00011162731243530288,0.0,DQN_RND,0.001,0.99,mountaincar,dense
7,2584,-200.0,200,12.222625732421875,-1.0,2.246244730486069e-05,0.0,DQN_RND,0.001,0.99,mountaincar,dense
7,2585,-200.0,200,18.217273712158203,-1.0,3.0174527637427673e-05,0.0,DQN_RND,0.001,0.99,mountaincar,dense
7,2586,-200.0,200,24.712158203125,-1.0,0.00014454114716500044,0.0,DQN_RND,0.001,0.99,mountaincar,dense
7,2587,-200.0,200,24.893457412719727,-1.0,8.759805496083573e-06,0.0,DQN_RND,0.001,0.99,mountaincar,dense
7,2588,-200.0,200,6.1734514236450195,-1.0,2.1397314412752166e-05,0.0,DQN_RND,0.001,0.99,mountaincar,dense
7,2589,-200.0,200,12.548300743103027,-1.0,2.8312610083958134e-05,0.0,DQN_RND,0.001,0.99,mountaincar,dense
7,2590,-200.0,200,6.306036949157715,-1.0,2.121085526596289e-05,0.0,DQN_RND,0.001,0.99,mountaincar,dense
7,2591,-200.0,200,6.21973991394043,-1.0,7.026527327980148e-06,0.0,DQN_RND,0.001,0.99,mountaincar,dense
7,2592,-200.0,200,25.08760643005371,-1.0,0.00011968007311224937,0.0,DQN_RND,0.001,0.99,mountaincar,dense
7,2593,-200.0,200,28.29042625427246,-1.0,1.970002085727174e-05,0.0,DQN_RND,0.001,0.99,mountaincar,dense
7,2594,-200.0,200,15.960078239440918,-1.0,4.675464515457861e-05,0.0,DQN_RND,0.001,0.99,mountaincar,dense
7,2595,-200.0,200,22.145233154296875,-1.0,6.814454081904842e-06,0.0,DQN_RND,0.001,0.99,mountaincar,dense
7,2596,-200.0,200,31.413490295410156,-1.0,3.1829080398892984e-05,0.0,DQN_RND,0.001,0.99,mountaincar,dense
7,2597,-200.0,200,21.976354598999023,-1.0,4.780025119544007e-05,0.0,DQN_RND,0.001,0.99,mountaincar,dense
7,2598,-200.0,200,6.422216892242432,-1.0,2.0768788090208545e-05,0.0,DQN_RND,0.001,0.99,mountaincar,dense
7,2599,-200.0,200,25.318326950073242,-1.0,2.07044358830899e-05,0.0,DQN_RND,0.001,0.99,mountaincar,dense
7,2600,-200.0,200,9.672600746154785,-1.0,3.041638046852313e-05,0.0,DQN_RND,0.001,0.99,mountaincar,dense
7,2601,-200.0,200,16.085477828979492,-1.0,3.1334133382188156e-05,0.0,DQN_RND,0.001,0.99,mountaincar,dense
7,2602,-200.0,200,12.886594772338867,-1.0,3.856456169160083e-05,0.0,DQN_RND,0.001,0.99,mountaincar,dense
7,2603,-200.0,200,13.142919540405273,-1.0,2.1668100089300424e-05,0.0,DQN_RND,0.001,0.99,mountaincar,dense
7,2604,-200.0,200,16.242528915405273,-1.0,6.645072971878108e-06,0.0,DQN_RND,0.001,0.99,mountaincar,dense
7,2605,-200.0,200,16.235816955566406,-1.0,7.18797173249186e-06,0.0,DQN_RND,0.001,0.99,mountaincar,dense
7,2606,-200.0,200,9.689644813537598,-1.0,3.52325223502703e-05,0.0,DQN_RND,0.001,0.99,mountaincar,dense
7,2607,-200.0,200,19.17636489868164,-1.0,4.5162269088905305e-05,0.0,DQN_RND,0.001,0.99,mountaincar,dense
7,2608,-200.0,200,19.340240478515625,-1.0,4.064749009558e-05,0.0,DQN_RND,0.001,0.99,mountaincar,dense
7,2609,-200.0,200,9.495148658752441,-1.0,1.973102735064458e-05,0.0,DQN_RND,0.001,0.99,mountaincar,dense
7,2610,-200.0,200,22.147018432617188,-1.0,7.110893875506008e-06,0.0,DQN_RND,0.001,0.99,mountaincar,dense
7,2611,-200.0,200,12.114555358886719,-1.0,0.00015849103510845453,0.0,DQN_RND,0.001,0.99,mountaincar,dense
7,2612,-200.0,200,15.293408393859863,-1.0,0.00010875035513890907,0.0,DQN_RND,0.001,0.99,mountaincar,dense
7,2613,-200.0,200,29.980560302734375,-1.0,2.1091629605507478e-05,0.0,DQN_RND,0.001,0.99,mountaincar,dense
7,2614,-200.0,200,21.152935028076172,-1.0,0.00011119453847641125,0.0,DQN_RND,0.001,0.99,mountaincar,dense
7,2615,-200.0,200,14.915327072143555,-1.0,2.335706631129142e-05,0.0,DQN_RND,0.001,0.99,mountaincar,dense
7,2616,-200.0,200,11.917878150939941,-1.0,0.00020149005285929888,0.0,DQN_RND,0.001,0.99,mountaincar,dense
7,2617,-200.0,200,29.954082489013672,-1.0,2.4972079700091854e-05,0.0,DQN_RND,0.001,0.99,mountaincar,dense
7,2618,-200.0,200,15.093070030212402,-1.0,1.7756474335328676e-05,0.0,DQN_RND,0.001,0.99,mountaincar,dense
7,2619,-200.0,200,8.861690521240234,-1.0,2.5246925360988826e-05,0.0,DQN_RND,0.001,0.99,mountaincar,dense
7,2620,-200.0,200,20.93902587890625,-1.0,2.836751264112536e-05,0.0,DQN_RND,0.001,0.99,mountaincar,dense
7,2621,-200.0,200,23.730838775634766,-1.0,1.976893690880388e-05,0.0,DQN_RND,0.001,0.99,mountaincar,dense
7,2622,-200.0,200,12.25627613067627,-1.0,0.00011298511526547372,0.0,DQN_RND,0.001,0.99,mountaincar,dense
7,2623,-200.0,200,17.920351028442383,-1.0,1.4945851944503374e-05,0.0,DQN_RND,0.001,0.99,mountaincar,dense
7,2624,-200.0,200,14.595293045043945,-1.0,1.9577937564463355e-05,0.0,DQN_RND,0.001,0.99,mountaincar,dense
7,2625,-200.0,200,3.0360167026519775,-1.0,2.9821982025168836e-05,0.0,DQN_RND,0.001,0.99,mountaincar,dense
7,2626,-200.0,200,8.638408660888672,-1.0,1.5629864719812758e-05,0.0,DQN_RND,0.001,0.99,mountaincar,dense
7,2627,-200.0,200,8.753965377807617,-1.0,0.00012362927373033017,0.0,DQN_RND,0.001,0.99,mountaincar,dense
7,2628,-200.0,200,8.90218734741211,-1.0,1.9570899894461036e-05,0.0,DQN_RND,0.001,0.99,mountaincar,dense
7,2629,-200.0,200,8.746561050415039,-1.0,2.5271972845075652e-05,0.0,DQN_RND,0.001,0.99,mountaincar,dense
7,2630,-200.0,200,11.797216415405273,-1.0,2.8805185138480738e-05,0.0,DQN_RND,0.001,0.99,mountaincar,dense
7,2631,-200.0,200,11.889701843261719,-1.0,0.00011743089271476492,0.0,DQN_RND,0.001,0.99,mountaincar,dense
7,2632,-200.0,200,6.040811538696289,-1.0,0.00015895780234131962,0.0,DQN_RND,0.001,0.99,mountaincar,dense
7,2633,-200.0,200,17.61597442626953,-1.0,1.1127312973258086e-05,0.0,DQN_RND,0.001,0.99,mountaincar,dense
7,2634,-200.0,200,23.40998649597168,-1.0,0.00011690177052514628,0.0,DQN_RND,0.001,0.99,mountaincar,dense
7,2635,-200.0,200,14.6116304397583,-1.0,3.5696913982974365e-05,0.0,DQN_RND,0.001,0.99,mountaincar,dense
7,2636,-200.0,200,5.859257698059082,-1.0,2.1454117813846096e-05,0.0,DQN_RND,0.001,0.99,mountaincar,dense
7,2637,-200.0,200,25.508745193481445,-1.0,1.841477023845073e-05,0.0,DQN_RND,0.001,0.99,mountaincar,dense
7,2638,-200.0,200,8.90909481048584,-1.0,0.0001557979267090559,0.0,DQN_RND,0.001,0.99,mountaincar,dense
7,2639,-200.0,200,17.672100067138672,-1.0,2.1426114471978508e-05,0.0,DQN_RND,0.001,0.99,mountaincar,dense
7,2640,-200.0,200,20.44404411315918,-1.0,2.0106363081140444e-05,0.0,DQN_RND,0.001,0.99,mountaincar,dense
7,2641,-200.0,200,23.378585815429688,-1.0,0.0001182459163828753,0.0,DQN_RND,0.001,0.99,mountaincar,dense
7,2642,-200.0,200,2.933037042617798,-1.0,1.9076542230322957e-05,0.0,DQN_RND,0.001,0.99,mountaincar,dense
7,2643,-200.0,200,11.907076835632324,-1.0,0.0001459471823181957,0.0,DQN_RND,0.001,0.99,mountaincar,dense
7,2644,-200.0,200,17.735401153564453,-1.0,2.0622293959604576e-05,0.0,DQN_RND,0.001,0.99,mountaincar,dense
7,2645,-200.0,200,20.943397521972656,-1.0,0.00012368049647193402,0.0,DQN_RND,0.001,0.99,mountaincar,dense
7,2646,-200.0,200,14.905747413635254,-1.0,3.347884921822697e-05,0.0,DQN_RND,0.001,0.99,mountaincar,dense
7,2647,-200.0,200,9.008910179138184,-1.0,3.7510682886932045e-05,0.0,DQN_RND,0.001,0.99,mountaincar,dense
7,2648,-200.0,200,14.824039459228516,-1.0,0.0001948577119037509,0.0,DQN_RND,0.001,0.99,mountaincar,dense
7,2649,-200.0,200,2.926558017730713,-1.0,0.00014607232878915966,0.0,DQN_RND,0.001,0.99,mountaincar,dense
7,2650,-200.0,200,26.673065185546875,-1.0,0.0001358711888315156,0.0,DQN_RND,0.001,0.99,mountaincar,dense
7,2651,-200.0,200,17.199705123901367,-1.0,1.678155422268901e-05,0.0,DQN_RND,0.001,0.99,mountaincar,dense
7,2652,-200.0,200,8.67347526550293,-1.0,2.2034746507415548e-05,0.0,DQN_RND,0.001,0.99,mountaincar,dense
7,2653,-200.0,200,23.20479965209961,-1.0,2.2407961296266876e-05,0.0,DQN_RND,0.001,0.99,mountaincar,dense
7,2654,-200.0,200,11.600032806396484,-1.0,5.797869562229607e-06,0.0,DQN_RND,0.001,0.99,mountaincar,dense
7,2655,-200.0,200,11.458244323730469,-1.0,0.00016079119814094156,0.0,DQN_RND,0.001,0.99,mountaincar,dense
7,2656,-200.0,200,11.662187576293945,-1.0,2.0143734218436293e-05,0.0,DQN_RND,0.001,0.99,mountaincar,dense
7,2657,-200.0,200,20.898475646972656,-1.0,1.9016310034203343e-05,0.0,DQN_RND,0.001,0.99,mountaincar,dense
7,2658,-200.0,200,2.9294965267181396,-1.0,3.250542431487702e-05,0.0,DQN_RND,0.001,0.99,mountaincar,dense
7,2659,-200.0,200,26.809717178344727,-1.0,0.00015977486327756196,0.0,DQN_RND,0.001,0.99,mountaincar,dense
7,2660,-200.0,200,23.727642059326172,-1.0,1.8406777599011548e-05,0.0,DQN_RND,0.001,0.99,mountaincar,dense
7,2661,-200.0,200,32.72499465942383,-1.0,2.7046757168136537e-05,0.0,DQN_RND,0.001,0.99,mountaincar,dense
7,2662,-200.0,200,14.71327018737793,-1.0,1.3348686479730532e-05,0.0,DQN_RND,0.001,0.99,mountaincar,dense
7,2663,-200.0,200,9.074017524719238,-1.0,0.00010949044371955097,0.0,DQN_RND,0.001,0.99,mountaincar,dense
7,2664,-200.0,200,11.917287826538086,-1.0,1.808878187148366e-05,0.0,DQN_RND,0.001,0.99,mountaincar,dense
7,2665,-200.0,200,9.21335220336914,-1.0,0.0001802439073799178,0.0,DQN_RND,0.001,0.99,mountaincar,dense
7,2666,-200.0,200,24.343502044677734,-1.0,1.963696013262961e-05,0.0,DQN_RND,0.001,0.99,mountaincar,dense
7,2667,-200.0,200,15.377054214477539,-1.0,2.986129948112648e-05,0.0,DQN_RND,0.001,0.99,mountaincar,dense
7,2668,-200.0,200,12.269787788391113,-1.0,0.00013886291708331555,0.0,DQN_RND,0.001,0.99,mountaincar,dense
7,2669,-200.0,200,15.399179458618164,-1.0,2.9549528335337527e-05,0.0,DQN_RND,0.001,0.99,mountaincar,dense
7,2670,-200.0,200,24.20867156982422,-1.0,0.00010553293395787477,0.0,DQN_RND,0.001,0.99,mountaincar,dense
7,2671,-200.0,200,12.24557876586914,-1.0,0.00016214918287005275,0.0,DQN_RND,0.001,0.99,mountaincar,dense
7,2672,-200.0,200,9.17707633972168,-1.0,1.7746840967447497e-05,0.0,DQN_RND,0.001,0.99,mountaincar,dense
7,2673,-200.0,200,12.04625129699707,-1.0,9.51922447711695e-06,0.0,DQN_RND,0.001,0.99,mountaincar,dense
7,2674,-200.0,200,12.218573570251465,-1.0,0.00014378786727320403,0.0,DQN_RND,0.001,0.99,mountaincar,dense
7,2675,-200.0,200,18.603984832763672,-1.0,2.778449925244786e-05,0.0,DQN_RND,0.001,0.99,mountaincar,dense
7,2676,-200.0,200,21.490400314331055,-1.0,4.703428567154333e-05,0.0,DQN_RND,0.001,0.99,mountaincar,dense
7,2677,-200.0,200,12.061162948608398,-1.0,0.00012886487820651382,0.0,DQN_RND,0.001,0.99,mountaincar,dense
7,2678,-200.0,200,21.574560165405273,-1.0,0.00019288211478851736,0.0,DQN_RND,0.001,0.99,mountaincar,dense
7,2679,-200.0,200,12.3521089553833,-1.0,1.7696309441816993e-05,0.0,DQN_RND,0.001,0.99,mountaincar,dense
7,2680,-200.0,200,21.576927185058594,-1.0,2.1388443201431073e-05,0.0,DQN_RND,0.001,0.99,mountaincar,dense
7,2681,-200.0,200,12.230050086975098,-1.0,4.496844849199988e-05,0.0,DQN_RND,0.001,0.99,mountaincar,dense
7,2682,-200.0,200,15.070974349975586,-1.0,1.7751190171111375e-05,0.0,DQN_RND,0.001,0.99,mountaincar,dense
7,2683,-200.0,200,24.3284854888916,-1.0,1.8897218978963792e-05,0.0,DQN_RND,0.001,0.99,mountaincar,dense
7,2684,-200.0,200,17.83845329284668,-1.0,7.585577350255335e-06,0.0,DQN_RND,0.001,0.99,mountaincar,dense
7,2685,-200.0,200,18.530670166015625,-1.0,0.00010523793025640771,0.0,DQN_RND,0.001,0.99,mountaincar,dense
7,2686,-200.0,200,18.396625518798828,-1.0,3.116923835477792e-05,0.0,DQN_RND,0.001,0.99,mountaincar,dense
7,2687,-200.0,200,21.055036544799805,-1.0,7.838467354304157e-06,0.0,DQN_RND,0.001,0.99,mountaincar,dense
7,2688,-200.0,200,21.283077239990234,-1.0,0.0001894190500024706,0.0,DQN_RND,0.001,0.99,mountaincar,dense
7,2689,-200.0,200,17.83054542541504,-1.0,1.1643268408079166e-05,0.0,DQN_RND,0.001,0.99,mountaincar,dense
7,2690,-200.0,200,17.59101676940918,-1.0,0.00012081356544513255,0.0,DQN_RND,0.001,0.99,mountaincar,dense
7,2691,-200.0,200,20.28949737548828,-1.0,0.00011030682799173519,0.0,DQN_RND,0.001,0.99,mountaincar,dense
7,2692,-200.0,200,9.07985782623291,-1.0,0.00012974554556421936,0.0,DQN_RND,0.001,0.99,mountaincar,dense
7,2693,-200.0,200,11.852194786071777,-1.0,4.3151660065632313e-05,0.0,DQN_RND,0.001,0.99,mountaincar,dense
7,2694,-200.0,200,24.112871170043945,-1.0,3.685651608975604e-05,0.0,DQN_RND,0.001,0.99,mountaincar,dense
7,2695,-200.0,200,14.99361515045166,-1.0,1.879118281067349e-05,0.0,DQN_RND,0.001,0.99,mountaincar,dense
7,2696,-200.0,200,12.150646209716797,-1.0,0.00010805144847836345,0.0,DQN_RND,0.001,0.99,mountaincar,dense
7,2697,-200.0,200,12.382696151733398,-1.0,0.00011164110037498176,0.0,DQN_RND,0.001,0.99,mountaincar,dense
7,2698,-200.0,200,21.263378143310547,-1.0,7.480592103092931e-06,0.0,DQN_RND,0.001,0.99,mountaincar,dense
7,2699,-200.0,200,12.447633743286133,-1.0,0.00013369788939598948,0.0,DQN_RND,0.001,0.99,mountaincar,dense
7,2700,-200.0,200,27.49406623840332,-1.0,2.4486649635946378e-05,0.0,DQN_RND,0.001,0.99,mountaincar,dense
7,2701,-200.0,200,9.221628189086914,-1.0,1.7085596482502297e-05,0.0,DQN_RND,0.001,0.99,mountaincar,dense
7,2702,-200.0,200,15.517749786376953,-1.0,2.1853289581486024e-05,0.0,DQN_RND,0.001,0.99,mountaincar,dense
7,2703,-200.0,200,15.836185455322266,-1.0,4.451414861250669e-05,0.0,DQN_RND,0.001,0.99,mountaincar,dense
7,2704,-200.0,200,24.836328506469727,-1.0,2.2629312297794968e-05,0.0,DQN_RND,0.001,0.99,mountaincar,dense
7,2705,-200.0,200,31.182846069335938,-1.0,0.00013666471932083368,0.0,DQN_RND,0.001,0.99,mountaincar,dense
7,2706,-200.0,200,24.819765090942383,-1.0,0.00012897129636257887,0.0,DQN_RND,0.001,0.99,mountaincar,dense
7,2707,-200.0,200,9.421429634094238,-1.0,1.4495579307549633e-05,0.0,DQN_RND,0.001,0.99,mountaincar,dense
7,2708,-200.0,200,18.40328598022461,-1.0,0.00016113274614326656,0.0,DQN_RND,0.001,0.99,mountaincar,dense
7,2709,-200.0,200,6.442392349243164,-1.0,0.00010627588198985904,0.0,DQN_RND,0.001,0.99,mountaincar,dense
7,2710,-200.0,200,15.590913772583008,-1.0,1.6970059732557274e-05,0.0,DQN_RND,0.001,0.99,mountaincar,dense
7,2711,-200.0,200,15.704900741577148,-1.0,0.000119453550723847,0.0,DQN_RND,0.001,0.99,mountaincar,dense
7,2712,-200.0,200,18.68028450012207,-1.0,0.00011976869427599013,0.0,DQN_RND,0.001,0.99,mountaincar,dense
7,2713,-200.0,200,12.613730430603027,-1.0,2.1263578673824668e-05,0.0,DQN_RND,0.001,0.99,mountaincar,dense
7,2714,-200.0,200,6.441274166107178,-1.0,1.9051061826758087e-05,0.0,DQN_RND,0.001,0.99,mountaincar,dense
7,2715,-200.0,200,15.62658405303955,-1.0,1.0594813829811756e-05,0.0,DQN_RND,0.001,0.99,mountaincar,dense
7,2716,-200.0,200,12.308453559875488,-1.0,2.1666495740646496e-05,0.0,DQN_RND,0.001,0.99,mountaincar,dense
7,2717,-200.0,200,12.764871597290039,-1.0,0.0001372534898109734,0.0,DQN_RND,0.001,0.99,mountaincar,dense
7,2718,-200.0,200,12.594291687011719,-1.0,2.925128683273215e-05,0.0,DQN_RND,0.001,0.99,mountaincar,dense
7,2719,-200.0,200,21.91387939453125,-1.0,1.1172902304679155e-05,0.0,DQN_RND,0.001,0.99,mountaincar,dense
7,2720,-200.0,200,15.93533706665039,-1.0,2.4131357349688187e-05,0.0,DQN_RND,0.001,0.99,mountaincar,dense
7,2721,-200.0,200,36.99424743652344,-1.0,1.8141867258236744e-05,0.0,DQN_RND,0.001,0.99,mountaincar,dense
7,2722,-200.0,200,6.2497172355651855,-1.0,1.827708911150694e-05,0.0,DQN_RND,0.001,0.99,mountaincar,dense
7,2723,-200.0,200,9.081138610839844,-1.0,1.6673382560838945e-05,0.0,DQN_RND,0.001,0.99,mountaincar,dense
7,2724,-200.0,200,9.624398231506348,-1.0,1.6823307305458002e-05,0.0,DQN_RND,0.001,0.99,mountaincar,dense
7,2725,-200.0,200,18.825517654418945,-1.0,1.2230388165335171e-05,0.0,DQN_RND,0.001,0.99,mountaincar,dense
7,2726,-200.0,200,15.538331985473633,-1.0,6.782314812880941e-06,0.0,DQN_RND,0.001,0.99,mountaincar,dense
7,2727,-200.0,200,15.457024574279785,-1.0,3.1214887712849304e-05,0.0,DQN_RND,0.001,0.99,mountaincar,dense
7,2728,-200.0,200,18.65872573852539,-1.0,1.692376463324763e-05,0.0,DQN_RND,0.001,0.99,mountaincar,dense
7,2729,-200.0,200,0.013180606998503208,-1.0,2.080638296320103e-05,0.0,DQN_RND,0.001,0.99,mountaincar,dense
7,2730,-200.0,200,12.396961212158203,-1.0,2.067089735646732e-05,0.0,DQN_RND,0.001,0.99,mountaincar,dense
7,2731,-200.0,200,21.397045135498047,-1.0,1.673711449257098e-05,0.0,DQN_RND,0.001,0.99,mountaincar,dense
7,2732,-200.0,200,18.87101936340332,-1.0,0.00012055941624566913,0.0,DQN_RND,0.001,0.99,mountaincar,dense
7,2733,-200.0,200,18.620859146118164,-1.0,0.00017791017307899892,0.0,DQN_RND,0.001,0.99,mountaincar,dense
7,2734,-200.0,200,21.584577560424805,-1.0,0.0001057675399351865,0.0,DQN_RND,0.001,0.99,mountaincar,dense
7,2735,-200.0,200,21.146390914916992,-1.0,1.5870147763052955e-05,0.0,DQN_RND,0.001,0.99,mountaincar,dense
7,2736,-200.0,200,17.95484733581543,-1.0,0.0001289763895329088,0.0,DQN_RND,0.001,0.99,mountaincar,dense
7,2737,-200.0,200,12.65134048461914,-1.0,0.00010725780884968117,0.0,DQN_RND,0.001,0.99,mountaincar,dense
7,2738,-200.0,200,12.14257526397705,-1.0,2.0762294298037887e-05,0.0,DQN_RND,0.001,0.99,mountaincar,dense
7,2739,-200.0,200,8.897253036499023,-1.0,1.5574330973322503e-05,0.0,DQN_RND,0.001,0.99,mountaincar,dense
7,2740,-200.0,200,6.191531181335449,-1.0,2.3137254174798727e-05,0.0,DQN_RND,0.001,0.99,mountaincar,dense
7,2741,-200.0,200,18.5521297454834,-1.0,1.7407241102773696e-05,0.0,DQN_RND,0.001,0.99,mountaincar,dense
7,2742,-200.0,200,12.380535125732422,-1.0,2.2300848286249675e-05,0.0,DQN_RND,0.001,0.99,mountaincar,dense
7,2743,-200.0,200,15.694839477539062,-1.0,4.452562643564306e-05,0.0,DQN_RND,0.001,0.99,mountaincar,dense
7,2744,-200.0,200,24.374969482421875,-1.0,8.959620572568383e-06,0.0,DQN_RND,0.001,0.99,mountaincar,dense
7,2745,-200.0,200,21.26367950439453,-1.0,2.5056231606868096e-05,0.0,DQN_RND,0.001,0.99,mountaincar,dense
7,2746,-200.0,200,15.293930053710938,-1.0,8.728928150958382e-06,0.0,DQN_RND,0.001,0.99,mountaincar,dense
7,2747,-200.0,200,24.37700843811035,-1.0,0.0001330582017544657,0.0,DQN_RND,0.001,0.99,mountaincar,dense
7,2748,-200.0,200,12.405108451843262,-1.0,0.00012980951578356326,0.0,DQN_RND,0.001,0.99,mountaincar,dense
7,2749,-200.0,200,21.700828552246094,-1.0,9.544202839606442e-06,0.0,DQN_RND,0.001,0.99,mountaincar,dense
7,2750,-200.0,200,12.605466842651367,-1.0,1.8302875105291605e-05,0.0,DQN_RND,0.001,0.99,mountaincar,dense
7,2751,-200.0,200,18.483320236206055,-1.0,1.627595156605821e-05,0.0,DQN_RND,0.001,0.99,mountaincar,dense
7,2752,-200.0,200,9.251888275146484,-1.0,0.00014398682105820626,0.0,DQN_RND,0.001,0.99,mountaincar,dense
7,2753,-200.0,200,27.679351806640625,-1.0,2.7745489205699414e-05,0.0,DQN_RND,0.001,0.99,mountaincar,dense
7,2754,-200.0,200,11.704412460327148,-1.0,0.00016223858983721584,0.0,DQN_RND,0.001,0.99,mountaincar,dense
7,2755,-200.0,200,17.802000045776367,-1.0,0.0001419990003341809,0.0,DQN_RND,0.001,0.99,mountaincar,dense
7,2756,-200.0,200,27.03555679321289,-1.0,0.0001452888682251796,0.0,DQN_RND,0.001,0.99,mountaincar,dense
7,2757,-200.0,200,15.124317169189453,-1.0,2.6011290174210444e-05,0.0,DQN_RND,0.001,0.99,mountaincar,dense
7,2758,-200.0,200,6.022658348083496,-1.0,1.6315960237989202e-05,0.0,DQN_RND,0.001,0.99,mountaincar,dense
7,2759,-200.0,200,18.629226684570312,-1.0,0.00013001066690776497,0.0,DQN_RND,0.001,0.99,mountaincar,dense
7,2760,-200.0,200,6.002081871032715,-1.0,6.296078481682343e-06,0.0,DQN_RND,0.001,0.99,mountaincar,dense
7,2761,-200.0,200,12.26159954071045,-1.0,0.00011036440264433622,0.0,DQN_RND,0.001,0.99,mountaincar,dense
7,2762,-200.0,200,3.088593006134033,-1.0,0.00016554101603105664,0.0,DQN_RND,0.001,0.99,mountaincar,dense
7,2763,-200.0,200,11.932619094848633,-1.0,0.00010764037142507732,0.0,DQN_RND,0.001,0.99,mountaincar,dense
7,2764,-200.0,200,14.97028923034668,-1.0,0.0001210756745422259,0.0,DQN_RND,0.001,0.99,mountaincar,dense
7,2765,-200.0,200,8.984760284423828,-1.0,0.00013463367940858006,0.0,DQN_RND,0.001,0.99,mountaincar,dense
7,2766,-200.0,200,17.81068992614746,-1.0,0.00010635015496518463,0.0,DQN_RND,0.001,0.99,mountaincar,dense
7,2767,-200.0,200,8.989970207214355,-1.0,9.651004802435637e-05,0.0,DQN_RND,0.001,0.99,mountaincar,dense
7,2768,-200.0,200,15.462617874145508,-1.0,0.00011352041474310681,0.0,DQN_RND,0.001,0.99,mountaincar,dense
7,2769,-200.0,200,15.153603553771973,-1.0,1.6255633454420604e-05,0.0,DQN_RND,0.001,0.99,mountaincar,dense
7,2770,-200.0,200,8.726551055908203,-1.0,4.032849756185897e-05,0.0,DQN_RND,0.001,0.99,mountaincar,dense
7,2771,-200.0,200,20.705324172973633,-1.0,9.925814083544537e-05,0.0,DQN_RND,0.001,0.99,mountaincar,dense
7,2772,-200.0,200,20.54549789428711,-1.0,0.00016974080062936991,0.0,DQN_RND,0.001,0.99,mountaincar,dense
7,2773,-200.0,200,26.283647537231445,-1.0,0.00016303635493386537,0.0,DQN_RND,0.001,0.99,mountaincar,dense
7,2774,-200.0,200,17.44268798828125,-1.0,1.6043975847424008e-05,0.0,DQN_RND,0.001,0.99,mountaincar,dense
7,2775,-200.0,200,14.045709609985352,-1.0,1.5688015992054716e-05,0.0,DQN_RND,0.001,0.99,mountaincar,dense
7,2776,-200.0,200,17.501447677612305,-1.0,0.00010508516425034031,0.0,DQN_RND,0.001,0.99,mountaincar,dense
7,2777,-200.0,200,8.73332405090332,-1.0,1.6967100236797705e-05,0.0,DQN_RND,0.001,0.99,mountaincar,dense
7,2778,-200.0,200,20.309345245361328,-1.0,2.506762757548131e-05,0.0,DQN_RND,0.001,0.99,mountaincar,dense
7,2779,-200.0,200,14.17973518371582,-1.0,3.122467387584038e-05,0.0,DQN_RND,0.001,0.99,mountaincar,dense
7,2780,-200.0,200,11.225629806518555,-1.0,4.0698778320802376e-05,0.0,DQN_RND,0.001,0.99,mountaincar,dense
7,2781,-200.0,200,14.177611351013184,-1.0,1.5849554984015413e-05,0.0,DQN_RND,0.001,0.99,mountaincar,dense
7,2782,-200.0,200,11.544161796569824,-1.0,2.5165245460812002e-05,0.0,DQN_RND,0.001,0.99,mountaincar,dense
7,2783,-200.0,200,17.142505645751953,-1.0,1.2659194908337668e-05,0.0,DQN_RND,0.001,0.99,mountaincar,dense
7,2784,-200.0,200,10.989904403686523,-1.0,1.8183318388764746e-05,0.0,DQN_RND,0.001,0.99,mountaincar,dense
7,2785,-200.0,200,11.047881126403809,-1.0,2.51844303420512e-05,0.0,DQN_RND,0.001,0.99,mountaincar,dense
7,2786,-200.0,200,5.612732410430908,-1.0,1.8380880646873266e-05,0.0,DQN_RND,0.001,0.99,mountaincar,dense
7,2787,-200.0,200,8.387640953063965,-1.0,1.611282459634822e-05,0.0,DQN_RND,0.001,0.99,mountaincar,dense
7,2788,-200.0,200,5.634071350097656,-1.0,3.0020297344890423e-05,0.0,DQN_RND,0.001,0.99,mountaincar,dense
7,2789,-200.0,200,8.24670124053955,-1.0,2.084547304548323e-05,0.0,DQN_RND,0.001,0.99,mountaincar,dense
7,2790,-200.0,200,16.711042404174805,-1.0,1.9692832211148925e-05,0.0,DQN_RND,0.001,0.99,mountaincar,dense
7,2791,-200.0,200,14.468501091003418,-1.0,8.63930290506687e-06,0.0,DQN_RND,0.001,0.99,mountaincar,dense
7,2792,-200.0,200,30.401262283325195,-1.0,1.611882726137992e-05,0.0,DQN_RND,0.001,0.99,mountaincar,dense
7,2793,-200.0,200,8.414933204650879,-1.0,0.0001931884908117354,0.0,DQN_RND,0.001,0.99,mountaincar,dense
7,2794,-200.0,200,16.999996185302734,-1.0,2.275857150380034e-05,0.0,DQN_RND,0.001,0.99,mountaincar,dense
7,2795,-200.0,200,16.80400848388672,-1.0,1.946282463904936e-05,0.0,DQN_RND,0.001,0.99,mountaincar,dense
7,2796,-200.0,200,14.001599311828613,-1.0,1.8143366105505265e-05,0.0,DQN_RND,0.001,0.99,mountaincar,dense
7,2797,-200.0,200,11.354626655578613,-1.0,7.755398655717727e-06,0.0,DQN_RND,0.001,0.99,mountaincar,dense
7,2798,-200.0,200,0.02481529861688614,-1.0,9.837491234065965e-06,0.0,DQN_RND,0.001,0.99,mountaincar,dense
7,2799,-200.0,200,5.823759078979492,-1.0,1.3068732187093701e-05,0.0,DQN_RND,0.001,0.99,mountaincar,dense
7,2800,-200.0,200,22.77739143371582,-1.0,1.9454933863016777e-05,0.0,DQN_RND,0.001,0.99,mountaincar,dense
7,2801,-200.0,200,0.04914537072181702,-1.0,1.8060960428556427e-05,0.0,DQN_RND,0.001,0.99,mountaincar,dense
7,2802,-200.0,200,18.766679763793945,-1.0,1.593190972926095e-05,0.0,DQN_RND,0.001,0.99,mountaincar,dense
7,2803,-200.0,200,10.965837478637695,-1.0,0.0001042577059706673,0.0,DQN_RND,0.001,0.99,mountaincar,dense
7,2804,-200.0,200,16.864944458007812,-1.0,3.0125167540973052e-05,0.0,DQN_RND,0.001,0.99,mountaincar,dense
7,2805,-200.0,200,14.126495361328125,-1.0,1.5536206774413586e-05,0.0,DQN_RND,0.001,0.99,mountaincar,dense
7,2806,-200.0,200,14.089777946472168,-1.0,1.6098341802717187e-05,0.0,DQN_RND,0.001,0.99,mountaincar,dense
7,2807,-200.0,200,13.874543190002441,-1.0,1.7770213162293658e-05,0.0,DQN_RND,0.001,0.99,mountaincar,dense
7,2808,-200.0,200,13.731246948242188,-1.0,1.9922876163036563e-05,0.0,DQN_RND,0.001,0.99,mountaincar,dense
7,2809,-200.0,200,13.908543586730957,-1.0,1.5091716704773717e-05,0.0,DQN_RND,0.001,0.99,mountaincar,dense
7,2810,-200.0,200,16.11672019958496,-1.0,1.381805122946389e-05,0.0,DQN_RND,0.001,0.99,mountaincar,dense
7,2811,-200.0,200,21.777341842651367,-1.0,1.5555500795016997e-05,0.0,DQN_RND,0.001,0.99,mountaincar,dense
7,2812,-200.0,200,16.510540008544922,-1.0,1.7379559722030535e-05,0.0,DQN_RND,0.001,0.99,mountaincar,dense
7,2813,-200.0,200,16.429407119750977,-1.0,4.340359373600222e-05,0.0,DQN_RND,0.001,0.99,mountaincar,dense
7,2814,-200.0,200,19.092361450195312,-1.0,5.0513572205090895e-05,0.0,DQN_RND,0.001,0.99,mountaincar,dense
7,2815,-200.0,200,11.179412841796875,-1.0,1.659058398217894e-05,0.0,DQN_RND,0.001,0.99,mountaincar,dense
7,2816,-200.0,200,8.369047164916992,-1.0,1.5092398825800046e-05,0.0,DQN_RND,0.001,0.99,mountaincar,dense
7,2817,-200.0,200,24.465534210205078,-1.0,0.00011006142449332401,0.0,DQN_RND,0.001,0.99,mountaincar,dense
7,2818,-200.0,200,16.215145111083984,-1.0,1.5857423932175152e-05,0.0,DQN_RND,0.001,0.99,mountaincar,dense
7,2819,-200.0,200,19.580198287963867,-1.0,0.00014844485849607736,0.0,DQN_RND,0.001,0.99,mountaincar,dense
7,2820,-200.0,200,19.736188888549805,-1.0,1.8839838958228938e-05,0.0,DQN_RND,0.001,0.99,mountaincar,dense
7,2821,-200.0,200,33.47037124633789,-1.0,2.7061591026722454e-05,0.0,DQN_RND,0.001,0.99,mountaincar,dense
7,2822,-200.0,200,14.260730743408203,-1.0,2.9757737138425e-05,0.0,DQN_RND,0.001,0.99,mountaincar,dense
7,2823,-200.0,200,11.206302642822266,-1.0,6.953626143513247e-05,0.0,DQN_RND,0.001,0.99,mountaincar,dense
7,2824,-200.0,200,25.901596069335938,-1.0,0.00016900048649404198,0.0,DQN_RND,0.001,0.99,mountaincar,dense
7,2825,-200.0,200,23.044506072998047,-1.0,1.6029272956075147e-05,0.0,DQN_RND,0.001,0.99,mountaincar,dense
7,2826,-200.0,200,21.915071487426758,-1.0,1.46313504956197e-05,0.0,DQN_RND,0.001,0.99,mountaincar,dense
7,2827,-200.0,200,16.702085494995117,-1.0,0.00017547827155794948,0.0,DQN_RND,0.001,0.99,mountaincar,dense
7,2828,-200.0,200,10.98151683807373,-1.0,2.6818659534910694e-05,0.0,DQN_RND,0.001,0.99,mountaincar,dense
7,2829,-200.0,200,13.704389572143555,-1.0,4.6068456867942587e-05,0.0,DQN_RND,0.001,0.99,mountaincar,dense
7,2830,-200.0,200,19.375900268554688,-1.0,3.658329296740703e-05,0.0,DQN_RND,0.001,0.99,mountaincar,dense
7,2831,-200.0,200,5.6704936027526855,-1.0,3.1911877158563584e-05,0.0,DQN_RND,0.001,0.99,mountaincar,dense
7,2832,-200.0,200,11.079859733581543,-1.0,1.1881782484124415e-05,0.0,DQN_RND,0.001,0.99,mountaincar,dense
7,2833,-200.0,200,27.398496627807617,-1.0,2.561235123721417e-05,0.0,DQN_RND,0.001,0.99,mountaincar,dense
7,2834,-200.0,200,21.813655853271484,-1.0,1.9603186956373975e-05,0.0,DQN_RND,0.001,0.99,mountaincar,dense
7,2835,-200.0,200,10.722685813903809,-1.0,2.5352564989589155e-05,0.0,DQN_RND,0.001,0.99,mountaincar,dense
7,2836,-200.0,200,15.611605644226074,-1.0,1.72540130733978e-05,0.0,DQN_RND,0.001,0.99,mountaincar,dense
7,2837,-200.0,200,26.65642547607422,-1.0,0.00017019537335727364,0.0,DQN_RND,0.001,0.99,mountaincar,dense
7,2838,-200.0,200,8.150693893432617,-1.0,0.00017611916700843722,0.0,DQN_RND,0.001,0.99,mountaincar,dense
7,2839,-200.0,200,8.228974342346191,-1.0,0.00012047384370816872,0.0,DQN_RND,0.001,0.99,mountaincar,dense
7,2840,-200.0,200,10.912468910217285,-1.0,1.97733588720439e-05,0.0,DQN_RND,0.001,0.99,mountaincar,dense
7,2841,-200.0,200,8.283166885375977,-1.0,1.912974039441906e-05,0.0,DQN_RND,0.001,0.99,mountaincar,dense
7,2842,-200.0,200,21.767627716064453,-1.0,8.261376933660358e-05,0.0,DQN_RND,0.001,0.99,mountaincar,dense
7,2843,-200.0,200,17.150665283203125,-1.0,1.7057725926861167e-05,0.0,DQN_RND,0.001,0.99,mountaincar,dense
7,2844,-200.0,200,16.477375030517578,-1.0,1.4976523743825965e-05,0.0,DQN_RND,0.001,0.99,mountaincar,dense
7,2845,-200.0,200,19.181760787963867,-1.0,2.4705643227207474e-05,0.0,DQN_RND,0.001,0.99,mountaincar,dense
7,2846,-200.0,200,8.220928192138672,-1.0,5.0436941819498315e-05,0.0,DQN_RND,0.001,0.99,mountaincar,dense
7,2847,-200.0,200,18.72175407409668,-1.0,1.2904693903692532e-05,0.0,DQN_RND,0.001,0.99,mountaincar,dense
7,2848,-200.0,200,13.338905334472656,-1.0,1.850542139436584e-05,0.0,DQN_RND,0.001,0.99,mountaincar,dense
7,2849,-200.0,200,8.128263473510742,-1.0,1.4985243069531862e-05,0.0,DQN_RND,0.001,0.99,mountaincar,dense
7,2850,-200.0,200,16.00054931640625,-1.0,0.00017432439199183136,0.0,DQN_RND,0.001,0.99,mountaincar,dense
7,2851,-200.0,200,13.614004135131836,-1.0,0.00010951250442303717,0.0,DQN_RND,0.001,0.99,mountaincar,dense
7,2852,-200.0,200,13.93853759765625,-1.0,1.9327300833538175e-05,0.0,DQN_RND,0.001,0.99,mountaincar,dense
7,2853,-200.0,200,2.896237373352051,-1.0,1.4079479115025606e-05,0.0,DQN_RND,0.001,0.99,mountaincar,dense
7,2854,-200.0,200,14.146059036254883,-1.0,2.9293683837749995e-05,0.0,DQN_RND,0.001,0.99,mountaincar,dense
7,2855,-200.0,200,19.052274703979492,-1.0,2.5552277293172665e-05,0.0,DQN_RND,0.001,0.99,mountaincar,dense
7,2856,-200.0,200,13.55916690826416,-1.0,0.000131734530441463,0.0,DQN_RND,0.001,0.99,mountaincar,dense
7,2857,-200.0,200,27.55525779724121,-1.0,0.00014536689559463412,0.0,DQN_RND,0.001,0.99,mountaincar,dense
7,2858,-200.0,200,13.430036544799805,-1.0,4.1257695556851104e-05,0.0,DQN_RND,0.001,0.99,mountaincar,dense
7,2859,-200.0,200,27.316020965576172,-1.0,0.00010645928705343977,0.0,DQN_RND,0.001,0.99,mountaincar,dense
7,2860,-200.0,200,10.938787460327148,-1.0,1.611328116268851e-05,0.0,DQN_RND,0.001,0.99,mountaincar,dense
7,2861,-200.0,200,16.298551559448242,-1.0,2.0865343685727566e-05,0.0,DQN_RND,0.001,0.99,mountaincar,dense
7,2862,-200.0,200,13.818720817565918,-1.0,0.00013207706797402352,0.0,DQN_RND,0.001,0.99,mountaincar,dense
7,2863,-200.0,200,8.157464981079102,-1.0,2.35663046623813e-05,0.0,DQN_RND,0.001,0.99,mountaincar,dense
7,2864,-200.0,200,11.0151948928833,-1.0,0.0001229028421221301,0.0,DQN_RND,0.001,0.99,mountaincar,dense
7,2865,-200.0,200,13.527793884277344,-1.0,1.5354813513113186e-05,0.0,DQN_RND,0.001,0.99,mountaincar,dense
7,2866,-200.0,200,22.07399559020996,-1.0,0.000143357552587986,0.0,DQN_RND,0.001,0.99,mountaincar,dense
7,2867,-200.0,200,10.642842292785645,-1.0,1.7603546439204365e-05,0.0,DQN_RND,0.001,0.99,mountaincar,dense
7,2868,-200.0,200,13.565059661865234,-1.0,0.00010432842827867717,0.0,DQN_RND,0.001,0.99,mountaincar,dense
7,2869,-200.0,200,8.128219604492188,-1.0,1.8316673958906904e-05,0.0,DQN_RND,0.001,0.99,mountaincar,dense
7,2870,-200.0,200,10.846980094909668,-1.0,2.0275723727536388e-05,0.0,DQN_RND,0.001,0.99,mountaincar,dense
7,2871,-200.0,200,19.20193099975586,-1.0,2.0285648133722134e-05,0.0,DQN_RND,0.001,0.99,mountaincar,dense
7,2872,-200.0,200,11.1228609085083,-1.0,1.794020317902323e-05,0.0,DQN_RND,0.001,0.99,mountaincar,dense
7,2873,-200.0,200,13.548686981201172,-1.0,9.843033694778569e-06,0.0,DQN_RND,0.001,0.99,mountaincar,dense
7,2874,-200.0,200,23.4865779876709,-1.0,1.4926773474144284e-05,0.0,DQN_RND,0.001,0.99,mountaincar,dense
7,2875,-200.0,200,10.950865745544434,-1.0,9.823690925259143e-05,0.0,DQN_RND,0.001,0.99,mountaincar,dense
7,2876,-200.0,200,5.563059329986572,-1.0,1.700450957287103e-05,0.0,DQN_RND,0.001,0.99,mountaincar,dense
7,2877,-200.0,200,13.535234451293945,-1.0,1.5425424862769432e-05,0.0,DQN_RND,0.001,0.99,mountaincar,dense
7,2878,-200.0,200,11.280669212341309,-1.0,0.00015418705879710615,0.0,DQN_RND,0.001,0.99,mountaincar,dense
7,2879,-200.0,200,24.27922821044922,-1.0,3.855943214148283e-05,0.0,DQN_RND,0.001,0.99,mountaincar,dense
7,2880,-200.0,200,8.095162391662598,-1.0,2.6587260435917415e-05,0.0,DQN_RND,0.001,0.99,mountaincar,dense
7,2881,-200.0,200,16.44460678100586,-1.0,1.8308503058506176e-05,0.0,DQN_RND,0.001,0.99,mountaincar,dense
7,2882,-200.0,200,13.659459114074707,-1.0,3.088773155468516e-05,0.0,DQN_RND,0.001,0.99,mountaincar,dense
7,2883,-200.0,200,5.452638626098633,-1.0,2.3058037186274305e-05,0.0,DQN_RND,0.001,0.99,mountaincar,dense
7,2884,-200.0,200,8.284661293029785,-1.0,0.00010936022590612993,0.0,DQN_RND,0.001,0.99,mountaincar,dense
7,2885,-200.0,200,13.666910171508789,-1.0,1.3755118743574712e-05,0.0,DQN_RND,0.001,0.99,mountaincar,dense
7,2886,-200.0,200,19.83812713623047,-1.0,0.00015761963732074946,0.0,DQN_RND,0.001,0.99,mountaincar,dense
7,2887,-200.0,200,19.8596248626709,-1.0,4.930237992084585e-05,0.0,DQN_RND,0.001,0.99,mountaincar,dense
7,2888,-200.0,200,8.258451461791992,-1.0,4.378929588710889e-05,0.0,DQN_RND,0.001,0.99,mountaincar,dense
7,2889,-200.0,200,14.161151885986328,-1.0,3.978928361902945e-05,0.0,DQN_RND,0.001,0.99,mountaincar,dense
7,2890,-200.0,200,25.546884536743164,-1.0,1.3044765182712581e-05,0.0,DQN_RND,0.001,0.99,mountaincar,dense
7,2891,-200.0,200,25.585886001586914,-1.0,1.4468600056716241e-05,0.0,DQN_RND,0.001,0.99,mountaincar,dense
7,2892,-200.0,200,14.271376609802246,-1.0,1.737240017973818e-05,0.0,DQN_RND,0.001,0.99,mountaincar,dense
7,2893,-200.0,200,19.780664443969727,-1.0,9.267018867831212e-06,0.0,DQN_RND,0.001,0.99,mountaincar,dense
7,2894,-200.0,200,17.460453033447266,-1.0,2.786653749353718e-05,0.0,DQN_RND,0.001,0.99,mountaincar,dense
7,2895,-200.0,200,5.727298259735107,-1.0,1.8529181033954956e-05,0.0,DQN_RND,0.001,0.99,mountaincar,dense
7,2896,-200.0,200,8.650843620300293,-1.0,1.5194674233498517e-05,0.0,DQN_RND,0.001,0.99,mountaincar,dense
7,2897,-200.0,200,23.109268188476562,-1.0,2.277640851389151e-05,0.0,DQN_RND,0.001,0.99,mountaincar,dense
7,2898,-200.0,200,8.656503677368164,-1.0,9.68406857282389e-06,0.0,DQN_RND,0.001,0.99,mountaincar,dense
7,2899,-200.0,200,31.54463768005371,-1.0,9.597254393156618e-05,0.0,DQN_RND,0.001,0.99,mountaincar,dense
7,2900,-200.0,200,5.9887495040893555,-1.0,0.00017008237773552537,0.0,DQN_RND,0.001,0.99,mountaincar,dense
7,2901,-200.0,200,14.676175117492676,-1.0,1.567846084071789e-05,0.0,DQN_RND,0.001,0.99,mountaincar,dense
7,2902,-200.0,200,11.943148612976074,-1.0,1.216825967276236e-05,0.0,DQN_RND,0.001,0.99,mountaincar,dense
7,2903,-200.0,200,11.622840881347656,-1.0,2.8700234906864353e-05,0.0,DQN_RND,0.001,0.99,mountaincar,dense
7,2904,-200.0,200,14.399070739746094,-1.0,2.4840886908350512e-05,0.0,DQN_RND,0.001,0.99,mountaincar,dense
7,2905,-200.0,200,8.692888259887695,-1.0,3.900135197909549e-05,0.0,DQN_RND,0.001,0.99,mountaincar,dense
7,2906,-200.0,200,8.679107666015625,-1.0,7.999221452337224e-06,0.0,DQN_RND,0.001,0.99,mountaincar,dense
7,2907,-200.0,200,11.764384269714355,-1.0,1.0179830496781506e-05,0.0,DQN_RND,0.001,0.99,mountaincar,dense
7,2908,-200.0,200,17.538562774658203,-1.0,0.0001119816952268593,0.0,DQN_RND,0.001,0.99,mountaincar,dense
7,2909,-200.0,200,3.0504519939422607,-1.0,2.2893613277119584e-05,0.0,DQN_RND,0.001,0.99,mountaincar,dense
7,2910,-200.0,200,17.48952865600586,-1.0,8.60395266499836e-06,0.0,DQN_RND,0.001,0.99,mountaincar,dense
7,2911,-200.0,200,28.583045959472656,-1.0,0.0001373541890643537,0.0,DQN_RND,0.001,0.99,mountaincar,dense
7,2912,-200.0,200,5.781421184539795,-1.0,2.9961247491883114e-05,0.0,DQN_RND,0.001,0.99,mountaincar,dense
7,2913,-200.0,200,2.911670207977295,-1.0,0.0001469286798965186,0.0,DQN_RND,0.001,0.99,mountaincar,dense
7,2914,-200.0,200,3.0038585662841797,-1.0,2.5011668185470626e-05,0.0,DQN_RND,0.001,0.99,mountaincar,dense
7,2915,-200.0,200,26.065631866455078,-1.0,2.345200664422009e-05,0.0,DQN_RND,0.001,0.99,mountaincar,dense
7,2916,-200.0,200,11.845659255981445,-1.0,1.5565005014650524e-05,0.0,DQN_RND,0.001,0.99,mountaincar,dense
7,2917,-200.0,200,14.474959373474121,-1.0,2.8882453989353962e-05,0.0,DQN_RND,0.001,0.99,mountaincar,dense
7,2918,-200.0,200,5.916701793670654,-1.0,1.3252702046884224e-05,0.0,DQN_RND,0.001,0.99,mountaincar,dense
7,2919,-200.0,200,5.807175636291504,-1.0,3.2911408197833225e-05,0.0,DQN_RND,0.001,0.99,mountaincar,dense
7,2920,-200.0,200,20.187583923339844,-1.0,1.4235247363103554e-05,0.0,DQN_RND,0.001,0.99,mountaincar,dense
7,2921,-200.0,200,14.32512092590332,-1.0,1.0476822353666648e-05,0.0,DQN_RND,0.001,0.99,mountaincar,dense
7,2922,-200.0,200,8.634543418884277,-1.0,1.82502390089212e-05,0.0,DQN_RND,0.001,0.99,mountaincar,dense
7,2923,-200.0,200,17.255638122558594,-1.0,2.2101701688370667e-05,0.0,DQN_RND,0.001,0.99,mountaincar,dense
7,2924,-200.0,200,22.207542419433594,-1.0,2.5455748982494697e-05,0.0,DQN_RND,0.001,0.99,mountaincar,dense
7,2925,-200.0,200,16.687286376953125,-1.0,0.0001431022974429652,0.0,DQN_RND,0.001,0.99,mountaincar,dense
7,2926,-200.0,200,10.943422317504883,-1.0,2.019521707552485e-05,0.0,DQN_RND,0.001,0.99,mountaincar,dense
7,2927,-200.0,200,11.21599292755127,-1.0,1.803491250029765e-05,0.0,DQN_RND,0.001,0.99,mountaincar,dense
7,2928,-200.0,200,8.114845275878906,-1.0,4.248211553203873e-05,0.0,DQN_RND,0.001,0.99,mountaincar,dense
7,2929,-200.0,200,11.100549697875977,-1.0,0.00010491927241673693,0.0,DQN_RND,0.001,0.99,mountaincar,dense
7,2930,-200.0,200,5.726494789123535,-1.0,0.0001269151398446411,0.0,DQN_RND,0.001,0.99,mountaincar,dense
7,2931,-200.0,200,14.334537506103516,-1.0,2.9037402782705612e-05,0.0,DQN_RND,0.001,0.99,mountaincar,dense
7,2932,-200.0,200,14.33055305480957,-1.0,4.734169124276377e-05,0.0,DQN_RND,0.001,0.99,mountaincar,dense
7,2933,-200.0,200,14.255516052246094,-1.0,4.250678466632962e-05,0.0,DQN_RND,0.001,0.99,mountaincar,dense
7,2934,-200.0,200,2.8899805545806885,-1.0,1.1158649613207672e-05,0.0,DQN_RND,0.001,0.99,mountaincar,dense
7,2935,-200.0,200,14.49075698852539,-1.0,1.676242936810013e-05,0.0,DQN_RND,0.001,0.99,mountaincar,dense
7,2936,-200.0,200,11.454728126525879,-1.0,2.9622726287925616e-05,0.0,DQN_RND,0.001,0.99,mountaincar,dense
7,2937,-200.0,200,20.145395278930664,-1.0,1.599122697371058e-05,0.0,DQN_RND,0.001,0.99,mountaincar,dense
7,2938,-200.0,200,14.571945190429688,-1.0,1.830026667448692e-05,0.0,DQN_RND,0.001,0.99,mountaincar,dense
7,2939,-200.0,200,11.358448028564453,-1.0,2.1772611944470555e-05,0.0,DQN_RND,0.001,0.99,mountaincar,dense
7,2940,-200.0,200,34.27800369262695,-1.0,2.8367679988150485e-05,0.0,DQN_RND,0.001,0.99,mountaincar,dense
7,2941,-200.0,200,16.350994110107422,-1.0,1.075549971574219e-05,0.0,DQN_RND,0.001,0.99,mountaincar,dense
7,2942,-200.0,200,5.830652236938477,-1.0,0.0001339760929113254,0.0,DQN_RND,0.001,0.99,mountaincar,dense
7,2943,-200.0,200,8.424365043640137,-1.0,3.574932998162694e-05,0.0,DQN_RND,0.001,0.99,mountaincar,dense
7,2944,-200.0,200,8.526607513427734,-1.0,0.00012801251432392746,0.0,DQN_RND,0.001,0.99,mountaincar,dense
7,2945,-200.0,200,5.810133457183838,-1.0,2.2171176169649698e-05,0.0,DQN_RND,0.001,0.99,mountaincar,dense
7,2946,-200.0,200,17.255386352539062,-1.0,1.3216107618063688e-05,0.0,DQN_RND,0.001,0.99,mountaincar,dense
7,2947,-200.0,200,8.758737564086914,-1.0,1.5212328435154632e-05,0.0,DQN_RND,0.001,0.99,mountaincar,dense
7,2948,-200.0,200,3.0669422149658203,-1.0,1.4290279978013132e-05,0.0,DQN_RND,0.001,0.99,mountaincar,dense
7,2949,-200.0,200,8.662214279174805,-1.0,2.359302197874058e-05,0.0,DQN_RND,0.001,0.99,mountaincar,dense
7,2950,-200.0,200,29.267990112304688,-1.0,1.6781259546405636e-05,0.0,DQN_RND,0.001,0.99,mountaincar,dense
7,2951,-200.0,200,12.095049858093262,-1.0,0.0001497910125181079,0.0,DQN_RND,0.001,0.99,mountaincar,dense
7,2952,-200.0,200,17.644615173339844,-1.0,2.344916902075056e-05,0.0,DQN_RND,0.001,0.99,mountaincar,dense
7,2953,-200.0,200,9.076057434082031,-1.0,0.00011570380593184382,0.0,DQN_RND,0.001,0.99,mountaincar,dense
7,2954,-200.0,200,14.92469310760498,-1.0,2.049998329312075e-05,0.0,DQN_RND,0.001,0.99,mountaincar,dense
7,2955,-200.0,200,12.103418350219727,-1.0,1.3334050890989602e-05,0.0,DQN_RND,0.001,0.99,mountaincar,dense
7,2956,-200.0,200,21.21729850769043,-1.0,4.055908357258886e-05,0.0,DQN_RND,0.001,0.99,mountaincar,dense
7,2957,-200.0,200,17.950721740722656,-1.0,1.3642224985233042e-05,0.0,DQN_RND,0.001,0.99,mountaincar,dense
7,2958,-200.0,200,12.323664665222168,-1.0,1.408743264619261e-05,0.0,DQN_RND,0.001,0.99,mountaincar,dense
7,2959,-200.0,200,14.643150329589844,-1.0,1.5842897482798435e-05,0.0,DQN_RND,0.001,0.99,mountaincar,dense
7,2960,-200.0,200,5.794490814208984,-1.0,9.848065383266658e-05,0.0,DQN_RND,0.001,0.99,mountaincar,dense
7,2961,-200.0,200,11.971002578735352,-1.0,0.00013605356798507273,0.0,DQN_RND,0.001,0.99,mountaincar,dense
7,2962,-200.0,200,17.91143035888672,-1.0,7.665595148864668e-06,0.0,DQN_RND,0.001,0.99,mountaincar,dense
7,2963,-200.0,200,14.435781478881836,-1.0,1.4334756997413933e-05,0.0,DQN_RND,0.001,0.99,mountaincar,dense
7,2964,-200.0,200,6.0588860511779785,-1.0,9.79189935605973e-05,0.0,DQN_RND,0.001,0.99,mountaincar,dense
7,2965,-200.0,200,17.672691345214844,-1.0,2.6626372346072458e-05,0.0,DQN_RND,0.001,0.99,mountaincar,dense
7,2966,-200.0,200,27.398622512817383,-1.0,8.570039790356532e-05,0.0,DQN_RND,0.001,0.99,mountaincar,dense
7,2967,-200.0,200,12.00025463104248,-1.0,1.3868001587979961e-05,0.0,DQN_RND,0.001,0.99,mountaincar,dense
7,2968,-200.0,200,11.837789535522461,-1.0,2.7483447411214e-05,0.0,DQN_RND,0.001,0.99,mountaincar,dense
7,2969,-200.0,200,15.130731582641602,-1.0,0.00011815879406640306,0.0,DQN_RND,0.001,0.99,mountaincar,dense
7,2970,-200.0,200,9.013760566711426,-1.0,2.5518296752125025e-05,0.0,DQN_RND,0.001,0.99,mountaincar,dense
7,2971,-200.0,200,23.986583709716797,-1.0,0.00010817631846293807,0.0,DQN_RND,0.001,0.99,mountaincar,dense
7,2972,-200.0,200,12.280512809753418,-1.0,1.414341477357084e-05,0.0,DQN_RND,0.001,0.99,mountaincar,dense
7,2973,-200.0,200,24.26045799255371,-1.0,3.2128893508343026e-05,0.0,DQN_RND,0.001,0.99,mountaincar,dense
7,2974,-200.0,200,24.04091453552246,-1.0,0.0001729839132167399,0.0,DQN_RND,0.001,0.99,mountaincar,dense
7,2975,-200.0,200,24.319368362426758,-1.0,1.2690677067439537e-05,0.0,DQN_RND,0.001,0.99,mountaincar,dense
7,2976,-200.0,200,24.60517692565918,-1.0,1.3590239177574404e-05,0.0,DQN_RND,0.001,0.99,mountaincar,dense
7,2977,-200.0,200,3.0817642211914062,-1.0,1.5077794159878977e-05,0.0,DQN_RND,0.001,0.99,mountaincar,dense
7,2978,-200.0,200,6.227605819702148,-1.0,1.4749530237168074e-05,0.0,DQN_RND,0.001,0.99,mountaincar,dense
7,2979,-200.0,200,8.744047164916992,-1.0,3.941916656913236e-05,0.0,DQN_RND,0.001,0.99,mountaincar,dense
7,2980,-200.0,200,21.238910675048828,-1.0,0.00018156638543587178,0.0,DQN_RND,0.001,0.99,mountaincar,dense
7,2981,-200.0,200,18.10679817199707,-1.0,1.2526548744062893e-05,0.0,DQN_RND,0.001,0.99,mountaincar,dense
7,2982,-200.0,200,11.916338920593262,-1.0,7.308039585041115e-06,0.0,DQN_RND,0.001,0.99,mountaincar,dense
7,2983,-200.0,200,20.89761734008789,-1.0,8.960239210864529e-05,0.0,DQN_RND,0.001,0.99,mountaincar,dense
7,2984,-200.0,200,9.133942604064941,-1.0,0.00015996265574358404,0.0,DQN_RND,0.001,0.99,mountaincar,dense
7,2985,-200.0,200,18.01786231994629,-1.0,2.2140868168207817e-05,0.0,DQN_RND,0.001,0.99,mountaincar,dense
7,2986,-200.0,200,8.035465240478516,-1.0,1.43565421240055e-05,0.0,DQN_RND,0.001,0.99,mountaincar,dense
7,2987,-200.0,200,11.425230979919434,-1.0,9.952374239219353e-05,0.0,DQN_RND,0.001,0.99,mountaincar,dense
7,2988,-200.0,200,8.809502601623535,-1.0,2.528083132347092e-05,0.0,DQN_RND,0.001,0.99,mountaincar,dense
7,2989,-200.0,200,3.004246473312378,-1.0,3.9514263335149735e-05,0.0,DQN_RND,0.001,0.99,mountaincar,dense
7,2990,-200.0,200,2.7560269832611084,-1.0,3.842566002276726e-05,0.0,DQN_RND,0.001,0.99,mountaincar,dense
7,2991,-200.0,200,8.645166397094727,-1.0,9.096839494304731e-05,0.0,DQN_RND,0.001,0.99,mountaincar,dense
7,2992,-200.0,200,14.617450714111328,-1.0,0.00010575434134807438,0.0,DQN_RND,0.001,0.99,mountaincar,dense
7,2993,-200.0,200,11.748332977294922,-1.0,1.2410356248437893e-05,0.0,DQN_RND,0.001,0.99,mountaincar,dense
7,2994,-200.0,200,11.510457038879395,-1.0,1.2391767086228356e-05,0.0,DQN_RND,0.001,0.99,mountaincar,dense
7,2995,-200.0,200,26.086105346679688,-1.0,9.978865273296833e-05,0.0,DQN_RND,0.001,0.99,mountaincar,dense
7,2996,-200.0,200,14.451693534851074,-1.0,0.00015735308988951147,0.0,DQN_RND,0.001,0.99,mountaincar,dense
7,2997,-200.0,200,5.762398719787598,-1.0,0.00014581653522327542,0.0,DQN_RND,0.001,0.99,mountaincar,dense
7,2998,-200.0,200,5.938680171966553,-1.0,0.00015507664647884667,0.0,DQN_RND,0.001,0.99,mountaincar,dense
7,2999,-200.0,200,20.741456985473633,-1.0,1.30551889014896e-05,0.0,DQN_RND,0.001,0.99,mountaincar,dense
7,3000,-200.0,200,14.63176155090332,-1.0,1.8978840671479702e-05,0.0,DQN_RND,0.001,0.99,mountaincar,dense
7,3001,-200.0,200,14.82564640045166,-1.0,1.89206657523755e-05,0.0,DQN_RND,0.001,0.99,mountaincar,dense
7,3002,-200.0,200,11.859317779541016,-1.0,3.25608707498759e-05,0.0,DQN_RND,0.001,0.99,mountaincar,dense
7,3003,-200.0,200,20.01175308227539,-1.0,4.4229298509890214e-05,0.0,DQN_RND,0.001,0.99,mountaincar,dense
7,3004,-200.0,200,8.216705322265625,-1.0,0.00010146076238015667,0.0,DQN_RND,0.001,0.99,mountaincar,dense
7,3005,-200.0,200,22.892852783203125,-1.0,0.00017462956020608544,0.0,DQN_RND,0.001,0.99,mountaincar,dense
7,3006,-200.0,200,8.381739616394043,-1.0,0.00012789262109436095,0.0,DQN_RND,0.001,0.99,mountaincar,dense
7,3007,-200.0,200,16.490283966064453,-1.0,9.930638043442741e-05,0.0,DQN_RND,0.001,0.99,mountaincar,dense
7,3008,-200.0,200,8.472678184509277,-1.0,8.927737508201972e-05,0.0,DQN_RND,0.001,0.99,mountaincar,dense
7,3009,-200.0,200,8.601927757263184,-1.0,0.00011302151688141748,0.0,DQN_RND,0.001,0.99,mountaincar,dense
7,3010,-200.0,200,17.827089309692383,-1.0,1.8240894860355183e-05,0.0,DQN_RND,0.001,0.99,mountaincar,dense
7,3011,-200.0,200,19.696985244750977,-1.0,1.0529474820941687e-05,0.0,DQN_RND,0.001,0.99,mountaincar,dense
7,3012,-200.0,200,26.151573181152344,-1.0,0.00012082983448635787,0.0,DQN_RND,0.001,0.99,mountaincar,dense
7,3013,-200.0,200,14.681366920471191,-1.0,8.686787623446435e-06,0.0,DQN_RND,0.001,0.99,mountaincar,dense
7,3014,-200.0,200,11.761102676391602,-1.0,2.393724389548879e-05,0.0,DQN_RND,0.001,0.99,mountaincar,dense
7,3015,-200.0,200,8.948860168457031,-1.0,0.00016840401804074645,0.0,DQN_RND,0.001,0.99,mountaincar,dense
7,3016,-200.0,200,20.859779357910156,-1.0,1.5471689039259218e-05,0.0,DQN_RND,0.001,0.99,mountaincar,dense
7,3017,-200.0,200,17.820131301879883,-1.0,1.2642582987609785e-05,0.0,DQN_RND,0.001,0.99,mountaincar,dense
7,3018,-200.0,200,11.872102737426758,-1.0,1.8829232431016862e-05,0.0,DQN_RND,0.001,0.99,mountaincar,dense
7,3019,-200.0,200,35.52105712890625,-1.0,1.5338793673436157e-05,0.0,DQN_RND,0.001,0.99,mountaincar,dense
7,3020,-200.0,200,8.993208885192871,-1.0,1.2362723282421939e-05,0.0,DQN_RND,0.001,0.99,mountaincar,dense
7,3021,-200.0,200,18.185739517211914,-1.0,1.4249307241698261e-05,0.0,DQN_RND,0.001,0.99,mountaincar,dense
7,3022,-200.0,200,15.196471214294434,-1.0,2.2987214833847247e-05,0.0,DQN_RND,0.001,0.99,mountaincar,dense
7,3023,-200.0,200,21.40619468688965,-1.0,0.00011136110697407275,0.0,DQN_RND,0.001,0.99,mountaincar,dense
7,3024,-200.0,200,17.520658493041992,-1.0,9.024577593663707e-06,0.0,DQN_RND,0.001,0.99,mountaincar,dense
7,3025,-200.0,200,5.858358383178711,-1.0,4.550582161755301e-05,0.0,DQN_RND,0.001,0.99,mountaincar,dense
7,3026,-200.0,200,17.664291381835938,-1.0,4.6959288738435134e-05,0.0,DQN_RND,0.001,0.99,mountaincar,dense
7,3027,-200.0,200,20.606578826904297,-1.0,1.6340834918082692e-05,0.0,DQN_RND,0.001,0.99,mountaincar,dense
7,3028,-200.0,200,12.093472480773926,-1.0,2.0110923287575133e-05,0.0,DQN_RND,0.001,0.99,mountaincar,dense
7,3029,-200.0,200,6.095385551452637,-1.0,2.01410184672568e-05,0.0,DQN_RND,0.001,0.99,mountaincar,dense
7,3030,-200.0,200,26.783727645874023,-1.0,1.794748823158443e-05,0.0,DQN_RND,0.001,0.99,mountaincar,dense
7,3031,-200.0,200,14.229229927062988,-1.0,1.4082796042202972e-05,0.0,DQN_RND,0.001,0.99,mountaincar,dense
7,3032,-200.0,200,20.554662704467773,-1.0,0.00012347630399744958,0.0,DQN_RND,0.001,0.99,mountaincar,dense
7,3033,-200.0,200,9.041545867919922,-1.0,1.6627978766337037e-05,0.0,DQN_RND,0.001,0.99,mountaincar,dense
7,3034,-200.0,200,23.51095199584961,-1.0,1.3345892512006685e-05,0.0,DQN_RND,0.001,0.99,mountaincar,dense
7,3035,-200.0,200,8.808269500732422,-1.0,0.0001354082050966099,0.0,DQN_RND,0.001,0.99,mountaincar,dense
7,3036,-200.0,200,8.931571960449219,-1.0,0.00016257702372968197,0.0,DQN_RND,0.001,0.99,mountaincar,dense
7,3037,-200.0,200,9.249662399291992,-1.0,8.001694368431345e-05,0.0,DQN_RND,0.001,0.99,mountaincar,dense
7,3038,-200.0,200,29.923120498657227,-1.0,4.0344399167224765e-05,0.0,DQN_RND,0.001,0.99,mountaincar,dense
7,3039,-200.0,200,20.26078224182129,-1.0,3.107638985966332e-05,0.0,DQN_RND,0.001,0.99,mountaincar,dense
7,3040,-200.0,200,8.684032440185547,-1.0,0.00011081208504037932,0.0,DQN_RND,0.001,0.99,mountaincar,dense
7,3041,-200.0,200,6.0828680992126465,-1.0,0.0001311197702307254,0.0,DQN_RND,0.001,0.99,mountaincar,dense
7,3042,-200.0,200,12.330801010131836,-1.0,1.33684206957696e-05,0.0,DQN_RND,0.001,0.99,mountaincar,dense
7,3043,-200.0,200,15.02590560913086,-1.0,3.932802064809948e-05,0.0,DQN_RND,0.001,0.99,mountaincar,dense
7,3044,-200.0,200,12.360639572143555,-1.0,0.000142074262839742,0.0,DQN_RND,0.001,0.99,mountaincar,dense
7,3045,-200.0,200,15.462329864501953,-1.0,3.6256005842005834e-05,0.0,DQN_RND,0.001,0.99,mountaincar,dense
7,3046,-200.0,200,8.760963439941406,-1.0,1.1013115909008775e-05,0.0,DQN_RND,0.001,0.99,mountaincar,dense
7,3047,-200.0,200,15.057416915893555,-1.0,1.2874562344222795e-05,0.0,DQN_RND,0.001,0.99,mountaincar,dense
7,3048,-200.0,200,14.686607360839844,-1.0,1.5785421055625193e-05,0.0,DQN_RND,0.001,0.99,mountaincar,dense
7,3049,-200.0,200,23.940542221069336,-1.0,2.0184070308459923e-05,0.0,DQN_RND,0.001,0.99,mountaincar,dense
7,3050,-200.0,200,17.88096809387207,-1.0,0.00010696859681047499,0.0,DQN_RND,0.001,0.99,mountaincar,dense
7,3051,-200.0,200,21.049354553222656,-1.0,0.00017718219896778464,0.0,DQN_RND,0.001,0.99,mountaincar,dense
7,3052,-200.0,200,15.410276412963867,-1.0,0.00013154778571333736,0.0,DQN_RND,0.001,0.99,mountaincar,dense
7,3053,-200.0,200,9.183464050292969,-1.0,2.1013591322116554e-05,0.0,DQN_RND,0.001,0.99,mountaincar,dense
7,3054,-200.0,200,14.693696022033691,-1.0,2.0712424884550273e-05,0.0,DQN_RND,0.001,0.99,mountaincar,dense
7,3055,-200.0,200,11.671039581298828,-1.0,7.528951755375601e-06,0.0,DQN_RND,0.001,0.99,mountaincar,dense
7,3056,-200.0,200,18.344154357910156,-1.0,9.238663187716156e-05,0.0,DQN_RND,0.001,0.99,mountaincar,dense
7,3057,-200.0,200,3.0850019454956055,-1.0,1.865484591689892e-05,0.0,DQN_RND,0.001,0.99,mountaincar,dense
7,3058,-200.0,200,8.889235496520996,-1.0,1.1700356481014751e-05,0.0,DQN_RND,0.001,0.99,mountaincar,dense
7,3059,-200.0,200,18.397064208984375,-1.0,0.00017871880845632404,0.0,DQN_RND,0.001,0.99,mountaincar,dense
7,3060,-200.0,200,6.3517045974731445,-1.0,3.428410127526149e-05,0.0,DQN_RND,0.001,0.99,mountaincar,dense
7,3061,-200.0,200,18.721271514892578,-1.0,1.4080803339311387e-05,0.0,DQN_RND,0.001,0.99,mountaincar,dense
7,3062,-200.0,200,20.800695419311523,-1.0,1.2105693713237997e-05,0.0,DQN_RND,0.001,0.99,mountaincar,dense
7,3063,-200.0,200,24.77440643310547,-1.0,0.00011511869524838403,0.0,DQN_RND,0.001,0.99,mountaincar,dense
7,3064,-200.0,200,18.79055404663086,-1.0,2.5490848202025518e-05,0.0,DQN_RND,0.001,0.99,mountaincar,dense
7,3065,-200.0,200,9.148246765136719,-1.0,1.2175894880783744e-05,0.0,DQN_RND,0.001,0.99,mountaincar,dense
7,3066,-200.0,200,15.38218879699707,-1.0,1.8580638425191864e-05,0.0,DQN_RND,0.001,0.99,mountaincar,dense
7,3067,-200.0,200,12.077801704406738,-1.0,9.40338140935637e-05,0.0,DQN_RND,0.001,0.99,mountaincar,dense
7,3068,-200.0,200,15.92496109008789,-1.0,0.0001247639156645164,0.0,DQN_RND,0.001,0.99,mountaincar,dense
7,3069,-200.0,200,21.878307342529297,-1.0,1.3583335203293245e-05,0.0,DQN_RND,0.001,0.99,mountaincar,dense
7,3070,-200.0,200,19.109027862548828,-1.0,2.2893151253811084e-05,0.0,DQN_RND,0.001,0.99,mountaincar,dense
7,3071,-200.0,200,21.338855743408203,-1.0,4.01192155550234e-05,0.0,DQN_RND,0.001,0.99,mountaincar,dense
7,3072,-200.0,200,12.36490249633789,-1.0,4.588628144119866e-05,0.0,DQN_RND,0.001,0.99,mountaincar,dense
7,3073,-200.0,200,9.00029468536377,-1.0,1.3197718544688541e-05,0.0,DQN_RND,0.001,0.99,mountaincar,dense
7,3074,-200.0,200,18.158756256103516,-1.0,1.8244456441607326e-05,0.0,DQN_RND,0.001,0.99,mountaincar,dense
7,3075,-200.0,200,17.954185485839844,-1.0,1.6591789972153492e-05,0.0,DQN_RND,0.001,0.99,mountaincar,dense
7,3076,-200.0,200,17.990375518798828,-1.0,0.00010776869748951867,0.0,DQN_RND,0.001,0.99,mountaincar,dense
7,3077,-200.0,200,9.555441856384277,-1.0,0.00014759294572286308,0.0,DQN_RND,0.001,0.99,mountaincar,dense
7,3078,-200.0,200,21.644590377807617,-1.0,9.624105587136e-06,0.0,DQN_RND,0.001,0.99,mountaincar,dense
7,3079,-200.0,200,14.775726318359375,-1.0,2.746734935499262e-05,0.0,DQN_RND,0.001,0.99,mountaincar,dense
7,3080,-200.0,200,6.012077331542969,-1.0,1.054916992870858e-05,0.0,DQN_RND,0.001,0.99,mountaincar,dense
7,3081,-200.0,200,18.208200454711914,-1.0,0.00011955130321439356,0.0,DQN_RND,0.001,0.99,mountaincar,dense
7,3082,-200.0,200,2.9621829986572266,-1.0,9.332980698673055e-05,0.0,DQN_RND,0.001,0.99,mountaincar,dense
7,3083,-200.0,200,15.072023391723633,-1.0,0.00012836042151320726,0.0,DQN_RND,0.001,0.99,mountaincar,dense
7,3084,-200.0,200,31.23407745361328,-1.0,0.00012092964607290924,0.0,DQN_RND,0.001,0.99,mountaincar,dense
7,3085,-200.0,200,24.539230346679688,-1.0,1.4943836504244246e-05,0.0,DQN_RND,0.001,0.99,mountaincar,dense
7,3086,-200.0,200,12.392900466918945,-1.0,2.0214192772982642e-05,0.0,DQN_RND,0.001,0.99,mountaincar,dense
7,3087,-200.0,200,12.295624732971191,-1.0,5.392809180193581e-05,0.0,DQN_RND,0.001,0.99,mountaincar,dense
7,3088,-200.0,200,18.5998477935791,-1.0,2.1048434064141475e-05,0.0,DQN_RND,0.001,0.99,mountaincar,dense
7,3089,-200.0,200,21.397249221801758,-1.0,2.709221007535234e-05,0.0,DQN_RND,0.001,0.99,mountaincar,dense
7,3090,-200.0,200,15.482028007507324,-1.0,0.00011658453149721026,0.0,DQN_RND,0.001,0.99,mountaincar,dense
7,3091,-200.0,200,12.895143508911133,-1.0,1.356837401544908e-05,0.0,DQN_RND,0.001,0.99,mountaincar,dense
7,3092,-200.0,200,22.1801700592041,-1.0,2.5235409339074977e-05,0.0,DQN_RND,0.001,0.99,mountaincar,dense
7,3093,-200.0,200,15.76462173461914,-1.0,2.8970234779990278e-05,0.0,DQN_RND,0.001,0.99,mountaincar,dense
7,3094,-200.0,200,21.99009132385254,-1.0,0.0001520516671007499,0.0,DQN_RND,0.001,0.99,mountaincar,dense
7,3095,-200.0,200,31.344573974609375,-1.0,1.7576507161720656e-05,0.0,DQN_RND,0.001,0.99,mountaincar,dense
7,3096,-200.0,200,12.782651901245117,-1.0,1.1664707017189357e-05,0.0,DQN_RND,0.001,0.99,mountaincar,dense
7,3097,-200.0,200,15.828365325927734,-1.0,5.695696745533496e-05,0.0,DQN_RND,0.001,0.99,mountaincar,dense
7,3098,-200.0,200,9.42459487915039,-1.0,9.400309863849543e-06,0.0,DQN_RND,0.001,0.99,mountaincar,dense
7,3099,-200.0,200,21.77314567565918,-1.0,1.1257743608439341e-05,0.0,DQN_RND,0.001,0.99,mountaincar,dense
7,3100,-200.0,200,6.406595706939697,-1.0,0.00010507222032174468,0.0,DQN_RND,0.001,0.99,mountaincar,dense
7,3101,-200.0,200,34.96806335449219,-1.0,1.0999264304700773e-05,0.0,DQN_RND,0.001,0.99,mountaincar,dense
7,3102,-200.0,200,16.32358169555664,-1.0,5.355973553378135e-05,0.0,DQN_RND,0.001,0.99,mountaincar,dense
7,3103,-200.0,200,3.1578879356384277,-1.0,1.1941860975639429e-05,0.0,DQN_RND,0.001,0.99,mountaincar,dense
7,3104,-200.0,200,32.207366943359375,-1.0,0.00010579863010207191,0.0,DQN_RND,0.001,0.99,mountaincar,dense
7,3105,-200.0,200,6.124248027801514,-1.0,1.3877805031370372e-05,0.0,DQN_RND,0.001,0.99,mountaincar,dense
7,3106,-200.0,200,25.71792984008789,-1.0,0.0001746127672959119,0.0,DQN_RND,0.001,0.99,mountaincar,dense
7,3107,-200.0,200,16.18381118774414,-1.0,1.084386803995585e-05,0.0,DQN_RND,0.001,0.99,mountaincar,dense
7,3108,-200.0,200,16.211462020874023,-1.0,1.9483741198200732e-05,0.0,DQN_RND,0.001,0.99,mountaincar,dense
7,3109,-200.0,200,22.730159759521484,-1.0,1.3673417015525047e-05,0.0,DQN_RND,0.001,0.99,mountaincar,dense
7,3110,-200.0,200,19.18370246887207,-1.0,1.1887212167493999e-05,0.0,DQN_RND,0.001,0.99,mountaincar,dense
7,3111,-200.0,200,35.376583099365234,-1.0,1.7124219084507786e-05,0.0,DQN_RND,0.001,0.99,mountaincar,dense
7,3112,-200.0,200,16.41220474243164,-1.0,0.00014174396346788853,0.0,DQN_RND,0.001,0.99,mountaincar,dense
7,3113,-200.0,200,13.240339279174805,-1.0,1.4397208360605873e-05,0.0,DQN_RND,0.001,0.99,mountaincar,dense
7,3114,-200.0,200,19.576814651489258,-1.0,1.3190934623708017e-05,0.0,DQN_RND,0.001,0.99,mountaincar,dense
7,3115,-200.0,200,28.445281982421875,-1.0,3.4606880944920704e-05,0.0,DQN_RND,0.001,0.99,mountaincar,dense
7,3116,-200.0,200,15.59346866607666,-1.0,1.2370039257803e-05,0.0,DQN_RND,0.001,0.99,mountaincar,dense
7,3117,-200.0,200,12.437318801879883,-1.0,9.183100337395445e-05,0.0,DQN_RND,0.001,0.99,mountaincar,dense
7,3118,-200.0,200,19.16227912902832,-1.0,9.530182433081791e-05,0.0,DQN_RND,0.001,0.99,mountaincar,dense
7,3119,-200.0,200,12.688599586486816,-1.0,1.3561666492023505e-05,0.0,DQN_RND,0.001,0.99,mountaincar,dense
7,3120,-200.0,200,12.454995155334473,-1.0,1.8217575416201726e-05,0.0,DQN_RND,0.001,0.99,mountaincar,dense
7,3121,-200.0,200,6.574839115142822,-1.0,1.3752530321653467e-05,0.0,DQN_RND,0.001,0.99,mountaincar,dense
7,3122,-200.0,200,22.80448341369629,-1.0,3.838726843241602e-05,0.0,DQN_RND,0.001,0.99,mountaincar,dense
7,3123,-200.0,200,37.76552963256836,-1.0,0.00016893386782612652,0.0,DQN_RND,0.001,0.99,mountaincar,dense
7,3124,-200.0,200,9.070230484008789,-1.0,1.2914338185510132e-05,0.0,DQN_RND,0.001,0.99,mountaincar,dense
7,3125,-200.0,200,30.514259338378906,-1.0,9.026946645462885e-05,0.0,DQN_RND,0.001,0.99,mountaincar,dense
7,3126,-200.0,200,9.139541625976562,-1.0,0.00015820792759768665,0.0,DQN_RND,0.001,0.99,mountaincar,dense
7,3127,-200.0,200,9.174875259399414,-1.0,1.0712329640227836e-05,0.0,DQN_RND,0.001,0.99,mountaincar,dense
7,3128,-200.0,200,12.525129318237305,-1.0,1.0326802112103906e-05,0.0,DQN_RND,0.001,0.99,mountaincar,dense
7,3129,-200.0,200,15.859025001525879,-1.0,1.4695538084197324e-05,0.0,DQN_RND,0.001,0.99,mountaincar,dense
7,3130,-200.0,200,22.142349243164062,-1.0,8.936588528740685e-06,0.0,DQN_RND,0.001,0.99,mountaincar,dense
7,3131,-200.0,200,15.567975997924805,-1.0,1.125468043028377e-05,0.0,DQN_RND,0.001,0.99,mountaincar,dense
7,3132,-200.0,200,12.567662239074707,-1.0,3.137968815281056e-05,0.0,DQN_RND,0.001,0.99,mountaincar,dense
7,3133,-200.0,200,22.367820739746094,-1.0,4.300178261473775e-05,0.0,DQN_RND,0.001,0.99,mountaincar,dense
7,3134,-200.0,200,12.517535209655762,-1.0,2.3668491849093698e-05,0.0,DQN_RND,0.001,0.99,mountaincar,dense
7,3135,-200.0,200,15.150800704956055,-1.0,3.088528319494799e-05,0.0,DQN_RND,0.001,0.99,mountaincar,dense
7,3136,-200.0,200,17.774276733398438,-1.0,0.00012920457811560482,0.0,DQN_RND,0.001,0.99,mountaincar,dense
7,3137,-200.0,200,5.952657699584961,-1.0,8.923651330405846e-05,0.0,DQN_RND,0.001,0.99,mountaincar,dense
7,3138,-200.0,200,18.609888076782227,-1.0,0.00017555203521624207,0.0,DQN_RND,0.001,0.99,mountaincar,dense
7,3139,-200.0,200,21.53384017944336,-1.0,1.8916391127277166e-05,0.0,DQN_RND,0.001,0.99,mountaincar,dense
7,3140,-200.0,200,12.59997272491455,-1.0,2.1489599021151662e-05,0.0,DQN_RND,0.001,0.99,mountaincar,dense
7,3141,-200.0,200,15.141834259033203,-1.0,9.13151689019287e-06,0.0,DQN_RND,0.001,0.99,mountaincar,dense
7,3142,-200.0,200,9.24960994720459,-1.0,1.3467938515532296e-05,0.0,DQN_RND,0.001,0.99,mountaincar,dense
7,3143,-200.0,200,12.15245246887207,-1.0,3.921434108633548e-05,0.0,DQN_RND,0.001,0.99,mountaincar,dense
7,3144,-200.0,200,17.931730270385742,-1.0,0.00010588666191324592,0.0,DQN_RND,0.001,0.99,mountaincar,dense
7,3145,-200.0,200,9.00723934173584,-1.0,1.6197542208828963e-05,0.0,DQN_RND,0.001,0.99,mountaincar,dense
7,3146,-200.0,200,15.084096908569336,-1.0,1.5808742318768054e-05,0.0,DQN_RND,0.001,0.99,mountaincar,dense
7,3147,-200.0,200,8.760647773742676,-1.0,1.0811655556608457e-05,0.0,DQN_RND,0.001,0.99,mountaincar,dense
7,3148,-200.0,200,23.3177547454834,-1.0,9.641829819884151e-05,0.0,DQN_RND,0.001,0.99,mountaincar,dense
7,3149,-200.0,200,17.69017791748047,-1.0,8.978815458249301e-05,0.0,DQN_RND,0.001,0.99,mountaincar,dense
7,3150,-200.0,200,3.006885528564453,-1.0,1.1514450307004154e-05,0.0,DQN_RND,0.001,0.99,mountaincar,dense
7,3151,-200.0,200,15.278379440307617,-1.0,1.0224963261862285e-05,0.0,DQN_RND,0.001,0.99,mountaincar,dense
7,3152,-200.0,200,15.175180435180664,-1.0,1.1297212950012181e-05,0.0,DQN_RND,0.001,0.99,mountaincar,dense
7,3153,-200.0,200,15.481637954711914,-1.0,1.0538431524764746e-05,0.0,DQN_RND,0.001,0.99,mountaincar,dense
7,3154,-200.0,200,17.496580123901367,-1.0,1.2265439181646798e-05,0.0,DQN_RND,0.001,0.99,mountaincar,dense
7,3155,-200.0,200,2.940746784210205,-1.0,1.7785969248507172e-05,0.0,DQN_RND,0.001,0.99,mountaincar,dense
7,3156,-200.0,200,11.998018264770508,-1.0,7.545881817350164e-05,0.0,DQN_RND,0.001,0.99,mountaincar,dense
7,3157,-200.0,200,15.272578239440918,-1.0,0.00010300643771188334,0.0,DQN_RND,0.001,0.99,mountaincar,dense
7,3158,-200.0,200,15.28174877166748,-1.0,1.0744398423412349e-05,0.0,DQN_RND,0.001,0.99,mountaincar,dense
7,3159,-200.0,200,15.307160377502441,-1.0,1.0249042134091724e-05,0.0,DQN_RND,0.001,0.99,mountaincar,dense
7,3160,-200.0,200,15.526610374450684,-1.0,1.9555191101972014e-05,0.0,DQN_RND,0.001,0.99,mountaincar,dense
7,3161,-200.0,200,6.271786689758301,-1.0,2.377806231379509e-05,0.0,DQN_RND,0.001,0.99,mountaincar,dense
7,3162,-200.0,200,24.729944229125977,-1.0,1.8222603102913126e-05,0.0,DQN_RND,0.001,0.99,mountaincar,dense
7,3163,-200.0,200,18.024675369262695,-1.0,1.2099104424123652e-05,0.0,DQN_RND,0.001,0.99,mountaincar,dense
7,3164,-200.0,200,9.157405853271484,-1.0,0.0001472180156270042,0.0,DQN_RND,0.001,0.99,mountaincar,dense
7,3165,-200.0,200,6.292046546936035,-1.0,0.00015044797328300774,0.0,DQN_RND,0.001,0.99,mountaincar,dense
7,3166,-200.0,200,21.47846031188965,-1.0,1.069504378392594e-05,0.0,DQN_RND,0.001,0.99,mountaincar,dense
7,3167,-200.0,200,6.126221656799316,-1.0,1.1479008207970764e-05,0.0,DQN_RND,0.001,0.99,mountaincar,dense
7,3168,-200.0,200,15.449750900268555,-1.0,9.603551734471694e-05,0.0,DQN_RND,0.001,0.99,mountaincar,dense
7,3169,-200.0,200,18.028942108154297,-1.0,9.460227374802344e-06,0.0,DQN_RND,0.001,0.99,mountaincar,dense
7,3170,-200.0,200,17.983142852783203,-1.0,0.0001720349391689524,0.0,DQN_RND,0.001,0.99,mountaincar,dense
7,3171,-200.0,200,9.245613098144531,-1.0,0.00011508531315485016,0.0,DQN_RND,0.001,0.99,mountaincar,dense
7,3172,-200.0,200,12.026792526245117,-1.0,9.352222696179524e-05,0.0,DQN_RND,0.001,0.99,mountaincar,dense
7,3173,-200.0,200,9.338741302490234,-1.0,2.2706330128130503e-05,0.0,DQN_RND,0.001,0.99,mountaincar,dense
7,3174,-200.0,200,24.344623565673828,-1.0,1.2622447684407234e-05,0.0,DQN_RND,0.001,0.99,mountaincar,dense
7,3175,-200.0,200,21.931703567504883,-1.0,1.2386735761538148e-05,0.0,DQN_RND,0.001,0.99,mountaincar,dense
7,3176,-200.0,200,9.293463706970215,-1.0,2.1741550881415606e-05,0.0,DQN_RND,0.001,0.99,mountaincar,dense
7,3177,-200.0,200,6.369327068328857,-1.0,8.831187733449042e-05,0.0,DQN_RND,0.001,0.99,mountaincar,dense
7,3178,-200.0,200,9.023364067077637,-1.0,1.3802529792883433e-05,0.0,DQN_RND,0.001,0.99,mountaincar,dense
7,3179,-200.0,200,15.463621139526367,-1.0,2.0484299966483377e-05,0.0,DQN_RND,0.001,0.99,mountaincar,dense
7,3180,-200.0,200,15.567731857299805,-1.0,2.2498807084048167e-05,0.0,DQN_RND,0.001,0.99,mountaincar,dense
7,3181,-200.0,200,6.27234411239624,-1.0,3.2397474569734186e-05,0.0,DQN_RND,0.001,0.99,mountaincar,dense
7,3182,-200.0,200,16.336002349853516,-1.0,1.12348434413434e-05,0.0,DQN_RND,0.001,0.99,mountaincar,dense
7,3183,-200.0,200,16.113527297973633,-1.0,1.593122760823462e-05,0.0,DQN_RND,0.001,0.99,mountaincar,dense
7,3184,-200.0,200,12.408651351928711,-1.0,2.1865746020921506e-05,0.0,DQN_RND,0.001,0.99,mountaincar,dense
7,3185,-200.0,200,15.989893913269043,-1.0,1.1733113751688506e-05,0.0,DQN_RND,0.001,0.99,mountaincar,dense
7,3186,-200.0,200,25.11661720275879,-1.0,2.6690433514886536e-05,0.0,DQN_RND,0.001,0.99,mountaincar,dense
7,3187,-200.0,200,3.196779727935791,-1.0,5.207586946198717e-05,0.0,DQN_RND,0.001,0.99,mountaincar,dense
7,3188,-200.0,200,21.14982795715332,-1.0,1.4132732758298516e-05,0.0,DQN_RND,0.001,0.99,mountaincar,dense
7,3189,-200.0,200,28.781042098999023,-1.0,1.0131608178198803e-05,0.0,DQN_RND,0.001,0.99,mountaincar,dense
7,3190,-200.0,200,18.617326736450195,-1.0,3.364776785019785e-05,0.0,DQN_RND,0.001,0.99,mountaincar,dense
7,3191,-200.0,200,18.238313674926758,-1.0,1.3195429346524179e-05,0.0,DQN_RND,0.001,0.99,mountaincar,dense
7,3192,-200.0,200,28.53156280517578,-1.0,0.00015273934695869684,0.0,DQN_RND,0.001,0.99,mountaincar,dense
7,3193,-200.0,200,15.245389938354492,-1.0,1.5984607671271078e-05,0.0,DQN_RND,0.001,0.99,mountaincar,dense
7,3194,-200.0,200,6.092130661010742,-1.0,8.115822856780142e-05,0.0,DQN_RND,0.001,0.99,mountaincar,dense
7,3195,-200.0,200,21.966203689575195,-1.0,0.0001481579674873501,0.0,DQN_RND,0.001,0.99,mountaincar,dense
7,3196,-200.0,200,9.224886894226074,-1.0,0.00016456746379844844,0.0,DQN_RND,0.001,0.99,mountaincar,dense
7,3197,-200.0,200,15.705885887145996,-1.0,8.069782052189112e-05,0.0,DQN_RND,0.001,0.99,mountaincar,dense
7,3198,-200.0,200,28.646671295166016,-1.0,0.00017192303494084626,0.0,DQN_RND,0.001,0.99,mountaincar,dense
7,3199,-200.0,200,22.164226531982422,-1.0,2.2546411855728365e-05,0.0,DQN_RND,0.001,0.99,mountaincar,dense
7,3200,-200.0,200,12.690725326538086,-1.0,4.630136754713021e-05,0.0,DQN_RND,0.001,0.99,mountaincar,dense
7,3201,-200.0,200,15.923715591430664,-1.0,2.874187339330092e-05,0.0,DQN_RND,0.001,0.99,mountaincar,dense
7,3202,-200.0,200,28.15553092956543,-1.0,1.1219161933695432e-05,0.0,DQN_RND,0.001,0.99,mountaincar,dense
7,3203,-200.0,200,6.429845809936523,-1.0,1.1634648217295762e-05,0.0,DQN_RND,0.001,0.99,mountaincar,dense
7,3204,-200.0,200,15.955289840698242,-1.0,1.4077194464334752e-05,0.0,DQN_RND,0.001,0.99,mountaincar,dense
7,3205,-200.0,200,12.72745132446289,-1.0,1.0436800948809832e-05,0.0,DQN_RND,0.001,0.99,mountaincar,dense
7,3206,-200.0,200,9.469196319580078,-1.0,9.82508481683908e-06,0.0,DQN_RND,0.001,0.99,mountaincar,dense
7,3207,-200.0,200,37.096126556396484,-1.0,9.80148688540794e-05,0.0,DQN_RND,0.001,0.99,mountaincar,dense
7,3208,-200.0,200,27.56946563720703,-1.0,1.2101516404072754e-05,0.0,DQN_RND,0.001,0.99,mountaincar,dense
7,3209,-200.0,200,27.42729377746582,-1.0,2.1372459741542116e-05,0.0,DQN_RND,0.001,0.99,mountaincar,dense
7,3210,-200.0,200,23.887569427490234,-1.0,5.501349369296804e-05,0.0,DQN_RND,0.001,0.99,mountaincar,dense
7,3211,-200.0,200,11.920944213867188,-1.0,7.713918603258207e-05,0.0,DQN_RND,0.001,0.99,mountaincar,dense
7,3212,-200.0,200,11.82735538482666,-1.0,8.493389032082632e-05,0.0,DQN_RND,0.001,0.99,mountaincar,dense
7,3213,-200.0,200,12.097052574157715,-1.0,1.0633591045916546e-05,0.0,DQN_RND,0.001,0.99,mountaincar,dense
7,3214,-200.0,200,6.192911148071289,-1.0,9.750325261848047e-06,0.0,DQN_RND,0.001,0.99,mountaincar,dense
7,3215,-200.0,200,15.252120971679688,-1.0,1.7882577594718896e-05,0.0,DQN_RND,0.001,0.99,mountaincar,dense
7,3216,-200.0,200,17.867937088012695,-1.0,0.00015392698696814477,0.0,DQN_RND,0.001,0.99,mountaincar,dense
7,3217,-200.0,200,20.92717742919922,-1.0,8.758708281675354e-05,0.0,DQN_RND,0.001,0.99,mountaincar,dense
7,3218,-200.0,200,19.95905303955078,-1.0,1.1741162779799197e-05,0.0,DQN_RND,0.001,0.99,mountaincar,dense
7,3219,-200.0,200,11.51074504852295,-1.0,0.00010906555689871311,0.0,DQN_RND,0.001,0.99,mountaincar,dense
7,3220,-200.0,200,5.705901622772217,-1.0,0.00014727780944667757,0.0,DQN_RND,0.001,0.99,mountaincar,dense
7,3221,-200.0,200,11.566563606262207,-1.0,0.00010819729504873976,0.0,DQN_RND,0.001,0.99,mountaincar,dense
7,3222,-200.0,200,26.069337844848633,-1.0,0.00010699339327402413,0.0,DQN_RND,0.001,0.99,mountaincar,dense
7,3223,-200.0,200,20.34579086303711,-1.0,1.3687725186173338e-05,0.0,DQN_RND,0.001,0.99,mountaincar,dense
7,3224,-200.0,200,14.289470672607422,-1.0,1.1988665391982067e-05,0.0,DQN_RND,0.001,0.99,mountaincar,dense
7,3225,-200.0,200,19.97962760925293,-1.0,3.897246642736718e-05,0.0,DQN_RND,0.001,0.99,mountaincar,dense
7,3226,-200.0,200,22.019100189208984,-1.0,3.458897117525339e-05,0.0,DQN_RND,0.001,0.99,mountaincar,dense
7,3227,-200.0,200,11.09869384765625,-1.0,2.3826025426387787e-05,0.0,DQN_RND,0.001,0.99,mountaincar,dense
7,3228,-200.0,200,22.229684829711914,-1.0,0.00016392761608585715,0.0,DQN_RND,0.001,0.99,mountaincar,dense
7,3229,-200.0,200,27.448223114013672,-1.0,1.445061934646219e-05,0.0,DQN_RND,0.001,0.99,mountaincar,dense
7,3230,-200.0,200,14.060088157653809,-1.0,1.1570234164537396e-05,0.0,DQN_RND,0.001,0.99,mountaincar,dense
7,3231,-200.0,200,14.181026458740234,-1.0,0.00012647414405364543,0.0,DQN_RND,0.001,0.99,mountaincar,dense
7,3232,-200.0,200,19.24551010131836,-1.0,1.1022036233043764e-05,0.0,DQN_RND,0.001,0.99,mountaincar,dense
7,3233,-200.0,200,20.17576026916504,-1.0,9.807209426071495e-05,0.0,DQN_RND,0.001,0.99,mountaincar,dense
7,3234,-200.0,200,17.289960861206055,-1.0,1.1242472282901872e-05,0.0,DQN_RND,0.001,0.99,mountaincar,dense
7,3235,-200.0,200,3.0232088565826416,-1.0,2.7085879992228e-05,0.0,DQN_RND,0.001,0.99,mountaincar,dense
7,3236,-200.0,200,5.463769435882568,-1.0,1.460404928366188e-05,0.0,DQN_RND,0.001,0.99,mountaincar,dense
7,3237,-200.0,200,34.363956451416016,-1.0,0.0001311635714955628,0.0,DQN_RND,0.001,0.99,mountaincar,dense
7,3238,-200.0,200,2.8020553588867188,-1.0,4.16943512391299e-05,0.0,DQN_RND,0.001,0.99,mountaincar,dense
7,3239,-200.0,200,11.630495071411133,-1.0,0.00010799348820000887,0.0,DQN_RND,0.001,0.99,mountaincar,dense
7,3240,-200.0,200,23.159103393554688,-1.0,9.73613259702688e-06,0.0,DQN_RND,0.001,0.99,mountaincar,dense
7,3241,-200.0,200,22.838130950927734,-1.0,0.0001150109019363299,0.0,DQN_RND,0.001,0.99,mountaincar,dense
7,3242,-200.0,200,17.066734313964844,-1.0,0.00013648997992277145,0.0,DQN_RND,0.001,0.99,mountaincar,dense
7,3243,-200.0,200,17.646495819091797,-1.0,2.2165331756696105e-05,0.0,DQN_RND,0.001,0.99,mountaincar,dense
7,3244,-200.0,200,20.537858963012695,-1.0,1.2242746379342861e-05,0.0,DQN_RND,0.001,0.99,mountaincar,dense
7,3245,-200.0,200,8.75900936126709,-1.0,9.781474545889068e-06,0.0,DQN_RND,0.001,0.99,mountaincar,dense
7,3246,-200.0,200,8.921865463256836,-1.0,1.7075424693757668e-05,0.0,DQN_RND,0.001,0.99,mountaincar,dense
7,3247,-200.0,200,14.789649963378906,-1.0,5.186165071791038e-05,0.0,DQN_RND,0.001,0.99,mountaincar,dense
7,3248,-200.0,200,20.623531341552734,-1.0,1.2691611118498258e-05,0.0,DQN_RND,0.001,0.99,mountaincar,dense
7,3249,-200.0,200,5.8476057052612305,-1.0,9.895406947180163e-06,0.0,DQN_RND,0.001,0.99,mountaincar,dense
7,3250,-200.0,200,11.592543601989746,-1.0,9.819488695939071e-06,0.0,DQN_RND,0.001,0.99,mountaincar,dense
7,3251,-200.0,200,8.669282913208008,-1.0,0.00015136739239096642,0.0,DQN_RND,0.001,0.99,mountaincar,dense
7,3252,-200.0,200,8.845709800720215,-1.0,2.1609697796520777e-05,0.0,DQN_RND,0.001,0.99,mountaincar,dense
7,3253,-200.0,200,14.158058166503906,-1.0,7.708212797297165e-05,0.0,DQN_RND,0.001,0.99,mountaincar,dense
7,3254,-200.0,200,25.138530731201172,-1.0,0.00012349654571153224,0.0,DQN_RND,0.001,0.99,mountaincar,dense
7,3255,-200.0,200,25.531009674072266,-1.0,0.0001632651110412553,0.0,DQN_RND,0.001,0.99,mountaincar,dense
7,3256,-200.0,200,18.77601432800293,-1.0,8.966428140411153e-05,0.0,DQN_RND,0.001,0.99,mountaincar,dense
7,3257,-200.0,200,11.510241508483887,-1.0,0.00012332110782153904,0.0,DQN_RND,0.001,0.99,mountaincar,dense
7,3258,-200.0,200,28.485549926757812,-1.0,9.458787644689437e-06,0.0,DQN_RND,0.001,0.99,mountaincar,dense
7,3259,-200.0,200,11.386804580688477,-1.0,3.866002953145653e-05,0.0,DQN_RND,0.001,0.99,mountaincar,dense
7,3260,-200.0,200,5.858523368835449,-1.0,2.2814325348008424e-05,0.0,DQN_RND,0.001,0.99,mountaincar,dense
7,3261,-200.0,200,13.985278129577637,-1.0,1.3464177754940465e-05,0.0,DQN_RND,0.001,0.99,mountaincar,dense
7,3262,-200.0,200,16.919891357421875,-1.0,1.0235161425953265e-05,0.0,DQN_RND,0.001,0.99,mountaincar,dense
7,3263,-200.0,200,17.470264434814453,-1.0,4.90118472953327e-05,0.0,DQN_RND,0.001,0.99,mountaincar,dense
7,3264,-200.0,200,14.817648887634277,-1.0,4.5778451749356464e-05,0.0,DQN_RND,0.001,0.99,mountaincar,dense
7,3265,-200.0,200,8.752913475036621,-1.0,1.4435073353524785e-05,0.0,DQN_RND,0.001,0.99,mountaincar,dense
7,3266,-200.0,200,6.100381374359131,-1.0,1.6614123524050228e-05,0.0,DQN_RND,0.001,0.99,mountaincar,dense
7,3267,-200.0,200,8.46084213256836,-1.0,4.3818501580972224e-05,0.0,DQN_RND,0.001,0.99,mountaincar,dense
7,3268,-200.0,200,31.817426681518555,-1.0,1.108959531848086e-05,0.0,DQN_RND,0.001,0.99,mountaincar,dense
7,3269,-200.0,200,5.459850788116455,-1.0,1.855882328527514e-05,0.0,DQN_RND,0.001,0.99,mountaincar,dense
7,3270,-200.0,200,5.632640361785889,-1.0,1.3059238881396595e-05,0.0,DQN_RND,0.001,0.99,mountaincar,dense
7,3271,-200.0,200,14.178892135620117,-1.0,1.3098780073050875e-05,0.0,DQN_RND,0.001,0.99,mountaincar,dense
7,3272,-200.0,200,2.6767215728759766,-1.0,2.429129926895257e-05,0.0,DQN_RND,0.001,0.99,mountaincar,dense
7,3273,-200.0,200,11.517059326171875,-1.0,1.6367004718631506e-05,0.0,DQN_RND,0.001,0.99,mountaincar,dense
7,3274,-200.0,200,33.57831573486328,-1.0,1.1127573088742793e-05,0.0,DQN_RND,0.001,0.99,mountaincar,dense
7,3275,-200.0,200,5.644850254058838,-1.0,1.2033220627927221e-05,0.0,DQN_RND,0.001,0.99,mountaincar,dense
7,3276,-200.0,200,11.783408164978027,-1.0,9.833402145886794e-06,0.0,DQN_RND,0.001,0.99,mountaincar,dense
7,3277,-200.0,200,20.15088653564453,-1.0,1.0018966349889524e-05,0.0,DQN_RND,0.001,0.99,mountaincar,dense
7,3278,-200.0,200,26.14967155456543,-1.0,1.865508056653198e-05,0.0,DQN_RND,0.001,0.99,mountaincar,dense
7,3279,-200.0,200,6.077807903289795,-1.0,1.0731709153333213e-05,0.0,DQN_RND,0.001,0.99,mountaincar,dense
7,3280,-200.0,200,25.851444244384766,-1.0,3.8407604733947664e-05,0.0,DQN_RND,0.001,0.99,mountaincar,dense
7,3281,-200.0,200,8.414449691772461,-1.0,4.4345906644593924e-05,0.0,DQN_RND,0.001,0.99,mountaincar,dense
7,3282,-200.0,200,8.597992897033691,-1.0,0.00016716582467779517,0.0,DQN_RND,0.001,0.99,mountaincar,dense
7,3283,-200.0,200,8.694891929626465,-1.0,2.0647275960072875e-05,0.0,DQN_RND,0.001,0.99,mountaincar,dense
7,3284,-200.0,200,5.903566360473633,-1.0,2.0107971067773178e-05,0.0,DQN_RND,0.001,0.99,mountaincar,dense
7,3285,-200.0,200,25.78536605834961,-1.0,1.1760077541111968e-05,0.0,DQN_RND,0.001,0.99,mountaincar,dense
7,3286,-200.0,200,17.393404006958008,-1.0,8.169931243173778e-05,0.0,DQN_RND,0.001,0.99,mountaincar,dense
7,3287,-200.0,200,20.580013275146484,-1.0,9.609771041141357e-06,0.0,DQN_RND,0.001,0.99,mountaincar,dense
7,3288,-200.0,200,14.55379581451416,-1.0,0.00013440517068374902,0.0,DQN_RND,0.001,0.99,mountaincar,dense
7,3289,-200.0,200,11.945778846740723,-1.0,0.00012617147876881063,0.0,DQN_RND,0.001,0.99,mountaincar,dense
7,3290,-200.0,200,20.096189498901367,-1.0,1.4608043784392066e-05,0.0,DQN_RND,0.001,0.99,mountaincar,dense
7,3291,-200.0,200,14.718886375427246,-1.0,0.0001567381841596216,0.0,DQN_RND,0.001,0.99,mountaincar,dense
7,3292,-200.0,200,9.137216567993164,-1.0,1.1867715329572093e-05,0.0,DQN_RND,0.001,0.99,mountaincar,dense
7,3293,-200.0,200,11.69079875946045,-1.0,3.3792341127991676e-05,0.0,DQN_RND,0.001,0.99,mountaincar,dense
7,3294,-200.0,200,20.51844596862793,-1.0,0.00011152432125527412,0.0,DQN_RND,0.001,0.99,mountaincar,dense
7,3295,-200.0,200,11.539641380310059,-1.0,7.211536285467446e-05,0.0,DQN_RND,0.001,0.99,mountaincar,dense
7,3296,-200.0,200,14.695467948913574,-1.0,1.1153424566145986e-05,0.0,DQN_RND,0.001,0.99,mountaincar,dense
7,3297,-200.0,200,32.10385513305664,-1.0,1.2900513866043184e-05,0.0,DQN_RND,0.001,0.99,mountaincar,dense
7,3298,-200.0,200,3.1077489852905273,-1.0,1.0022848073276691e-05,0.0,DQN_RND,0.001,0.99,mountaincar,dense
7,3299,-200.0,200,20.543285369873047,-1.0,3.753506825887598e-05,0.0,DQN_RND,0.001,0.99,mountaincar,dense
7,3300,-200.0,200,9.086067199707031,-1.0,0.00012393506767693907,0.0,DQN_RND,0.001,0.99,mountaincar,dense
7,3301,-200.0,200,17.899078369140625,-1.0,1.0693339390854817e-05,0.0,DQN_RND,0.001,0.99,mountaincar,dense
7,3302,-200.0,200,11.39571762084961,-1.0,9.292035429098178e-06,0.0,DQN_RND,0.001,0.99,mountaincar,dense
7,3303,-200.0,200,11.310879707336426,-1.0,9.688212594483048e-05,0.0,DQN_RND,0.001,0.99,mountaincar,dense
7,3304,-200.0,200,18.070730209350586,-1.0,8.446024730801582e-05,0.0,DQN_RND,0.001,0.99,mountaincar,dense
7,3305,-200.0,200,9.206961631774902,-1.0,0.00010175464558415115,0.0,DQN_RND,0.001,0.99,mountaincar,dense
7,3306,-200.0,200,18.338905334472656,-1.0,1.0046286661236081e-05,0.0,DQN_RND,0.001,0.99,mountaincar,dense
7,3307,-200.0,200,12.127765655517578,-1.0,1.3327028682397213e-05,0.0,DQN_RND,0.001,0.99,mountaincar,dense
7,3308,-200.0,200,18.766857147216797,-1.0,2.2533500668941997e-05,0.0,DQN_RND,0.001,0.99,mountaincar,dense
7,3309,-200.0,200,23.960006713867188,-1.0,1.0075905265694018e-05,0.0,DQN_RND,0.001,0.99,mountaincar,dense
7,3310,-200.0,200,30.727420806884766,-1.0,2.3941185645526275e-05,0.0,DQN_RND,0.001,0.99,mountaincar,dense
7,3311,-200.0,200,2.851510763168335,-1.0,5.707096715923399e-05,0.0,DQN_RND,0.001,0.99,mountaincar,dense
7,3312,-200.0,200,20.990535736083984,-1.0,0.00013488395779859275,0.0,DQN_RND,0.001,0.99,mountaincar,dense
7,3313,-200.0,200,24.095359802246094,-1.0,0.00014677252329420298,0.0,DQN_RND,0.001,0.99,mountaincar,dense
7,3314,-200.0,200,27.839616775512695,-1.0,9.07795583771076e-06,0.0,DQN_RND,0.001,0.99,mountaincar,dense
7,3315,-200.0,200,14.847794532775879,-1.0,4.654599251807667e-05,0.0,DQN_RND,0.001,0.99,mountaincar,dense
7,3316,-200.0,200,29.545352935791016,-1.0,3.290753738838248e-05,0.0,DQN_RND,0.001,0.99,mountaincar,dense
7,3317,-200.0,200,11.422057151794434,-1.0,2.4243110601673834e-05,0.0,DQN_RND,0.001,0.99,mountaincar,dense
7,3318,-200.0,200,11.717318534851074,-1.0,8.69403902470367e-06,0.0,DQN_RND,0.001,0.99,mountaincar,dense
7,3319,-200.0,200,11.864118576049805,-1.0,0.00011548210750333965,0.0,DQN_RND,0.001,0.99,mountaincar,dense
7,3320,-200.0,200,9.070249557495117,-1.0,0.00014623586321249604,0.0,DQN_RND,0.001,0.99,mountaincar,dense
7,3321,-200.0,200,8.862739562988281,-1.0,2.0775314624188468e-05,0.0,DQN_RND,0.001,0.99,mountaincar,dense
7,3322,-200.0,200,18.190813064575195,-1.0,1.277534738619579e-05,0.0,DQN_RND,0.001,0.99,mountaincar,dense
7,3323,-200.0,200,20.955915451049805,-1.0,1.8757245925371535e-05,0.0,DQN_RND,0.001,0.99,mountaincar,dense
7,3324,-200.0,200,19.466859817504883,-1.0,2.1558545995503664e-05,0.0,DQN_RND,0.001,0.99,mountaincar,dense
7,3325,-200.0,200,31.401735305786133,-1.0,0.00016012883861549199,0.0,DQN_RND,0.001,0.99,mountaincar,dense
7,3326,-200.0,200,14.972970008850098,-1.0,1.4295179425971583e-05,0.0,DQN_RND,0.001,0.99,mountaincar,dense
7,3327,-200.0,200,8.368318557739258,-1.0,1.0885346455324907e-05,0.0,DQN_RND,0.001,0.99,mountaincar,dense
7,3328,-200.0,200,20.96468734741211,-1.0,0.0001278272975469008,0.0,DQN_RND,0.001,0.99,mountaincar,dense
7,3329,-200.0,200,16.533061981201172,-1.0,1.4018103684065863e-05,0.0,DQN_RND,0.001,0.99,mountaincar,dense
7,3330,-200.0,200,13.674081802368164,-1.0,8.275586151285097e-05,0.0,DQN_RND,0.001,0.99,mountaincar,dense
7,3331,-200.0,200,16.165218353271484,-1.0,2.080266858683899e-05,0.0,DQN_RND,0.001,0.99,mountaincar,dense
7,3332,-200.0,200,14.076004981994629,-1.0,1.791602153389249e-05,0.0,DQN_RND,0.001,0.99,mountaincar,dense
7,3333,-200.0,200,14.475361824035645,-1.0,8.565716598241124e-06,0.0,DQN_RND,0.001,0.99,mountaincar,dense
7,3334,-200.0,200,8.282735824584961,-1.0,1.8094067854690365e-05,0.0,DQN_RND,0.001,0.99,mountaincar,dense
7,3335,-200.0,200,19.581043243408203,-1.0,8.660979801788926e-06,0.0,DQN_RND,0.001,0.99,mountaincar,dense
7,3336,-200.0,200,13.308435440063477,-1.0,3.5350902180653065e-05,0.0,DQN_RND,0.001,0.99,mountaincar,dense
7,3337,-200.0,200,8.511841773986816,-1.0,0.00015712663298472762,0.0,DQN_RND,0.001,0.99,mountaincar,dense
7,3338,-200.0,200,19.02286148071289,-1.0,1.9140758013236336e-05,0.0,DQN_RND,0.001,0.99,mountaincar,dense
7,3339,-200.0,200,8.060248374938965,-1.0,1.0151441529160365e-05,0.0,DQN_RND,0.001,0.99,mountaincar,dense
7,3340,-200.0,200,5.537914276123047,-1.0,1.4415727491723374e-05,0.0,DQN_RND,0.001,0.99,mountaincar,dense
7,3341,-200.0,200,2.7321650981903076,-1.0,2.6387131583760493e-05,0.0,DQN_RND,0.001,0.99,mountaincar,dense
7,3342,-200.0,200,18.699047088623047,-1.0,1.6292173313559033e-05,0.0,DQN_RND,0.001,0.99,mountaincar,dense
7,3343,-200.0,200,15.76241683959961,-1.0,1.0657732673280407e-05,0.0,DQN_RND,0.001,0.99,mountaincar,dense
7,3344,-200.0,200,18.71380043029785,-1.0,8.29596865514759e-06,0.0,DQN_RND,0.001,0.99,mountaincar,dense
7,3345,-200.0,200,10.704825401306152,-1.0,9.267676432500593e-06,0.0,DQN_RND,0.001,0.99,mountaincar,dense
7,3346,-200.0,200,8.412334442138672,-1.0,8.37533843878191e-06,0.0,DQN_RND,0.001,0.99,mountaincar,dense
7,3347,-200.0,200,13.814417839050293,-1.0,1.8017077309195884e-05,0.0,DQN_RND,0.001,0.99,mountaincar,dense
7,3348,-200.0,200,16.636903762817383,-1.0,9.284591214964166e-06,0.0,DQN_RND,0.001,0.99,mountaincar,dense
7,3349,-200.0,200,8.475236892700195,-1.0,1.4697662663820665e-05,0.0,DQN_RND,0.001,0.99,mountaincar,dense
7,3350,-200.0,200,13.364669799804688,-1.0,9.712161045172252e-06,0.0,DQN_RND,0.001,0.99,mountaincar,dense
7,3351,-200.0,200,10.494516372680664,-1.0,8.632993740320671e-06,0.0,DQN_RND,0.001,0.99,mountaincar,dense
7,3352,-200.0,200,27.987438201904297,-1.0,0.00012803928984794766,0.0,DQN_RND,0.001,0.99,mountaincar,dense
7,3353,-200.0,200,11.082734107971191,-1.0,1.0967157322738785e-05,0.0,DQN_RND,0.001,0.99,mountaincar,dense
7,3354,-200.0,200,19.188692092895508,-1.0,1.1218389772693627e-05,0.0,DQN_RND,0.001,0.99,mountaincar,dense
7,3355,-200.0,200,24.582653045654297,-1.0,1.3262896572996397e-05,0.0,DQN_RND,0.001,0.99,mountaincar,dense
7,3356,-200.0,200,10.968846321105957,-1.0,8.451788744423538e-06,0.0,DQN_RND,0.001,0.99,mountaincar,dense
7,3357,-200.0,200,18.59059715270996,-1.0,8.479131065541878e-05,0.0,DQN_RND,0.001,0.99,mountaincar,dense
7,3358,-200.0,200,8.290915489196777,-1.0,2.8607364583876915e-05,0.0,DQN_RND,0.001,0.99,mountaincar,dense
7,3359,-200.0,200,5.708588600158691,-1.0,1.1405932127672713e-05,0.0,DQN_RND,0.001,0.99,mountaincar,dense
7,3360,-200.0,200,5.270694732666016,-1.0,8.770827662374359e-06,0.0,DQN_RND,0.001,0.99,mountaincar,dense
7,3361,-200.0,200,13.698922157287598,-1.0,0.000144136996823363,0.0,DQN_RND,0.001,0.99,mountaincar,dense
7,3362,-200.0,200,19.59371566772461,-1.0,8.1704965850804e-05,0.0,DQN_RND,0.001,0.99,mountaincar,dense
7,3363,-200.0,200,13.751669883728027,-1.0,1.3066372957837302e-05,0.0,DQN_RND,0.001,0.99,mountaincar,dense
7,3364,-200.0,200,19.257266998291016,-1.0,9.327241059509106e-06,0.0,DQN_RND,0.001,0.99,mountaincar,dense
7,3365,-200.0,200,16.26477813720703,-1.0,1.695496030151844e-05,0.0,DQN_RND,0.001,0.99,mountaincar,dense
7,3366,-200.0,200,19.254545211791992,-1.0,1.1370684660505503e-05,0.0,DQN_RND,0.001,0.99,mountaincar,dense
7,3367,-200.0,200,5.24279260635376,-1.0,1.1406813428038731e-05,0.0,DQN_RND,0.001,0.99,mountaincar,dense
7,3368,-200.0,200,13.201287269592285,-1.0,0.00013771490193903446,0.0,DQN_RND,0.001,0.99,mountaincar,dense
7,3369,-200.0,200,8.092489242553711,-1.0,0.00010019238834502175,0.0,DQN_RND,0.001,0.99,mountaincar,dense
7,3370,-200.0,200,16.677566528320312,-1.0,9.364857396576554e-05,0.0,DQN_RND,0.001,0.99,mountaincar,dense
7,3371,-200.0,200,14.04440689086914,-1.0,1.3149929145583883e-05,0.0,DQN_RND,0.001,0.99,mountaincar,dense
7,3372,-200.0,200,19.11965560913086,-1.0,1.1264921340625733e-05,0.0,DQN_RND,0.001,0.99,mountaincar,dense
7,3373,-200.0,200,2.9231979846954346,-1.0,1.9398641597945243e-05,0.0,DQN_RND,0.001,0.99,mountaincar,dense
7,3374,-200.0,200,16.48845672607422,-1.0,2.612549542391207e-05,0.0,DQN_RND,0.001,0.99,mountaincar,dense
7,3375,-200.0,200,2.9325618743896484,-1.0,1.0790419764816761e-05,0.0,DQN_RND,0.001,0.99,mountaincar,dense
7,3376,-200.0,200,14.15874195098877,-1.0,1.039794551616069e-05,0.0,DQN_RND,0.001,0.99,mountaincar,dense
7,3377,-200.0,200,16.71190643310547,-1.0,1.1890910172951408e-05,0.0,DQN_RND,0.001,0.99,mountaincar,dense
7,3378,-200.0,200,24.45833969116211,-1.0,7.993815961526707e-05,0.0,DQN_RND,0.001,0.99,mountaincar,dense
7,3379,-200.0,200,13.830729484558105,-1.0,9.145787771558389e-05,0.0,DQN_RND,0.001,0.99,mountaincar,dense
7,3380,-200.0,200,24.77843475341797,-1.0,8.507208804076072e-06,0.0,DQN_RND,0.001,0.99,mountaincar,dense
7,3381,-200.0,200,20.00601577758789,-1.0,8.711989721632563e-06,0.0,DQN_RND,0.001,0.99,mountaincar,dense
7,3382,-200.0,200,5.270561695098877,-1.0,5.0289821956539527e-05,0.0,DQN_RND,0.001,0.99,mountaincar,dense
7,3383,-200.0,200,5.614479064941406,-1.0,9.621932804293465e-06,0.0,DQN_RND,0.001,0.99,mountaincar,dense
7,3384,-200.0,200,20.308813095092773,-1.0,8.021431312954519e-06,0.0,DQN_RND,0.001,0.99,mountaincar,dense
7,3385,-200.0,200,13.918691635131836,-1.0,9.214561032422353e-06,0.0,DQN_RND,0.001,0.99,mountaincar,dense
7,3386,-200.0,200,18.459144592285156,-1.0,1.712217999738641e-05,0.0,DQN_RND,0.001,0.99,mountaincar,dense
7,3387,-200.0,200,5.7657575607299805,-1.0,3.602129072532989e-05,0.0,DQN_RND,0.001,0.99,mountaincar,dense
7,3388,-200.0,200,14.081847190856934,-1.0,3.126745650661178e-05,0.0,DQN_RND,0.001,0.99,mountaincar,dense
7,3389,-200.0,200,10.353662490844727,-1.0,1.1915105460502673e-05,0.0,DQN_RND,0.001,0.99,mountaincar,dense
7,3390,-200.0,200,15.730521202087402,-1.0,0.00013624806888401508,0.0,DQN_RND,0.001,0.99,mountaincar,dense
7,3391,-200.0,200,21.674823760986328,-1.0,0.0001069837308023125,0.0,DQN_RND,0.001,0.99,mountaincar,dense
7,3392,-200.0,200,16.30870819091797,-1.0,1.8331673345528543e-05,0.0,DQN_RND,0.001,0.99,mountaincar,dense
7,3393,-200.0,200,4.880273818969727,-1.0,7.954611646709964e-06,0.0,DQN_RND,0.001,0.99,mountaincar,dense
7,3394,-200.0,200,10.941818237304688,-1.0,8.123977750074118e-05,0.0,DQN_RND,0.001,0.99,mountaincar,dense
7,3395,-200.0,200,16.51727867126465,-1.0,4.616746082319878e-05,0.0,DQN_RND,0.001,0.99,mountaincar,dense
7,3396,-200.0,200,13.858407974243164,-1.0,2.2158892534207553e-05,0.0,DQN_RND,0.001,0.99,mountaincar,dense
7,3397,-200.0,200,5.421621322631836,-1.0,1.2369140677037649e-05,0.0,DQN_RND,0.001,0.99,mountaincar,dense
7,3398,-200.0,200,13.342153549194336,-1.0,0.00010457372263772413,0.0,DQN_RND,0.001,0.99,mountaincar,dense
7,3399,-200.0,200,16.194143295288086,-1.0,4.604661444318481e-05,0.0,DQN_RND,0.001,0.99,mountaincar,dense
7,3400,-200.0,200,2.5979089736938477,-1.0,9.523269000055734e-06,0.0,DQN_RND,0.001,0.99,mountaincar,dense
7,3401,-200.0,200,11.000699043273926,-1.0,0.0001000766787910834,0.0,DQN_RND,0.001,0.99,mountaincar,dense
7,3402,-200.0,200,4.907984733581543,-1.0,8.012718171812594e-05,0.0,DQN_RND,0.001,0.99,mountaincar,dense
7,3403,-200.0,200,21.341773986816406,-1.0,0.00013879842299502343,0.0,DQN_RND,0.001,0.99,mountaincar,dense
7,3404,-200.0,200,13.195731163024902,-1.0,8.51439472171478e-05,0.0,DQN_RND,0.001,0.99,mountaincar,dense
7,3405,-200.0,200,5.224098205566406,-1.0,0.0001180492909043096,0.0,DQN_RND,0.001,0.99,mountaincar,dense
7,3406,-200.0,200,26.836055755615234,-1.0,7.997178727237042e-06,0.0,DQN_RND,0.001,0.99,mountaincar,dense
7,3407,-200.0,200,15.338964462280273,-1.0,1.0327731615689117e-05,0.0,DQN_RND,0.001,0.99,mountaincar,dense
7,3408,-200.0,200,21.836450576782227,-1.0,7.987211574800313e-05,0.0,DQN_RND,0.001,0.99,mountaincar,dense
7,3409,-200.0,200,8.513775825500488,-1.0,8.8624692580197e-05,0.0,DQN_RND,0.001,0.99,mountaincar,dense
7,3410,-200.0,200,22.295547485351562,-1.0,1.0509687854209915e-05,0.0,DQN_RND,0.001,0.99,mountaincar,dense
7,3411,-200.0,200,5.402664661407471,-1.0,2.4631661290186457e-05,0.0,DQN_RND,0.001,0.99,mountaincar,dense
7,3412,-200.0,200,19.651355743408203,-1.0,1.4930785255273804e-05,0.0,DQN_RND,0.001,0.99,mountaincar,dense
7,3413,-200.0,200,11.300155639648438,-1.0,1.5779600289533846e-05,0.0,DQN_RND,0.001,0.99,mountaincar,dense
7,3414,-200.0,200,19.705669403076172,-1.0,4.370377791929059e-05,0.0,DQN_RND,0.001,0.99,mountaincar,dense
7,3415,-200.0,200,19.22233772277832,-1.0,1.3550489711633418e-05,0.0,DQN_RND,0.001,0.99,mountaincar,dense
7,3416,-200.0,200,13.697142601013184,-1.0,2.0441593733266927e-05,0.0,DQN_RND,0.001,0.99,mountaincar,dense
7,3417,-200.0,200,11.3103609085083,-1.0,1.55547331814887e-05,0.0,DQN_RND,0.001,0.99,mountaincar,dense
7,3418,-200.0,200,17.290145874023438,-1.0,1.0763896170828957e-05,0.0,DQN_RND,0.001,0.99,mountaincar,dense
7,3419,-200.0,200,14.153274536132812,-1.0,2.372413655393757e-05,0.0,DQN_RND,0.001,0.99,mountaincar,dense
7,3420,-200.0,200,11.440055847167969,-1.0,0.00011485451250337064,0.0,DQN_RND,0.001,0.99,mountaincar,dense
7,3421,-200.0,200,14.42979907989502,-1.0,7.562302926089615e-06,0.0,DQN_RND,0.001,0.99,mountaincar,dense
7,3422,-200.0,200,20.27854347229004,-1.0,0.00010133292380487546,0.0,DQN_RND,0.001,0.99,mountaincar,dense
7,3423,-200.0,200,8.871464729309082,-1.0,2.752097680058796e-05,0.0,DQN_RND,0.001,0.99,mountaincar,dense
7,3424,-200.0,200,3.011547327041626,-1.0,8.322114808834158e-06,0.0,DQN_RND,0.001,0.99,mountaincar,dense
7,3425,-200.0,200,8.700115203857422,-1.0,9.889857210509945e-06,0.0,DQN_RND,0.001,0.99,mountaincar,dense
7,3426,-200.0,200,12.160799980163574,-1.0,0.00012235002941451967,0.0,DQN_RND,0.001,0.99,mountaincar,dense
7,3427,-200.0,200,20.263477325439453,-1.0,7.733402526355349e-06,0.0,DQN_RND,0.001,0.99,mountaincar,dense
7,3428,-200.0,200,24.041200637817383,-1.0,0.00010763624595711008,0.0,DQN_RND,0.001,0.99,mountaincar,dense
7,3429,-200.0,200,8.91779613494873,-1.0,8.905008144211024e-05,0.0,DQN_RND,0.001,0.99,mountaincar,dense
7,3430,-200.0,200,21.11931610107422,-1.0,0.00011182285379618406,0.0,DQN_RND,0.001,0.99,mountaincar,dense
7,3431,-200.0,200,17.9677791595459,-1.0,1.4564085176971275e-05,0.0,DQN_RND,0.001,0.99,mountaincar,dense
7,3432,-200.0,200,11.956653594970703,-1.0,5.0734030082821846e-05,0.0,DQN_RND,0.001,0.99,mountaincar,dense
7,3433,-200.0,200,18.97430419921875,-1.0,7.67013079894241e-06,0.0,DQN_RND,0.001,0.99,mountaincar,dense
7,3434,-200.0,200,9.183403015136719,-1.0,1.8982043911819346e-05,0.0,DQN_RND,0.001,0.99,mountaincar,dense
7,3435,-200.0,200,12.265776634216309,-1.0,7.673756044823676e-06,0.0,DQN_RND,0.001,0.99,mountaincar,dense
7,3436,-200.0,200,15.450560569763184,-1.0,2.9567447199951857e-05,0.0,DQN_RND,0.001,0.99,mountaincar,dense
7,3437,-200.0,200,11.76522159576416,-1.0,8.136661563185044e-06,0.0,DQN_RND,0.001,0.99,mountaincar,dense
7,3438,-200.0,200,11.686216354370117,-1.0,1.8411501514492556e-05,0.0,DQN_RND,0.001,0.99,mountaincar,dense
7,3439,-200.0,200,14.567662239074707,-1.0,9.795610822038725e-06,0.0,DQN_RND,0.001,0.99,mountaincar,dense
7,3440,-200.0,200,24.647769927978516,-1.0,0.00010330338409403339,0.0,DQN_RND,0.001,0.99,mountaincar,dense
7,3441,-200.0,200,9.489191055297852,-1.0,8.089124094112776e-06,0.0,DQN_RND,0.001,0.99,mountaincar,dense
7,3442,-200.0,200,2.956554412841797,-1.0,9.658581802796107e-06,0.0,DQN_RND,0.001,0.99,mountaincar,dense
7,3443,-200.0,200,6.2344970703125,-1.0,0.00010454365110490471,0.0,DQN_RND,0.001,0.99,mountaincar,dense
7,3444,-200.0,200,15.865497589111328,-1.0,1.1739908586605452e-05,0.0,DQN_RND,0.001,0.99,mountaincar,dense
7,3445,-200.0,200,18.635692596435547,-1.0,3.881468728650361e-05,0.0,DQN_RND,0.001,0.99,mountaincar,dense
7,3446,-200.0,200,31.86669158935547,-1.0,1.0204759746557102e-05,0.0,DQN_RND,0.001,0.99,mountaincar,dense
7,3447,-200.0,200,31.394500732421875,-1.0,8.207880455302075e-05,0.0,DQN_RND,0.001,0.99,mountaincar,dense
7,3448,-200.0,200,15.138652801513672,-1.0,1.4572063264495227e-05,0.0,DQN_RND,0.001,0.99,mountaincar,dense
7,3449,-200.0,200,9.387779235839844,-1.0,1.3230699551058933e-05,0.0,DQN_RND,0.001,0.99,mountaincar,dense
7,3450,-200.0,200,18.34918975830078,-1.0,1.9603114196797833e-05,0.0,DQN_RND,0.001,0.99,mountaincar,dense
7,3451,-200.0,200,21.14436149597168,-1.0,8.547847755835392e-06,0.0,DQN_RND,0.001,0.99,mountaincar,dense
7,3452,-200.0,200,21.508817672729492,-1.0,0.00010032656427938491,0.0,DQN_RND,0.001,0.99,mountaincar,dense
7,3453,-200.0,200,17.95147705078125,-1.0,4.098207500646822e-05,0.0,DQN_RND,0.001,0.99,mountaincar,dense
7,3454,-200.0,200,15.26124095916748,-1.0,1.324221466347808e-05,0.0,DQN_RND,0.001,0.99,mountaincar,dense
7,3455,-200.0,200,23.927316665649414,-1.0,1.1424985132180154e-05,0.0,DQN_RND,0.001,0.99,mountaincar,dense
7,3456,-200.0,200,21.496597290039062,-1.0,4.841299232793972e-05,0.0,DQN_RND,0.001,0.99,mountaincar,dense
7,3457,-200.0,200,24.511211395263672,-1.0,7.862723578000441e-06,0.0,DQN_RND,0.001,0.99,mountaincar,dense
7,3458,-200.0,200,12.087533950805664,-1.0,1.8182585336035118e-05,0.0,DQN_RND,0.001,0.99,mountaincar,dense
7,3459,-200.0,200,21.5402889251709,-1.0,1.3402070180745795e-05,0.0,DQN_RND,0.001,0.99,mountaincar,dense
7,3460,-200.0,200,14.798322677612305,-1.0,9.811350537347607e-06,0.0,DQN_RND,0.001,0.99,mountaincar,dense
7,3461,-200.0,200,15.55788803100586,-1.0,8.385536057176068e-05,0.0,DQN_RND,0.001,0.99,mountaincar,dense
7,3462,-200.0,200,18.17214584350586,-1.0,0.00014329547411762178,0.0,DQN_RND,0.001,0.99,mountaincar,dense
7,3463,-200.0,200,12.521805763244629,-1.0,0.00010616496729198843,0.0,DQN_RND,0.001,0.99,mountaincar,dense
7,3464,-200.0,200,8.94548225402832,-1.0,3.814590672845952e-05,0.0,DQN_RND,0.001,0.99,mountaincar,dense
7,3465,-200.0,200,33.13499450683594,-1.0,1.2224218153278343e-05,0.0,DQN_RND,0.001,0.99,mountaincar,dense
7,3466,-200.0,200,11.63034725189209,-1.0,1.588782288308721e-05,0.0,DQN_RND,0.001,0.99,mountaincar,dense
7,3467,-200.0,200,9.14335823059082,-1.0,1.3316405784280505e-05,0.0,DQN_RND,0.001,0.99,mountaincar,dense
7,3468,-200.0,200,6.148036479949951,-1.0,7.2055095188261475e-06,0.0,DQN_RND,0.001,0.99,mountaincar,dense
7,3469,-200.0,200,24.485998153686523,-1.0,1.5199575500446372e-05,0.0,DQN_RND,0.001,0.99,mountaincar,dense
7,3470,-200.0,200,23.939006805419922,-1.0,4.868956239079125e-05,0.0,DQN_RND,0.001,0.99,mountaincar,dense
7,3471,-200.0,200,12.28292179107666,-1.0,9.948102160706185e-06,0.0,DQN_RND,0.001,0.99,mountaincar,dense
7,3472,-200.0,200,12.308442115783691,-1.0,8.889111995813437e-06,0.0,DQN_RND,0.001,0.99,mountaincar,dense
7,3473,-200.0,200,11.488688468933105,-1.0,1.1138282388856169e-05,0.0,DQN_RND,0.001,0.99,mountaincar,dense
7,3474,-200.0,200,18.423656463623047,-1.0,0.00010400687460787594,0.0,DQN_RND,0.001,0.99,mountaincar,dense
7,3475,-200.0,200,5.782421588897705,-1.0,1.207339209940983e-05,0.0,DQN_RND,0.001,0.99,mountaincar,dense
7,3476,-200.0,200,21.333145141601562,-1.0,7.335648206208134e-06,0.0,DQN_RND,0.001,0.99,mountaincar,dense
7,3477,-200.0,200,9.0741548538208,-1.0,1.678788976278156e-05,0.0,DQN_RND,0.001,0.99,mountaincar,dense
7,3478,-200.0,200,14.864523887634277,-1.0,7.333499979722546e-06,0.0,DQN_RND,0.001,0.99,mountaincar,dense
7,3479,-200.0,200,20.96904754638672,-1.0,1.6765130567364395e-05,0.0,DQN_RND,0.001,0.99,mountaincar,dense
7,3480,-200.0,200,6.148830890655518,-1.0,0.00013743193994741887,0.0,DQN_RND,0.001,0.99,mountaincar,dense
7,3481,-200.0,200,12.340824127197266,-1.0,7.578653458040208e-05,0.0,DQN_RND,0.001,0.99,mountaincar,dense
7,3482,-200.0,200,18.596338272094727,-1.0,7.496254056604812e-06,0.0,DQN_RND,0.001,0.99,mountaincar,dense
7,3483,-200.0,200,15.199761390686035,-1.0,0.00015528823132626712,0.0,DQN_RND,0.001,0.99,mountaincar,dense
7,3484,-200.0,200,2.8770711421966553,-1.0,1.8659517081687227e-05,0.0,DQN_RND,0.001,0.99,mountaincar,dense
7,3485,-200.0,200,6.163079261779785,-1.0,9.359439718537033e-05,0.0,DQN_RND,0.001,0.99,mountaincar,dense
7,3486,-200.0,200,15.812654495239258,-1.0,7.91835191193968e-06,0.0,DQN_RND,0.001,0.99,mountaincar,dense
7,3487,-200.0,200,12.745428085327148,-1.0,1.2684049579547718e-05,0.0,DQN_RND,0.001,0.99,mountaincar,dense
7,3488,-200.0,200,9.28772258758545,-1.0,1.5319739759434015e-05,0.0,DQN_RND,0.001,0.99,mountaincar,dense
7,3489,-200.0,200,12.697626113891602,-1.0,7.442199603246991e-06,0.0,DQN_RND,0.001,0.99,mountaincar,dense
7,3490,-200.0,200,9.15357780456543,-1.0,1.1087213351856917e-05,0.0,DQN_RND,0.001,0.99,mountaincar,dense
7,3491,-200.0,200,6.517908573150635,-1.0,8.188751962734386e-05,0.0,DQN_RND,0.001,0.99,mountaincar,dense
7,3492,-200.0,200,6.569130897521973,-1.0,3.7721823900938034e-05,0.0,DQN_RND,0.001,0.99,mountaincar,dense
7,3493,-200.0,200,12.88258171081543,-1.0,1.6599151422269642e-05,0.0,DQN_RND,0.001,0.99,mountaincar,dense
7,3494,-200.0,200,15.669404983520508,-1.0,1.2631878234969918e-05,0.0,DQN_RND,0.001,0.99,mountaincar,dense
7,3495,-200.0,200,22.1112117767334,-1.0,7.361935331573477e-06,0.0,DQN_RND,0.001,0.99,mountaincar,dense
7,3496,-200.0,200,25.5275936126709,-1.0,7.304226073756581e-06,0.0,DQN_RND,0.001,0.99,mountaincar,dense
7,3497,-200.0,200,25.64763641357422,-1.0,1.1754777005990036e-05,0.0,DQN_RND,0.001,0.99,mountaincar,dense
7,3498,-200.0,200,2.932764768600464,-1.0,4.2640403989935294e-05,0.0,DQN_RND,0.001,0.99,mountaincar,dense
7,3499,-200.0,200,12.475259780883789,-1.0,8.915308717405424e-05,0.0,DQN_RND,0.001,0.99,mountaincar,dense
7,3500,-200.0,200,31.72513198852539,-1.0,7.590214408992324e-06,0.0,DQN_RND,0.001,0.99,mountaincar,dense
7,3501,-200.0,200,9.85045051574707,-1.0,7.4194458647980355e-06,0.0,DQN_RND,0.001,0.99,mountaincar,dense
7,3502,-200.0,200,11.797483444213867,-1.0,1.003319994197227e-05,0.0,DQN_RND,0.001,0.99,mountaincar,dense
7,3503,-200.0,200,22.57550811767578,-1.0,0.00013163010589778423,0.0,DQN_RND,0.001,0.99,mountaincar,dense
7,3504,-200.0,200,19.001911163330078,-1.0,1.73244461620925e-05,0.0,DQN_RND,0.001,0.99,mountaincar,dense
7,3505,-200.0,200,9.378939628601074,-1.0,1.1165190699102823e-05,0.0,DQN_RND,0.001,0.99,mountaincar,dense
7,3506,-200.0,200,12.393684387207031,-1.0,1.7942656995728612e-05,0.0,DQN_RND,0.001,0.99,mountaincar,dense
7,3507,-200.0,200,9.746109008789062,-1.0,9.00237646419555e-05,0.0,DQN_RND,0.001,0.99,mountaincar,dense
7,3508,-200.0,200,19.71474838256836,-1.0,1.1256949619564693e-05,0.0,DQN_RND,0.001,0.99,mountaincar,dense
7,3509,-200.0,200,9.230315208435059,-1.0,1.0614324310154188e-05,0.0,DQN_RND,0.001,0.99,mountaincar,dense
7,3510,-200.0,200,13.326681137084961,-1.0,0.00010748975910246372,0.0,DQN_RND,0.001,0.99,mountaincar,dense
7,3511,-200.0,200,16.15308952331543,-1.0,2.840034539985936e-05,0.0,DQN_RND,0.001,0.99,mountaincar,dense
7,3512,-200.0,200,21.650192260742188,-1.0,1.6811714885989204e-05,0.0,DQN_RND,0.001,0.99,mountaincar,dense
7,3513,-200.0,200,21.847827911376953,-1.0,7.244016160257161e-06,0.0,DQN_RND,0.001,0.99,mountaincar,dense
7,3514,-200.0,200,22.3662166595459,-1.0,9.249430149793625e-06,0.0,DQN_RND,0.001,0.99,mountaincar,dense
7,3515,-200.0,200,22.010343551635742,-1.0,2.1336292775231414e-05,0.0,DQN_RND,0.001,0.99,mountaincar,dense
7,3516,-200.0,200,21.392932891845703,-1.0,8.000034540600609e-06,0.0,DQN_RND,0.001,0.99,mountaincar,dense
7,3517,-200.0,200,24.45784568786621,-1.0,0.00012800864351447672,0.0,DQN_RND,0.001,0.99,mountaincar,dense
7,3518,-200.0,200,15.779656410217285,-1.0,0.00012528449587989599,0.0,DQN_RND,0.001,0.99,mountaincar,dense
7,3519,-200.0,200,3.2189524173736572,-1.0,0.00010906707029789686,0.0,DQN_RND,0.001,0.99,mountaincar,dense
7,3520,-200.0,200,25.245769500732422,-1.0,3.7551351852016523e-05,0.0,DQN_RND,0.001,0.99,mountaincar,dense
7,3521,-200.0,200,18.60301399230957,-1.0,7.738609383522999e-06,0.0,DQN_RND,0.001,0.99,mountaincar,dense
7,3522,-200.0,200,12.283966064453125,-1.0,2.0136025341344066e-05,0.0,DQN_RND,0.001,0.99,mountaincar,dense
7,3523,-200.0,200,18.169870376586914,-1.0,7.279693818418309e-05,0.0,DQN_RND,0.001,0.99,mountaincar,dense
7,3524,-200.0,200,8.82712173461914,-1.0,7.769498915877193e-05,0.0,DQN_RND,0.001,0.99,mountaincar,dense
7,3525,-200.0,200,28.22140884399414,-1.0,0.00010969740833388641,0.0,DQN_RND,0.001,0.99,mountaincar,dense
7,3526,-200.0,200,11.95384407043457,-1.0,4.550504309008829e-05,0.0,DQN_RND,0.001,0.99,mountaincar,dense
7,3527,-200.0,200,9.18677043914795,-1.0,4.91739010612946e-05,0.0,DQN_RND,0.001,0.99,mountaincar,dense
7,3528,-200.0,200,15.383041381835938,-1.0,1.1996790817647707e-05,0.0,DQN_RND,0.001,0.99,mountaincar,dense
7,3529,-200.0,200,6.09333610534668,-1.0,3.209171336493455e-05,0.0,DQN_RND,0.001,0.99,mountaincar,dense
7,3530,-200.0,200,8.859389305114746,-1.0,2.9217304472695105e-05,0.0,DQN_RND,0.001,0.99,mountaincar,dense
7,3531,-200.0,200,9.146993637084961,-1.0,2.454997411405202e-05,0.0,DQN_RND,0.001,0.99,mountaincar,dense
7,3532,-200.0,200,12.518714904785156,-1.0,1.793802948668599e-05,0.0,DQN_RND,0.001,0.99,mountaincar,dense
7,3533,-200.0,200,21.635404586791992,-1.0,2.1872039724257775e-05,0.0,DQN_RND,0.001,0.99,mountaincar,dense
7,3534,-200.0,200,15.639073371887207,-1.0,3.0896619136910886e-05,0.0,DQN_RND,0.001,0.99,mountaincar,dense
7,3535,-200.0,200,15.463766098022461,-1.0,8.895244718587492e-06,0.0,DQN_RND,0.001,0.99,mountaincar,dense
7,3536,-200.0,200,27.099706649780273,-1.0,1.1936409464397002e-05,0.0,DQN_RND,0.001,0.99,mountaincar,dense
7,3537,-200.0,200,11.985774993896484,-1.0,7.985470438143238e-05,0.0,DQN_RND,0.001,0.99,mountaincar,dense
7,3538,-200.0,200,26.579267501831055,-1.0,7.575278141302988e-05,0.0,DQN_RND,0.001,0.99,mountaincar,dense
7,3539,-200.0,200,20.495912551879883,-1.0,0.00011729482503142208,0.0,DQN_RND,0.001,0.99,mountaincar,dense
7,3540,-200.0,200,27.568035125732422,-1.0,0.00013141300587449223,0.0,DQN_RND,0.001,0.99,mountaincar,dense
7,3541,-200.0,200,20.4501953125,-1.0,1.5322633771575056e-05,0.0,DQN_RND,0.001,0.99,mountaincar,dense
7,3542,-200.0,200,17.386974334716797,-1.0,1.3226231203589123e-05,0.0,DQN_RND,0.001,0.99,mountaincar,dense
7,3543,-200.0,200,8.7364501953125,-1.0,4.901839201920666e-05,0.0,DQN_RND,0.001,0.99,mountaincar,dense
7,3544,-200.0,200,9.036614418029785,-1.0,4.2484814912313595e-05,0.0,DQN_RND,0.001,0.99,mountaincar,dense
7,3545,-200.0,200,14.769893646240234,-1.0,7.783984983689152e-06,0.0,DQN_RND,0.001,0.99,mountaincar,dense
7,3546,-200.0,200,5.689748764038086,-1.0,7.944972821860574e-06,0.0,DQN_RND,0.001,0.99,mountaincar,dense
7,3547,-200.0,200,11.649674415588379,-1.0,0.00013813508849125355,0.0,DQN_RND,0.001,0.99,mountaincar,dense
7,3548,-200.0,200,17.873645782470703,-1.0,8.5112449596636e-05,0.0,DQN_RND,0.001,0.99,mountaincar,dense
7,3549,-200.0,200,20.591053009033203,-1.0,4.794106644112617e-05,0.0,DQN_RND,0.001,0.99,mountaincar,dense
7,3550,-200.0,200,14.494836807250977,-1.0,8.745570085011423e-06,0.0,DQN_RND,0.001,0.99,mountaincar,dense
7,3551,-200.0,200,11.77657413482666,-1.0,7.946297955641057e-06,0.0,DQN_RND,0.001,0.99,mountaincar,dense
7,3552,-200.0,200,8.95730209350586,-1.0,1.3057629985269159e-05,0.0,DQN_RND,0.001,0.99,mountaincar,dense
7,3553,-200.0,200,20.77007293701172,-1.0,7.565109626739286e-06,0.0,DQN_RND,0.001,0.99,mountaincar,dense
7,3554,-200.0,200,23.505756378173828,-1.0,4.574741979013197e-05,0.0,DQN_RND,0.001,0.99,mountaincar,dense
7,3555,-200.0,200,18.13717269897461,-1.0,1.4012928659212776e-05,0.0,DQN_RND,0.001,0.99,mountaincar,dense
7,3556,-200.0,200,20.399677276611328,-1.0,6.5844287746585906e-06,0.0,DQN_RND,0.001,0.99,mountaincar,dense
7,3557,-200.0,200,32.332462310791016,-1.0,0.00015455204993486404,0.0,DQN_RND,0.001,0.99,mountaincar,dense
7,3558,-200.0,200,21.039249420166016,-1.0,1.679517845332157e-05,0.0,DQN_RND,0.001,0.99,mountaincar,dense
7,3559,-200.0,200,21.025691986083984,-1.0,1.8684422684600577e-05,0.0,DQN_RND,0.001,0.99,mountaincar,dense
7,3560,-200.0,200,20.874126434326172,-1.0,6.84146725689061e-05,0.0,DQN_RND,0.001,0.99,mountaincar,dense
7,3561,-200.0,200,15.292984008789062,-1.0,9.429980309505481e-06,0.0,DQN_RND,0.001,0.99,mountaincar,dense
7,3562,-200.0,200,15.70479679107666,-1.0,1.0476111128809862e-05,0.0,DQN_RND,0.001,0.99,mountaincar,dense
7,3563,-200.0,200,12.106785774230957,-1.0,1.9624392734840512e-05,0.0,DQN_RND,0.001,0.99,mountaincar,dense
7,3564,-200.0,200,21.351608276367188,-1.0,1.2266722478671e-05,0.0,DQN_RND,0.001,0.99,mountaincar,dense
7,3565,-200.0,200,24.941606521606445,-1.0,1.7076110452762805e-05,0.0,DQN_RND,0.001,0.99,mountaincar,dense
7,3566,-200.0,200,12.343177795410156,-1.0,2.3695767595199868e-05,0.0,DQN_RND,0.001,0.99,mountaincar,dense
7,3567,-200.0,200,11.881745338439941,-1.0,2.2718986656400375e-05,0.0,DQN_RND,0.001,0.99,mountaincar,dense
7,3568,-200.0,200,12.548992156982422,-1.0,0.00014669541269540787,0.0,DQN_RND,0.001,0.99,mountaincar,dense
7,3569,-200.0,200,5.947489261627197,-1.0,1.607071862963494e-05,0.0,DQN_RND,0.001,0.99,mountaincar,dense
7,3570,-200.0,200,9.258162498474121,-1.0,7.533474672527518e-06,0.0,DQN_RND,0.001,0.99,mountaincar,dense
7,3571,-200.0,200,24.2443790435791,-1.0,1.2073455764038954e-05,0.0,DQN_RND,0.001,0.99,mountaincar,dense
7,3572,-200.0,200,15.32783317565918,-1.0,4.916719990433194e-05,0.0,DQN_RND,0.001,0.99,mountaincar,dense
7,3573,-200.0,200,21.428842544555664,-1.0,3.791085327975452e-05,0.0,DQN_RND,0.001,0.99,mountaincar,dense
7,3574,-200.0,200,11.252148628234863,-1.0,1.8642935174284503e-05,0.0,DQN_RND,0.001,0.99,mountaincar,dense
7,3575,-200.0,200,6.439990997314453,-1.0,0.00014200076111592352,0.0,DQN_RND,0.001,0.99,mountaincar,dense
7,3576,-200.0,200,6.220318794250488,-1.0,2.0159615814918652e-05,0.0,DQN_RND,0.001,0.99,mountaincar,dense
7,3577,-200.0,200,15.03779125213623,-1.0,2.6904923288384452e-05,0.0,DQN_RND,0.001,0.99,mountaincar,dense
7,3578,-200.0,200,14.781405448913574,-1.0,9.313675946032163e-06,0.0,DQN_RND,0.001,0.99,mountaincar,dense
7,3579,-200.0,200,2.8044421672821045,-1.0,6.74386592436349e-06,0.0,DQN_RND,0.001,0.99,mountaincar,dense
7,3580,-200.0,200,18.60567283630371,-1.0,0.00011716879816958681,0.0,DQN_RND,0.001,0.99,mountaincar,dense
7,3581,-200.0,200,18.81978988647461,-1.0,1.5866717149037868e-05,0.0,DQN_RND,0.001,0.99,mountaincar,dense
7,3582,-200.0,200,33.27983474731445,-1.0,1.6374546248698607e-05,0.0,DQN_RND,0.001,0.99,mountaincar,dense
7,3583,-200.0,200,12.692770957946777,-1.0,0.00012026917102048174,0.0,DQN_RND,0.001,0.99,mountaincar,dense
7,3584,-200.0,200,6.4547576904296875,-1.0,1.543087091704365e-05,0.0,DQN_RND,0.001,0.99,mountaincar,dense
7,3585,-200.0,200,0.003232815535739064,-1.0,1.320496085099876e-05,0.0,DQN_RND,0.001,0.99,mountaincar,dense
7,3586,-200.0,200,6.465466499328613,-1.0,9.157401109405328e-06,0.0,DQN_RND,0.001,0.99,mountaincar,dense
7,3587,-200.0,200,12.814598083496094,-1.0,8.88837985257851e-06,0.0,DQN_RND,0.001,0.99,mountaincar,dense
7,3588,-200.0,200,9.2155179977417,-1.0,2.9071321478113532e-05,0.0,DQN_RND,0.001,0.99,mountaincar,dense
7,3589,-200.0,200,9.632596015930176,-1.0,0.0001396028237650171,0.0,DQN_RND,0.001,0.99,mountaincar,dense
7,3590,-200.0,200,21.752534866333008,-1.0,1.1181554327777121e-05,0.0,DQN_RND,0.001,0.99,mountaincar,dense
7,3591,-200.0,200,24.743555068969727,-1.0,3.283363184891641e-05,0.0,DQN_RND,0.001,0.99,mountaincar,dense
7,3592,-200.0,200,18.96571159362793,-1.0,0.00014716997975483537,0.0,DQN_RND,0.001,0.99,mountaincar,dense
7,3593,-200.0,200,9.225886344909668,-1.0,4.9072736146626994e-05,0.0,DQN_RND,0.001,0.99,mountaincar,dense
7,3594,-200.0,200,15.921923637390137,-1.0,8.356844773516059e-06,0.0,DQN_RND,0.001,0.99,mountaincar,dense
7,3595,-200.0,200,22.183197021484375,-1.0,8.188470928871538e-06,0.0,DQN_RND,0.001,0.99,mountaincar,dense
7,3596,-200.0,200,21.60010528564453,-1.0,1.3411989129963331e-05,0.0,DQN_RND,0.001,0.99,mountaincar,dense
7,3597,-200.0,200,21.733829498291016,-1.0,7.462940629920922e-06,0.0,DQN_RND,0.001,0.99,mountaincar,dense
7,3598,-200.0,200,18.968544006347656,-1.0,1.0539815775700845e-05,0.0,DQN_RND,0.001,0.99,mountaincar,dense
7,3599,-200.0,200,15.757688522338867,-1.0,7.911907232482918e-06,0.0,DQN_RND,0.001,0.99,mountaincar,dense
7,3600,-200.0,200,22.069772720336914,-1.0,1.7460561139159836e-05,0.0,DQN_RND,0.001,0.99,mountaincar,dense
7,3601,-200.0,200,3.1230480670928955,-1.0,2.5930688934749924e-05,0.0,DQN_RND,0.001,0.99,mountaincar,dense
7,3602,-200.0,200,21.204181671142578,-1.0,6.681992545054527e-06,0.0,DQN_RND,0.001,0.99,mountaincar,dense
7,3603,-200.0,200,12.83529281616211,-1.0,7.33165506972e-05,0.0,DQN_RND,0.001,0.99,mountaincar,dense
7,3604,-200.0,200,9.760042190551758,-1.0,3.963379640481435e-05,0.0,DQN_RND,0.001,0.99,mountaincar,dense
7,3605,-200.0,200,6.260316371917725,-1.0,3.0141973184072413e-05,0.0,DQN_RND,0.001,0.99,mountaincar,dense
7,3606,-200.0,200,15.234199523925781,-1.0,1.001178770820843e-05,0.0,DQN_RND,0.001,0.99,mountaincar,dense
7,3607,-200.0,200,12.320534706115723,-1.0,8.348150731762871e-05,0.0,DQN_RND,0.001,0.99,mountaincar,dense
7,3608,-200.0,200,12.563312530517578,-1.0,1.3647166269947775e-05,0.0,DQN_RND,0.001,0.99,mountaincar,dense
7,3609,-200.0,200,19.289398193359375,-1.0,7.550153441115981e-06,0.0,DQN_RND,0.001,0.99,mountaincar,dense
7,3610,-200.0,200,34.040836334228516,-1.0,1.1931705557799432e-05,0.0,DQN_RND,0.001,0.99,mountaincar,dense
7,3611,-200.0,200,17.854297637939453,-1.0,8.906949369702488e-05,0.0,DQN_RND,0.001,0.99,mountaincar,dense
7,3612,-200.0,200,15.45668888092041,-1.0,7.498141349060461e-05,0.0,DQN_RND,0.001,0.99,mountaincar,dense
7,3613,-200.0,200,21.995800018310547,-1.0,7.491488304367522e-06,0.0,DQN_RND,0.001,0.99,mountaincar,dense
7,3614,-200.0,200,17.60432243347168,-1.0,1.2292275641812012e-05,0.0,DQN_RND,0.001,0.99,mountaincar,dense
7,3615,-200.0,200,18.69756507873535,-1.0,0.00014493706112261862,0.0,DQN_RND,0.001,0.99,mountaincar,dense
7,3616,-200.0,200,29.53765869140625,-1.0,2.1860123524675146e-05,0.0,DQN_RND,0.001,0.99,mountaincar,dense
7,3617,-200.0,200,26.02126121520996,-1.0,4.5989676436875015e-05,0.0,DQN_RND,0.001,0.99,mountaincar,dense
7,3618,-200.0,200,14.994831085205078,-1.0,7.515386823797598e-05,0.0,DQN_RND,0.001,0.99,mountaincar,dense
7,3619,-200.0,200,6.269702911376953,-1.0,9.155476618616376e-06,0.0,DQN_RND,0.001,0.99,mountaincar,dense
7,3620,-200.0,200,18.51474952697754,-1.0,8.568506018491462e-06,0.0,DQN_RND,0.001,0.99,mountaincar,dense
7,3621,-200.0,200,15.018957138061523,-1.0,3.361428389325738e-05,0.0,DQN_RND,0.001,0.99,mountaincar,dense
7,3622,-200.0,200,23.763200759887695,-1.0,1.702117151580751e-05,0.0,DQN_RND,0.001,0.99,mountaincar,dense
7,3623,-200.0,200,20.83395004272461,-1.0,1.3555912119045388e-05,0.0,DQN_RND,0.001,0.99,mountaincar,dense
7,3624,-200.0,200,23.163000106811523,-1.0,9.374700312037021e-06,0.0,DQN_RND,0.001,0.99,mountaincar,dense
7,3625,-200.0,200,11.63450813293457,-1.0,0.00010210678010480478,0.0,DQN_RND,0.001,0.99,mountaincar,dense
7,3626,-200.0,200,16.567760467529297,-1.0,1.0353055586165283e-05,0.0,DQN_RND,0.001,0.99,mountaincar,dense
7,3627,-200.0,200,23.780139923095703,-1.0,7.634989015059546e-05,0.0,DQN_RND,0.001,0.99,mountaincar,dense
7,3628,-200.0,200,20.466550827026367,-1.0,1.0418889360153116e-05,0.0,DQN_RND,0.001,0.99,mountaincar,dense
7,3629,-200.0,200,20.514156341552734,-1.0,6.474922429333674e-06,0.0,DQN_RND,0.001,0.99,mountaincar,dense
7,3630,-200.0,200,8.66800308227539,-1.0,3.8653517549391836e-05,0.0,DQN_RND,0.001,0.99,mountaincar,dense
7,3631,-200.0,200,11.722516059875488,-1.0,1.0145112355530728e-05,0.0,DQN_RND,0.001,0.99,mountaincar,dense
7,3632,-200.0,200,29.734519958496094,-1.0,1.1553301192179788e-05,0.0,DQN_RND,0.001,0.99,mountaincar,dense
7,3633,-200.0,200,9.083767890930176,-1.0,7.231877589219948e-06,0.0,DQN_RND,0.001,0.99,mountaincar,dense
7,3634,-200.0,200,21.033342361450195,-1.0,1.4203825230652e-05,0.0,DQN_RND,0.001,0.99,mountaincar,dense
7,3635,-200.0,200,26.530838012695312,-1.0,1.564754347782582e-05,0.0,DQN_RND,0.001,0.99,mountaincar,dense
7,3636,-200.0,200,14.586886405944824,-1.0,1.901578434626572e-05,0.0,DQN_RND,0.001,0.99,mountaincar,dense
7,3637,-200.0,200,23.38650131225586,-1.0,7.914159141364507e-06,0.0,DQN_RND,0.001,0.99,mountaincar,dense
7,3638,-200.0,200,3.091189384460449,-1.0,9.307756045018323e-06,0.0,DQN_RND,0.001,0.99,mountaincar,dense
7,3639,-200.0,200,8.710487365722656,-1.0,1.3282769941724837e-05,0.0,DQN_RND,0.001,0.99,mountaincar,dense
7,3640,-200.0,200,11.898898124694824,-1.0,8.500357216689736e-05,0.0,DQN_RND,0.001,0.99,mountaincar,dense
7,3641,-200.0,200,12.094348907470703,-1.0,1.3264936569612473e-05,0.0,DQN_RND,0.001,0.99,mountaincar,dense
7,3642,-200.0,200,17.293994903564453,-1.0,6.893769750604406e-05,0.0,DQN_RND,0.001,0.99,mountaincar,dense
7,3643,-200.0,200,18.290136337280273,-1.0,0.00010239972471026704,0.0,DQN_RND,0.001,0.99,mountaincar,dense
7,3644,-200.0,200,18.429317474365234,-1.0,5.2365307055879384e-05,0.0,DQN_RND,0.001,0.99,mountaincar,dense
7,3645,-200.0,200,20.534666061401367,-1.0,1.108297783503076e-05,0.0,DQN_RND,0.001,0.99,mountaincar,dense
7,3646,-200.0,200,11.89261531829834,-1.0,7.049410487525165e-05,0.0,DQN_RND,0.001,0.99,mountaincar,dense
7,3647,-200.0,200,12.360725402832031,-1.0,6.904048859723844e-06,0.0,DQN_RND,0.001,0.99,mountaincar,dense
7,3648,-200.0,200,15.307648658752441,-1.0,2.9291253667906858e-05,0.0,DQN_RND,0.001,0.99,mountaincar,dense
7,3649,-200.0,200,11.851174354553223,-1.0,0.00012558355228975415,0.0,DQN_RND,0.001,0.99,mountaincar,dense
7,3650,-200.0,200,9.044639587402344,-1.0,9.455445979256183e-05,0.0,DQN_RND,0.001,0.99,mountaincar,dense
7,3651,-200.0,200,21.89307403564453,-1.0,7.284461025847122e-05,0.0,DQN_RND,0.001,0.99,mountaincar,dense
7,3652,-200.0,200,9.32473087310791,-1.0,1.358724148303736e-05,0.0,DQN_RND,0.001,0.99,mountaincar,dense
7,3653,-200.0,200,23.545896530151367,-1.0,8.158714626915753e-05,0.0,DQN_RND,0.001,0.99,mountaincar,dense
7,3654,-200.0,200,9.571430206298828,-1.0,0.00010414609278086573,0.0,DQN_RND,0.001,0.99,mountaincar,dense
7,3655,-200.0,200,6.167962074279785,-1.0,1.2632674042833969e-05,0.0,DQN_RND,0.001,0.99,mountaincar,dense
7,3656,-200.0,200,12.686402320861816,-1.0,0.00012333130871411413,0.0,DQN_RND,0.001,0.99,mountaincar,dense
7,3657,-200.0,200,15.792070388793945,-1.0,8.202285971492529e-05,0.0,DQN_RND,0.001,0.99,mountaincar,dense
7,3658,-200.0,200,15.741690635681152,-1.0,6.1055329751980025e-06,0.0,DQN_RND,0.001,0.99,mountaincar,dense
7,3659,-200.0,200,12.006547927856445,-1.0,9.720008529257029e-05,0.0,DQN_RND,0.001,0.99,mountaincar,dense
7,3660,-200.0,200,16.371397018432617,-1.0,0.00012595571752171963,0.0,DQN_RND,0.001,0.99,mountaincar,dense
7,3661,-200.0,200,9.673731803894043,-1.0,6.306036812020466e-05,0.0,DQN_RND,0.001,0.99,mountaincar,dense
7,3662,-200.0,200,15.378029823303223,-1.0,6.598414074687753e-06,0.0,DQN_RND,0.001,0.99,mountaincar,dense
7,3663,-200.0,200,9.558816909790039,-1.0,7.957100751809776e-05,0.0,DQN_RND,0.001,0.99,mountaincar,dense
7,3664,-200.0,200,19.903879165649414,-1.0,3.743159322766587e-05,0.0,DQN_RND,0.001,0.99,mountaincar,dense
7,3665,-200.0,200,3.419877290725708,-1.0,2.8360853320918977e-05,0.0,DQN_RND,0.001,0.99,mountaincar,dense
7,3666,-200.0,200,10.011941909790039,-1.0,4.361124592833221e-05,0.0,DQN_RND,0.001,0.99,mountaincar,dense
7,3667,-200.0,200,9.792086601257324,-1.0,1.6841782780829817e-05,0.0,DQN_RND,0.001,0.99,mountaincar,dense
7,3668,-200.0,200,25.98845100402832,-1.0,6.421400939871091e-06,0.0,DQN_RND,0.001,0.99,mountaincar,dense
7,3669,-200.0,200,6.64597225189209,-1.0,2.8112648578826338e-05,0.0,DQN_RND,0.001,0.99,mountaincar,dense
7,3670,-200.0,200,29.95474624633789,-1.0,6.390966518665664e-06,0.0,DQN_RND,0.001,0.99,mountaincar,dense
7,3671,-200.0,200,12.93664264678955,-1.0,1.6403149857069366e-05,0.0,DQN_RND,0.001,0.99,mountaincar,dense
7,3672,-200.0,200,21.97047233581543,-1.0,6.141045560070779e-06,0.0,DQN_RND,0.001,0.99,mountaincar,dense
7,3673,-200.0,200,31.853519439697266,-1.0,0.00010938956256723031,0.0,DQN_RND,0.001,0.99,mountaincar,dense
7,3674,-200.0,200,2.9083199501037598,-1.0,1.3116105037624948e-05,0.0,DQN_RND,0.001,0.99,mountaincar,dense
7,3675,-200.0,200,15.632689476013184,-1.0,0.0001356893335469067,0.0,DQN_RND,0.001,0.99,mountaincar,dense
7,3676,-200.0,200,18.22879981994629,-1.0,7.2858924795582425e-06,0.0,DQN_RND,0.001,0.99,mountaincar,dense
7,3677,-200.0,200,6.181274890899658,-1.0,1.798149423848372e-05,0.0,DQN_RND,0.001,0.99,mountaincar,dense
7,3678,-200.0,200,15.968019485473633,-1.0,7.909557461971417e-05,0.0,DQN_RND,0.001,0.99,mountaincar,dense
7,3679,-200.0,200,6.493424892425537,-1.0,7.218020982691087e-06,0.0,DQN_RND,0.001,0.99,mountaincar,dense
7,3680,-200.0,200,25.171194076538086,-1.0,2.0796931494260207e-05,0.0,DQN_RND,0.001,0.99,mountaincar,dense
7,3681,-200.0,200,25.086318969726562,-1.0,5.3355655836639926e-05,0.0,DQN_RND,0.001,0.99,mountaincar,dense
7,3682,-200.0,200,6.119552135467529,-1.0,1.1635679584287573e-05,0.0,DQN_RND,0.001,0.99,mountaincar,dense
7,3683,-200.0,200,6.244419574737549,-1.0,8.297777640109416e-06,0.0,DQN_RND,0.001,0.99,mountaincar,dense
7,3684,-200.0,200,9.287221908569336,-1.0,8.68539973453153e-06,0.0,DQN_RND,0.001,0.99,mountaincar,dense
7,3685,-200.0,200,6.34835147857666,-1.0,8.598747626820114e-06,0.0,DQN_RND,0.001,0.99,mountaincar,dense
7,3686,-200.0,200,5.953372955322266,-1.0,1.850330227171071e-05,0.0,DQN_RND,0.001,0.99,mountaincar,dense
7,3687,-200.0,200,12.39439582824707,-1.0,8.057575178099796e-05,0.0,DQN_RND,0.001,0.99,mountaincar,dense
7,3688,-200.0,200,27.954498291015625,-1.0,7.20197640475817e-05,0.0,DQN_RND,0.001,0.99,mountaincar,dense
7,3689,-200.0,200,6.518200874328613,-1.0,3.140810440527275e-05,0.0,DQN_RND,0.001,0.99,mountaincar,dense
7,3690,-200.0,200,24.505664825439453,-1.0,2.6757117666420527e-05,0.0,DQN_RND,0.001,0.99,mountaincar,dense
7,3691,-200.0,200,18.49082374572754,-1.0,2.4092070816550404e-05,0.0,DQN_RND,0.001,0.99,mountaincar,dense
7,3692,-200.0,200,23.596790313720703,-1.0,1.2472762136894744e-05,0.0,DQN_RND,0.001,0.99,mountaincar,dense
7,3693,-200.0,200,21.658790588378906,-1.0,0.00014490362082142383,0.0,DQN_RND,0.001,0.99,mountaincar,dense
7,3694,-200.0,200,15.77234935760498,-1.0,1.7343265426461585e-05,0.0,DQN_RND,0.001,0.99,mountaincar,dense
7,3695,-200.0,200,15.864057540893555,-1.0,1.92488769243937e-05,0.0,DQN_RND,0.001,0.99,mountaincar,dense
7,3696,-200.0,200,3.246702194213867,-1.0,3.981082045356743e-05,0.0,DQN_RND,0.001,0.99,mountaincar,dense
7,3697,-200.0,200,9.282931327819824,-1.0,4.20932519773487e-05,0.0,DQN_RND,0.001,0.99,mountaincar,dense
7,3698,-200.0,200,17.939672470092773,-1.0,0.00015705065743532032,0.0,DQN_RND,0.001,0.99,mountaincar,dense
7,3699,-200.0,200,11.919394493103027,-1.0,7.808081136317924e-06,0.0,DQN_RND,0.001,0.99,mountaincar,dense
7,3700,-200.0,200,24.793352127075195,-1.0,6.822807335993275e-05,0.0,DQN_RND,0.001,0.99,mountaincar,dense
7,3701,-200.0,200,3.1291346549987793,-1.0,1.987714131246321e-05,0.0,DQN_RND,0.001,0.99,mountaincar,dense
7,3702,-200.0,200,12.416603088378906,-1.0,7.27627775631845e-06,0.0,DQN_RND,0.001,0.99,mountaincar,dense
7,3703,-200.0,200,9.16634464263916,-1.0,1.376021191390464e-05,0.0,DQN_RND,0.001,0.99,mountaincar,dense
7,3704,-200.0,200,32.43586349487305,-1.0,2.274887083331123e-05,0.0,DQN_RND,0.001,0.99,mountaincar,dense
7,3705,-200.0,200,24.824647903442383,-1.0,0.00014301438932307065,0.0,DQN_RND,0.001,0.99,mountaincar,dense
7,3706,-200.0,200,30.286163330078125,-1.0,5.4375352192437276e-05,0.0,DQN_RND,0.001,0.99,mountaincar,dense
7,3707,-200.0,200,25.514211654663086,-1.0,6.031607426848495e-06,0.0,DQN_RND,0.001,0.99,mountaincar,dense
7,3708,-200.0,200,6.1899590492248535,-1.0,2.5936218662536703e-05,0.0,DQN_RND,0.001,0.99,mountaincar,dense
7,3709,-200.0,200,6.3495192527771,-1.0,4.4114312913734466e-05,0.0,DQN_RND,0.001,0.99,mountaincar,dense
7,3710,-200.0,200,5.846134662628174,-1.0,5.7381935221201275e-06,0.0,DQN_RND,0.001,0.99,mountaincar,dense
7,3711,-200.0,200,9.294999122619629,-1.0,0.0001088239296223037,0.0,DQN_RND,0.001,0.99,mountaincar,dense
7,3712,-200.0,200,9.10647201538086,-1.0,9.533199045108631e-05,0.0,DQN_RND,0.001,0.99,mountaincar,dense
7,3713,-200.0,200,12.753767013549805,-1.0,8.001441165106371e-05,0.0,DQN_RND,0.001,0.99,mountaincar,dense
7,3714,-200.0,200,9.740328788757324,-1.0,1.3611604117613751e-05,0.0,DQN_RND,0.001,0.99,mountaincar,dense
7,3715,-200.0,200,9.810089111328125,-1.0,6.150793979031732e-06,0.0,DQN_RND,0.001,0.99,mountaincar,dense
7,3716,-200.0,200,15.117036819458008,-1.0,1.8791886759572662e-05,0.0,DQN_RND,0.001,0.99,mountaincar,dense
7,3717,-200.0,200,30.174983978271484,-1.0,2.8114083761465736e-05,0.0,DQN_RND,0.001,0.99,mountaincar,dense
7,3718,-200.0,200,27.382427215576172,-1.0,7.575910785817541e-06,0.0,DQN_RND,0.001,0.99,mountaincar,dense
7,3719,-200.0,200,11.690847396850586,-1.0,1.6937479813350365e-05,0.0,DQN_RND,0.001,0.99,mountaincar,dense
7,3720,-200.0,200,23.561437606811523,-1.0,8.197993338399101e-06,0.0,DQN_RND,0.001,0.99,mountaincar,dense
7,3721,-200.0,200,11.568954467773438,-1.0,1.3675362424692139e-05,0.0,DQN_RND,0.001,0.99,mountaincar,dense
7,3722,-200.0,200,23.355600357055664,-1.0,1.2658078958338592e-05,0.0,DQN_RND,0.001,0.99,mountaincar,dense
7,3723,-200.0,200,15.087318420410156,-1.0,1.648384022701066e-05,0.0,DQN_RND,0.001,0.99,mountaincar,dense
7,3724,-200.0,200,15.157632827758789,-1.0,1.3787068382953294e-05,0.0,DQN_RND,0.001,0.99,mountaincar,dense
7,3725,-200.0,200,14.565427780151367,-1.0,2.304993904544972e-05,0.0,DQN_RND,0.001,0.99,mountaincar,dense
7,3726,-200.0,200,15.046672821044922,-1.0,8.218227594625205e-05,0.0,DQN_RND,0.001,0.99,mountaincar,dense
7,3727,-200.0,200,21.89545249938965,-1.0,1.0840333743544761e-05,0.0,DQN_RND,0.001,0.99,mountaincar,dense
7,3728,-200.0,200,14.161237716674805,-1.0,0.00013633932394441217,0.0,DQN_RND,0.001,0.99,mountaincar,dense
7,3729,-200.0,200,14.591947555541992,-1.0,0.00012875998800154775,0.0,DQN_RND,0.001,0.99,mountaincar,dense
7,3730,-200.0,200,20.06830406188965,-1.0,0.00013701277202926576,0.0,DQN_RND,0.001,0.99,mountaincar,dense
7,3731,-200.0,200,11.776161193847656,-1.0,7.258945697685704e-05,0.0,DQN_RND,0.001,0.99,mountaincar,dense
7,3732,-200.0,200,0.03154264762997627,-1.0,6.6164798226964194e-06,0.0,DQN_RND,0.001,0.99,mountaincar,dense
7,3733,-200.0,200,11.57348346710205,-1.0,1.183897620649077e-05,0.0,DQN_RND,0.001,0.99,mountaincar,dense
7,3734,-200.0,200,11.840262413024902,-1.0,4.132794128963724e-05,0.0,DQN_RND,0.001,0.99,mountaincar,dense
7,3735,-200.0,200,14.237292289733887,-1.0,2.142208359146025e-05,0.0,DQN_RND,0.001,0.99,mountaincar,dense
7,3736,-200.0,200,14.32786750793457,-1.0,0.00014432263560593128,0.0,DQN_RND,0.001,0.99,mountaincar,dense
7,3737,-200.0,200,20.433610916137695,-1.0,9.864468665909953e-06,0.0,DQN_RND,0.001,0.99,mountaincar,dense
7,3738,-200.0,200,5.851676940917969,-1.0,8.291770427604206e-06,0.0,DQN_RND,0.001,0.99,mountaincar,dense
7,3739,-200.0,200,14.400701522827148,-1.0,5.689192676072707e-06,0.0,DQN_RND,0.001,0.99,mountaincar,dense
7,3740,-200.0,200,17.84847640991211,-1.0,0.00010620421380735934,0.0,DQN_RND,0.001,0.99,mountaincar,dense
7,3741,-200.0,200,23.375877380371094,-1.0,1.3957694136479404e-05,0.0,DQN_RND,0.001,0.99,mountaincar,dense
7,3742,-200.0,200,20.588594436645508,-1.0,1.500329926784616e-05,0.0,DQN_RND,0.001,0.99,mountaincar,dense
7,3743,-200.0,200,17.379663467407227,-1.0,3.715722414199263e-05,0.0,DQN_RND,0.001,0.99,mountaincar,dense
7,3744,-200.0,200,8.60533618927002,-1.0,6.864984698040644e-06,0.0,DQN_RND,0.001,0.99,mountaincar,dense
7,3745,-200.0,200,8.381994247436523,-1.0,6.116066742833937e-06,0.0,DQN_RND,0.001,0.99,mountaincar,dense
7,3746,-200.0,200,3.13444447517395,-1.0,0.00015140997129492462,0.0,DQN_RND,0.001,0.99,mountaincar,dense
7,3747,-200.0,200,6.131582260131836,-1.0,1.5203026123344898e-05,0.0,DQN_RND,0.001,0.99,mountaincar,dense
7,3748,-200.0,200,29.48970603942871,-1.0,2.3296543076867238e-05,0.0,DQN_RND,0.001,0.99,mountaincar,dense
7,3749,-200.0,200,11.594482421875,-1.0,0.00012497555871959776,0.0,DQN_RND,0.001,0.99,mountaincar,dense
7,3750,-200.0,200,14.866074562072754,-1.0,7.855080184526742e-05,0.0,DQN_RND,0.001,0.99,mountaincar,dense
7,3751,-200.0,200,14.602039337158203,-1.0,5.5679694924037904e-05,0.0,DQN_RND,0.001,0.99,mountaincar,dense
7,3752,-200.0,200,17.27505111694336,-1.0,9.380671690450981e-05,0.0,DQN_RND,0.001,0.99,mountaincar,dense
7,3753,-200.0,200,14.5411376953125,-1.0,5.6898929869930726e-06,0.0,DQN_RND,0.001,0.99,mountaincar,dense
7,3754,-200.0,200,14.725767135620117,-1.0,7.263966836035252e-05,0.0,DQN_RND,0.001,0.99,mountaincar,dense
7,3755,-200.0,200,26.30249786376953,-1.0,2.1359557649702765e-05,0.0,DQN_RND,0.001,0.99,mountaincar,dense
7,3756,-200.0,200,5.376981735229492,-1.0,6.028227744536707e-06,0.0,DQN_RND,0.001,0.99,mountaincar,dense
7,3757,-200.0,200,5.569046974182129,-1.0,0.00016699181287549436,0.0,DQN_RND,0.001,0.99,mountaincar,dense
7,3758,-200.0,200,11.946249961853027,-1.0,6.646893598372117e-05,0.0,DQN_RND,0.001,0.99,mountaincar,dense
7,3759,-200.0,200,8.880385398864746,-1.0,1.8095504856319167e-05,0.0,DQN_RND,0.001,0.99,mountaincar,dense
7,3760,-200.0,200,12.063724517822266,-1.0,1.5225170500343665e-05,0.0,DQN_RND,0.001,0.99,mountaincar,dense
7,3761,-200.0,200,27.118122100830078,-1.0,4.133042966714129e-05,0.0,DQN_RND,0.001,0.99,mountaincar,dense
7,3762,-200.0,200,11.463949203491211,-1.0,7.845961954444647e-05,0.0,DQN_RND,0.001,0.99,mountaincar,dense
7,3763,-200.0,200,2.884152889251709,-1.0,7.139079389162362e-05,0.0,DQN_RND,0.001,0.99,mountaincar,dense
7,3764,-200.0,200,8.878052711486816,-1.0,0.00010807046783156693,0.0,DQN_RND,0.001,0.99,mountaincar,dense
7,3765,-200.0,200,17.519927978515625,-1.0,0.00010010651749325916,0.0,DQN_RND,0.001,0.99,mountaincar,dense
7,3766,-200.0,200,12.219832420349121,-1.0,8.617874846095219e-05,0.0,DQN_RND,0.001,0.99,mountaincar,dense
7,3767,-200.0,200,8.888105392456055,-1.0,3.188790651620366e-05,0.0,DQN_RND,0.001,0.99,mountaincar,dense
7,3768,-200.0,200,9.215323448181152,-1.0,0.00015922775492072105,0.0,DQN_RND,0.001,0.99,mountaincar,dense
7,3769,-200.0,200,24.644134521484375,-1.0,0.00010631127224769443,0.0,DQN_RND,0.001,0.99,mountaincar,dense
7,3770,-200.0,200,12.681427955627441,-1.0,5.381809751270339e-05,0.0,DQN_RND,0.001,0.99,mountaincar,dense
7,3771,-200.0,200,18.342369079589844,-1.0,3.576436938601546e-05,0.0,DQN_RND,0.001,0.99,mountaincar,dense
7,3772,-200.0,200,18.106985092163086,-1.0,1.0813413609866984e-05,0.0,DQN_RND,0.001,0.99,mountaincar,dense
7,3773,-200.0,200,15.02823543548584,-1.0,2.967144246213138e-05,0.0,DQN_RND,0.001,0.99,mountaincar,dense
7,3774,-200.0,200,15.254568099975586,-1.0,3.7964386137900874e-05,0.0,DQN_RND,0.001,0.99,mountaincar,dense
7,3775,-200.0,200,11.92300033569336,-1.0,1.547843021398876e-05,0.0,DQN_RND,0.001,0.99,mountaincar,dense
7,3776,-200.0,200,15.003801345825195,-1.0,6.870826473459601e-05,0.0,DQN_RND,0.001,0.99,mountaincar,dense
7,3777,-200.0,200,30.476037979125977,-1.0,2.0134666556259617e-05,0.0,DQN_RND,0.001,0.99,mountaincar,dense
7,3778,-200.0,200,3.124659776687622,-1.0,1.801781945687253e-05,0.0,DQN_RND,0.001,0.99,mountaincar,dense
7,3779,-200.0,200,24.479764938354492,-1.0,1.8790995454764925e-05,0.0,DQN_RND,0.001,0.99,mountaincar,dense
7,3780,-200.0,200,24.817333221435547,-1.0,1.6907861208892427e-05,0.0,DQN_RND,0.001,0.99,mountaincar,dense
7,3781,-200.0,200,15.39463996887207,-1.0,5.527139819605509e-06,0.0,DQN_RND,0.001,0.99,mountaincar,dense
7,3782,-200.0,200,9.056371688842773,-1.0,1.3190317076805513e-05,0.0,DQN_RND,0.001,0.99,mountaincar,dense
7,3783,-200.0,200,11.782495498657227,-1.0,1.3120372386765666e-05,0.0,DQN_RND,0.001,0.99,mountaincar,dense
7,3784,-200.0,200,6.256225109100342,-1.0,7.254680531332269e-05,0.0,DQN_RND,0.001,0.99,mountaincar,dense
7,3785,-200.0,200,15.105627059936523,-1.0,8.179357791959774e-06,0.0,DQN_RND,0.001,0.99,mountaincar,dense
7,3786,-200.0,200,20.50499725341797,-1.0,5.756993687100476e-06,0.0,DQN_RND,0.001,0.99,mountaincar,dense
7,3787,-200.0,200,12.445087432861328,-1.0,5.675199190591229e-06,0.0,DQN_RND,0.001,0.99,mountaincar,dense
7,3788,-200.0,200,20.660961151123047,-1.0,5.6280910030181985e-06,0.0,DQN_RND,0.001,0.99,mountaincar,dense
7,3789,-200.0,200,8.776435852050781,-1.0,9.457489068154246e-05,0.0,DQN_RND,0.001,0.99,mountaincar,dense
7,3790,-200.0,200,5.8700690269470215,-1.0,0.00015005767636466771,0.0,DQN_RND,0.001,0.99,mountaincar,dense
7,3791,-200.0,200,15.227129936218262,-1.0,8.371799776796252e-05,0.0,DQN_RND,0.001,0.99,mountaincar,dense
7,3792,-200.0,200,17.26697540283203,-1.0,1.4034318155609071e-05,0.0,DQN_RND,0.001,0.99,mountaincar,dense
7,3793,-200.0,200,24.237306594848633,-1.0,7.530792117904639e-06,0.0,DQN_RND,0.001,0.99,mountaincar,dense
7,3794,-200.0,200,15.057936668395996,-1.0,2.9290755264810286e-05,0.0,DQN_RND,0.001,0.99,mountaincar,dense
7,3795,-200.0,200,15.380049705505371,-1.0,3.0185929063009098e-05,0.0,DQN_RND,0.001,0.99,mountaincar,dense
7,3796,-200.0,200,14.810396194458008,-1.0,3.0061764846323058e-05,0.0,DQN_RND,0.001,0.99,mountaincar,dense
7,3797,-200.0,200,21.308494567871094,-1.0,1.3063416190561838e-05,0.0,DQN_RND,0.001,0.99,mountaincar,dense
7,3798,-200.0,200,12.033632278442383,-1.0,1.0565900993242394e-05,0.0,DQN_RND,0.001,0.99,mountaincar,dense
7,3799,-200.0,200,33.046504974365234,-1.0,8.414449439442251e-06,0.0,DQN_RND,0.001,0.99,mountaincar,dense
7,3800,-200.0,200,21.682924270629883,-1.0,1.2637171494134236e-05,0.0,DQN_RND,0.001,0.99,mountaincar,dense
7,3801,-200.0,200,3.2128586769104004,-1.0,5.7837060012388974e-05,0.0,DQN_RND,0.001,0.99,mountaincar,dense
7,3802,-200.0,200,21.298372268676758,-1.0,1.7125819795182906e-05,0.0,DQN_RND,0.001,0.99,mountaincar,dense
7,3803,-200.0,200,15.467144012451172,-1.0,3.7299541872926056e-05,0.0,DQN_RND,0.001,0.99,mountaincar,dense
7,3804,-200.0,200,18.07264518737793,-1.0,7.526464469265193e-05,0.0,DQN_RND,0.001,0.99,mountaincar,dense
7,3805,-200.0,200,18.85745620727539,-1.0,7.203610039141495e-06,0.0,DQN_RND,0.001,0.99,mountaincar,dense
7,3806,-200.0,200,22.0594482421875,-1.0,2.404399674560409e-05,0.0,DQN_RND,0.001,0.99,mountaincar,dense
7,3807,-200.0,200,34.09792709350586,-1.0,4.336354322731495e-05,0.0,DQN_RND,0.001,0.99,mountaincar,dense
7,3808,-200.0,200,24.061065673828125,-1.0,1.816051189962309e-05,0.0,DQN_RND,0.001,0.99,mountaincar,dense
7,3809,-200.0,200,9.362778663635254,-1.0,1.9729081031982787e-05,0.0,DQN_RND,0.001,0.99,mountaincar,dense
7,3810,-200.0,200,6.270735263824463,-1.0,1.0778799151012208e-05,0.0,DQN_RND,0.001,0.99,mountaincar,dense
7,3811,-200.0,200,14.572183609008789,-1.0,5.554396557272412e-05,0.0,DQN_RND,0.001,0.99,mountaincar,dense
7,3812,-200.0,200,22.010498046875,-1.0,9.580143341736402e-06,0.0,DQN_RND,0.001,0.99,mountaincar,dense
7,3813,-200.0,200,15.9277982711792,-1.0,3.4393389796605334e-05,0.0,DQN_RND,0.001,0.99,mountaincar,dense
7,3814,-200.0,200,9.381303787231445,-1.0,4.7809200623305514e-05,0.0,DQN_RND,0.001,0.99,mountaincar,dense
7,3815,-200.0,200,32.98119354248047,-1.0,1.59825667651603e-05,0.0,DQN_RND,0.001,0.99,mountaincar,dense
7,3816,-200.0,200,15.727747917175293,-1.0,7.426500360452337e-06,0.0,DQN_RND,0.001,0.99,mountaincar,dense
7,3817,-200.0,200,27.696643829345703,-1.0,8.226916179410182e-06,0.0,DQN_RND,0.001,0.99,mountaincar,dense
7,3818,-200.0,200,34.22541809082031,-1.0,1.8087384887621738e-05,0.0,DQN_RND,0.001,0.99,mountaincar,dense
7,3819,-200.0,200,26.38567352294922,-1.0,3.30158400174696e-05,0.0,DQN_RND,0.001,0.99,mountaincar,dense
7,3820,-200.0,200,9.452801704406738,-1.0,0.00011326446110615507,0.0,DQN_RND,0.001,0.99,mountaincar,dense
7,3821,-200.0,200,11.83695125579834,-1.0,6.166237199067837e-06,0.0,DQN_RND,0.001,0.99,mountaincar,dense
7,3822,-200.0,200,15.71289348602295,-1.0,8.732669812161475e-05,0.0,DQN_RND,0.001,0.99,mountaincar,dense
7,3823,-200.0,200,12.126776695251465,-1.0,1.5436513422173448e-05,0.0,DQN_RND,0.001,0.99,mountaincar,dense
7,3824,-200.0,200,17.851886749267578,-1.0,6.6461311689636204e-06,0.0,DQN_RND,0.001,0.99,mountaincar,dense
7,3825,-200.0,200,6.126359939575195,-1.0,1.4356221072375774e-05,0.0,DQN_RND,0.001,0.99,mountaincar,dense
7,3826,-200.0,200,18.25883674621582,-1.0,5.569218046730384e-06,0.0,DQN_RND,0.001,0.99,mountaincar,dense
7,3827,-200.0,200,12.023884773254395,-1.0,5.632552347378805e-05,0.0,DQN_RND,0.001,0.99,mountaincar,dense
7,3828,-200.0,200,24.508657455444336,-1.0,6.165671948110685e-06,0.0,DQN_RND,0.001,0.99,mountaincar,dense
7,3829,-200.0,200,15.075179100036621,-1.0,9.007131666294299e-06,0.0,DQN_RND,0.001,0.99,mountaincar,dense
7,3830,-200.0,200,12.133200645446777,-1.0,6.302905603661202e-06,0.0,DQN_RND,0.001,0.99,mountaincar,dense
7,3831,-200.0,200,20.361371994018555,-1.0,5.354894710762892e-06,0.0,DQN_RND,0.001,0.99,mountaincar,dense
7,3832,-200.0,200,14.93674087524414,-1.0,6.625825790251838e-06,0.0,DQN_RND,0.001,0.99,mountaincar,dense
7,3833,-200.0,200,8.533802032470703,-1.0,1.8181803170591593e-05,0.0,DQN_RND,0.001,0.99,mountaincar,dense
7,3834,-200.0,200,23.898345947265625,-1.0,7.091197039699182e-05,0.0,DQN_RND,0.001,0.99,mountaincar,dense
7,3835,-200.0,200,5.863603591918945,-1.0,7.378054579021409e-05,0.0,DQN_RND,0.001,0.99,mountaincar,dense
7,3836,-200.0,200,6.2815375328063965,-1.0,0.00013404730998445302,0.0,DQN_RND,0.001,0.99,mountaincar,dense
7,3837,-200.0,200,6.100813388824463,-1.0,3.063687472604215e-05,0.0,DQN_RND,0.001,0.99,mountaincar,dense
7,3838,-200.0,200,23.627771377563477,-1.0,5.289743512548739e-06,0.0,DQN_RND,0.001,0.99,mountaincar,dense
7,3839,-200.0,200,9.440877914428711,-1.0,2.4843780920491554e-05,0.0,DQN_RND,0.001,0.99,mountaincar,dense
7,3840,-200.0,200,9.15483570098877,-1.0,2.8542106520035304e-05,0.0,DQN_RND,0.001,0.99,mountaincar,dense
7,3841,-200.0,200,6.020961284637451,-1.0,6.360064617183525e-06,0.0,DQN_RND,0.001,0.99,mountaincar,dense
7,3842,-200.0,200,15.599254608154297,-1.0,8.619975415058434e-05,0.0,DQN_RND,0.001,0.99,mountaincar,dense
7,3843,-200.0,200,14.941869735717773,-1.0,5.229665021033725e-06,0.0,DQN_RND,0.001,0.99,mountaincar,dense
7,3844,-200.0,200,9.055696487426758,-1.0,0.00011166884360136464,0.0,DQN_RND,0.001,0.99,mountaincar,dense
7,3845,-200.0,200,21.64076042175293,-1.0,0.00011706227087415755,0.0,DQN_RND,0.001,0.99,mountaincar,dense
7,3846,-200.0,200,14.837976455688477,-1.0,6.097971709095873e-05,0.0,DQN_RND,0.001,0.99,mountaincar,dense
7,3847,-200.0,200,6.163421154022217,-1.0,5.461187902255915e-05,0.0,DQN_RND,0.001,0.99,mountaincar,dense
7,3848,-200.0,200,15.167559623718262,-1.0,1.5016131328593474e-05,0.0,DQN_RND,0.001,0.99,mountaincar,dense
7,3849,-200.0,200,14.943888664245605,-1.0,1.5306539353332482e-05,0.0,DQN_RND,0.001,0.99,mountaincar,dense
7,3850,-200.0,200,20.668882369995117,-1.0,5.767599759565201e-06,0.0,DQN_RND,0.001,0.99,mountaincar,dense
7,3851,-200.0,200,32.401084899902344,-1.0,7.532090876338771e-06,0.0,DQN_RND,0.001,0.99,mountaincar,dense
7,3852,-200.0,200,20.162355422973633,-1.0,4.906569665763527e-05,0.0,DQN_RND,0.001,0.99,mountaincar,dense
7,3853,-200.0,200,14.609542846679688,-1.0,0.0001402856723871082,0.0,DQN_RND,0.001,0.99,mountaincar,dense
7,3854,-200.0,200,23.59728240966797,-1.0,5.498748578247614e-05,0.0,DQN_RND,0.001,0.99,mountaincar,dense
7,3855,-200.0,200,11.83133602142334,-1.0,8.7324769992847e-06,0.0,DQN_RND,0.001,0.99,mountaincar,dense
7,3856,-200.0,200,23.75424575805664,-1.0,9.01074326975504e-06,0.0,DQN_RND,0.001,0.99,mountaincar,dense
7,3857,-200.0,200,29.608713150024414,-1.0,6.449478405556874e-06,0.0,DQN_RND,0.001,0.99,mountaincar,dense
7,3858,-200.0,200,18.33137321472168,-1.0,0.0001052698862622492,0.0,DQN_RND,0.001,0.99,mountaincar,dense
7,3859,-200.0,200,18.0400390625,-1.0,2.1277206542436033e-05,0.0,DQN_RND,0.001,0.99,mountaincar,dense
7,3860,-200.0,200,23.51250457763672,-1.0,7.4875015343423e-06,0.0,DQN_RND,0.001,0.99,mountaincar,dense
7,3861,-200.0,200,8.872157096862793,-1.0,0.0001589118328411132,0.0,DQN_RND,0.001,0.99,mountaincar,dense
7,3862,-200.0,200,20.51055908203125,-1.0,7.098355126800016e-05,0.0,DQN_RND,0.001,0.99,mountaincar,dense
7,3863,-200.0,200,26.446802139282227,-1.0,5.67669258089154e-06,0.0,DQN_RND,0.001,0.99,mountaincar,dense
7,3864,-200.0,200,11.783975601196289,-1.0,6.520072929561138e-06,0.0,DQN_RND,0.001,0.99,mountaincar,dense
7,3865,-200.0,200,17.17274284362793,-1.0,3.9957234548637643e-05,0.0,DQN_RND,0.001,0.99,mountaincar,dense
7,3866,-200.0,200,14.88977336883545,-1.0,5.08856965097948e-06,0.0,DQN_RND,0.001,0.99,mountaincar,dense
7,3867,-200.0,200,22.446292877197266,-1.0,2.2338241251418367e-05,0.0,DQN_RND,0.001,0.99,mountaincar,dense
7,3868,-200.0,200,9.287933349609375,-1.0,0.0001465950335841626,0.0,DQN_RND,0.001,0.99,mountaincar,dense
7,3869,-200.0,200,11.725666999816895,-1.0,5.451997276395559e-05,0.0,DQN_RND,0.001,0.99,mountaincar,dense
7,3870,-200.0,200,14.6416597366333,-1.0,4.319431172916666e-05,0.0,DQN_RND,0.001,0.99,mountaincar,dense
7,3871,-200.0,200,5.622841835021973,-1.0,4.972130409441888e-05,0.0,DQN_RND,0.001,0.99,mountaincar,dense
7,3872,-200.0,200,17.719032287597656,-1.0,5.113194492878392e-05,0.0,DQN_RND,0.001,0.99,mountaincar,dense
7,3873,-200.0,200,14.645816802978516,-1.0,3.0067087209317833e-05,0.0,DQN_RND,0.001,0.99,mountaincar,dense
7,3874,-200.0,200,11.085288047790527,-1.0,2.0939753085258417e-05,0.0,DQN_RND,0.001,0.99,mountaincar,dense
7,3875,-200.0,200,13.961396217346191,-1.0,9.291002243116964e-06,0.0,DQN_RND,0.001,0.99,mountaincar,dense
7,3876,-200.0,200,30.731403350830078,-1.0,0.00010312416998203844,0.0,DQN_RND,0.001,0.99,mountaincar,dense
7,3877,-200.0,200,20.22793960571289,-1.0,6.236936769710155e-06,0.0,DQN_RND,0.001,0.99,mountaincar,dense
7,3878,-200.0,200,25.58418846130371,-1.0,6.593874786631204e-06,0.0,DQN_RND,0.001,0.99,mountaincar,dense
7,3879,-200.0,200,3.081012487411499,-1.0,1.3539664905692916e-05,0.0,DQN_RND,0.001,0.99,mountaincar,dense
7,3880,-200.0,200,14.58150863647461,-1.0,1.2316275388002396e-05,0.0,DQN_RND,0.001,0.99,mountaincar,dense
7,3881,-200.0,200,18.152841567993164,-1.0,1.902463918668218e-05,0.0,DQN_RND,0.001,0.99,mountaincar,dense
7,3882,-200.0,200,12.28743839263916,-1.0,2.831792335200589e-05,0.0,DQN_RND,0.001,0.99,mountaincar,dense
7,3883,-200.0,200,17.430130004882812,-1.0,3.3401949622202665e-05,0.0,DQN_RND,0.001,0.99,mountaincar,dense
7,3884,-200.0,200,20.058380126953125,-1.0,6.600545930268709e-06,0.0,DQN_RND,0.001,0.99,mountaincar,dense
7,3885,-200.0,200,18.55750846862793,-1.0,0.00013064696395304054,0.0,DQN_RND,0.001,0.99,mountaincar,dense
7,3886,-200.0,200,15.063517570495605,-1.0,1.9039596736547537e-05,0.0,DQN_RND,0.001,0.99,mountaincar,dense
7,3887,-200.0,200,11.967405319213867,-1.0,5.117211912875064e-06,0.0,DQN_RND,0.001,0.99,mountaincar,dense
7,3888,-200.0,200,8.762084007263184,-1.0,6.5127937887154985e-06,0.0,DQN_RND,0.001,0.99,mountaincar,dense
7,3889,-200.0,200,6.253861904144287,-1.0,7.541501418018015e-06,0.0,DQN_RND,0.001,0.99,mountaincar,dense
7,3890,-200.0,200,8.87160587310791,-1.0,4.4801960029872134e-05,0.0,DQN_RND,0.001,0.99,mountaincar,dense
7,3891,-200.0,200,32.083335876464844,-1.0,1.0443125574965961e-05,0.0,DQN_RND,0.001,0.99,mountaincar,dense
7,3892,-200.0,200,9.221599578857422,-1.0,6.551827391376719e-05,0.0,DQN_RND,0.001,0.99,mountaincar,dense
7,3893,-200.0,200,21.131399154663086,-1.0,2.7560998205444776e-05,0.0,DQN_RND,0.001,0.99,mountaincar,dense
7,3894,-200.0,200,23.438514709472656,-1.0,3.978681706939824e-05,0.0,DQN_RND,0.001,0.99,mountaincar,dense
7,3895,-200.0,200,11.440217018127441,-1.0,4.98576127938577e-06,0.0,DQN_RND,0.001,0.99,mountaincar,dense
7,3896,-200.0,200,21.575868606567383,-1.0,1.837332092691213e-05,0.0,DQN_RND,0.001,0.99,mountaincar,dense
7,3897,-200.0,200,21.152259826660156,-1.0,7.847627784940414e-06,0.0,DQN_RND,0.001,0.99,mountaincar,dense
7,3898,-200.0,200,15.523669242858887,-1.0,6.087416295486037e-06,0.0,DQN_RND,0.001,0.99,mountaincar,dense
7,3899,-200.0,200,12.596094131469727,-1.0,5.94228276895592e-06,0.0,DQN_RND,0.001,0.99,mountaincar,dense
7,3900,-200.0,200,9.534684181213379,-1.0,2.0861043594777584e-05,0.0,DQN_RND,0.001,0.99,mountaincar,dense
7,3901,-200.0,200,12.075910568237305,-1.0,1.6090452845674008e-05,0.0,DQN_RND,0.001,0.99,mountaincar,dense
7,3902,-200.0,200,20.781387329101562,-1.0,1.2431458344508428e-05,0.0,DQN_RND,0.001,0.99,mountaincar,dense
7,3903,-200.0,200,17.66865348815918,-1.0,9.5933057309594e-05,0.0,DQN_RND,0.001,0.99,mountaincar,dense
7,3904,-200.0,200,24.455123901367188,-1.0,0.0001405601651640609,0.0,DQN_RND,0.001,0.99,mountaincar,dense
7,3905,-200.0,200,6.160167217254639,-1.0,3.655486580100842e-05,0.0,DQN_RND,0.001,0.99,mountaincar,dense
7,3906,-200.0,200,27.707469940185547,-1.0,1.0155292329727672e-05,0.0,DQN_RND,0.001,0.99,mountaincar,dense
7,3907,-200.0,200,9.113591194152832,-1.0,5.404578405432403e-05,0.0,DQN_RND,0.001,0.99,mountaincar,dense
7,3908,-200.0,200,18.765701293945312,-1.0,7.438055490638362e-06,0.0,DQN_RND,0.001,0.99,mountaincar,dense
7,3909,-200.0,200,6.399566650390625,-1.0,5.299203166941879e-06,0.0,DQN_RND,0.001,0.99,mountaincar,dense
7,3910,-200.0,200,9.533108711242676,-1.0,9.253903044736944e-06,0.0,DQN_RND,0.001,0.99,mountaincar,dense
7,3911,-200.0,200,12.314582824707031,-1.0,4.5875105570303276e-05,0.0,DQN_RND,0.001,0.99,mountaincar,dense
7,3912,-200.0,200,18.744882583618164,-1.0,5.111312020744663e-06,0.0,DQN_RND,0.001,0.99,mountaincar,dense
7,3913,-200.0,200,34.250633239746094,-1.0,1.3983292774355505e-05,0.0,DQN_RND,0.001,0.99,mountaincar,dense
7,3914,-200.0,200,11.407920837402344,-1.0,2.9037235435680486e-05,0.0,DQN_RND,0.001,0.99,mountaincar,dense
7,3915,-200.0,200,14.872559547424316,-1.0,5.799939754069783e-05,0.0,DQN_RND,0.001,0.99,mountaincar,dense
7,3916,-200.0,200,11.75788402557373,-1.0,1.913558298838325e-05,0.0,DQN_RND,0.001,0.99,mountaincar,dense
7,3917,-200.0,200,17.567649841308594,-1.0,4.880106644122861e-06,0.0,DQN_RND,0.001,0.99,mountaincar,dense
7,3918,-200.0,200,11.64242935180664,-1.0,6.484302048193058e-06,0.0,DQN_RND,0.001,0.99,mountaincar,dense
7,3919,-200.0,200,2.9673993587493896,-1.0,7.300007837329758e-06,0.0,DQN_RND,0.001,0.99,mountaincar,dense
7,3920,-200.0,200,11.763561248779297,-1.0,4.9872764975589234e-06,0.0,DQN_RND,0.001,0.99,mountaincar,dense
7,3921,-200.0,200,17.689929962158203,-1.0,2.01231159735471e-05,0.0,DQN_RND,0.001,0.99,mountaincar,dense
7,3922,-200.0,200,14.1005859375,-1.0,3.575742812245153e-05,0.0,DQN_RND,0.001,0.99,mountaincar,dense
7,3923,-200.0,200,8.877422332763672,-1.0,2.68470303126378e-05,0.0,DQN_RND,0.001,0.99,mountaincar,dense
7,3924,-200.0,200,11.913805961608887,-1.0,1.6932113794609904e-05,0.0,DQN_RND,0.001,0.99,mountaincar,dense
7,3925,-200.0,200,17.973127365112305,-1.0,5.7024524721782655e-05,0.0,DQN_RND,0.001,0.99,mountaincar,dense
7,3926,-200.0,200,11.915924072265625,-1.0,5.661282557412051e-05,0.0,DQN_RND,0.001,0.99,mountaincar,dense
7,3927,-200.0,200,9.135795593261719,-1.0,1.2876644177595153e-05,0.0,DQN_RND,0.001,0.99,mountaincar,dense
7,3928,-200.0,200,14.82440185546875,-1.0,4.712084773927927e-05,0.0,DQN_RND,0.001,0.99,mountaincar,dense
7,3929,-200.0,200,6.384613990783691,-1.0,3.9787199057172984e-05,0.0,DQN_RND,0.001,0.99,mountaincar,dense
7,3930,-200.0,200,11.846346855163574,-1.0,2.9404540327959694e-05,0.0,DQN_RND,0.001,0.99,mountaincar,dense
7,3931,-200.0,200,8.887248992919922,-1.0,9.164044604403898e-05,0.0,DQN_RND,0.001,0.99,mountaincar,dense
7,3932,-200.0,200,29.710643768310547,-1.0,0.0001039249764289707,0.0,DQN_RND,0.001,0.99,mountaincar,dense
7,3933,-200.0,200,9.07254695892334,-1.0,4.8798779062053654e-06,0.0,DQN_RND,0.001,0.99,mountaincar,dense
7,3934,-200.0,200,21.853307723999023,-1.0,8.093384531093761e-05,0.0,DQN_RND,0.001,0.99,mountaincar,dense
7,3935,-200.0,200,9.451066970825195,-1.0,5.214391876506852e-06,0.0,DQN_RND,0.001,0.99,mountaincar,dense
7,3936,-200.0,200,12.438204765319824,-1.0,2.8276368539081886e-05,0.0,DQN_RND,0.001,0.99,mountaincar,dense
7,3937,-200.0,200,15.471115112304688,-1.0,2.9862630981369875e-05,0.0,DQN_RND,0.001,0.99,mountaincar,dense
7,3938,-200.0,200,12.250685691833496,-1.0,6.25871552983881e-06,0.0,DQN_RND,0.001,0.99,mountaincar,dense
7,3939,-200.0,200,21.706510543823242,-1.0,5.023443918616977e-06,0.0,DQN_RND,0.001,0.99,mountaincar,dense
7,3940,-200.0,200,15.368799209594727,-1.0,4.298704516259022e-05,0.0,DQN_RND,0.001,0.99,mountaincar,dense
7,3941,-200.0,200,21.401348114013672,-1.0,5.696177140634973e-06,0.0,DQN_RND,0.001,0.99,mountaincar,dense
7,3942,-200.0,200,9.117032051086426,-1.0,1.4325491974886972e-05,0.0,DQN_RND,0.001,0.99,mountaincar,dense
7,3943,-200.0,200,12.188383102416992,-1.0,3.2885953260120004e-05,0.0,DQN_RND,0.001,0.99,mountaincar,dense
7,3944,-200.0,200,8.736952781677246,-1.0,8.828629688650835e-06,0.0,DQN_RND,0.001,0.99,mountaincar,dense
7,3945,-200.0,200,14.957904815673828,-1.0,8.039765089051798e-05,0.0,DQN_RND,0.001,0.99,mountaincar,dense
7,3946,-200.0,200,5.757023334503174,-1.0,2.3112916096579283e-05,0.0,DQN_RND,0.001,0.99,mountaincar,dense
7,3947,-200.0,200,29.46310043334961,-1.0,7.454303704435006e-05,0.0,DQN_RND,0.001,0.99,mountaincar,dense
7,3948,-200.0,200,14.52020263671875,-1.0,7.104002725100145e-05,0.0,DQN_RND,0.001,0.99,mountaincar,dense
7,3949,-200.0,200,11.496286392211914,-1.0,5.614613655779976e-06,0.0,DQN_RND,0.001,0.99,mountaincar,dense
7,3950,-200.0,200,35.19576644897461,-1.0,5.156840870768065e-06,0.0,DQN_RND,0.001,0.99,mountaincar,dense
7,3951,-200.0,200,11.68843936920166,-1.0,9.725899872137234e-06,0.0,DQN_RND,0.001,0.99,mountaincar,dense
7,3952,-200.0,200,17.41170883178711,-1.0,5.195743142394349e-06,0.0,DQN_RND,0.001,0.99,mountaincar,dense
7,3953,-200.0,200,14.362754821777344,-1.0,6.851971647847677e-06,0.0,DQN_RND,0.001,0.99,mountaincar,dense
7,3954,-200.0,200,20.531047821044922,-1.0,6.192370165081229e-06,0.0,DQN_RND,0.001,0.99,mountaincar,dense
7,3955,-200.0,200,5.773430824279785,-1.0,4.446689854376018e-05,0.0,DQN_RND,0.001,0.99,mountaincar,dense
7,3956,-200.0,200,15.170144081115723,-1.0,9.106687684834469e-06,0.0,DQN_RND,0.001,0.99,mountaincar,dense
7,3957,-200.0,200,20.828834533691406,-1.0,2.1092278984724544e-05,0.0,DQN_RND,0.001,0.99,mountaincar,dense
7,3958,-200.0,200,23.834110260009766,-1.0,6.8918252509320155e-06,0.0,DQN_RND,0.001,0.99,mountaincar,dense
7,3959,-200.0,200,11.985124588012695,-1.0,4.838161657971796e-06,0.0,DQN_RND,0.001,0.99,mountaincar,dense
7,3960,-200.0,200,20.87322425842285,-1.0,2.6109411919605918e-05,0.0,DQN_RND,0.001,0.99,mountaincar,dense
7,3961,-200.0,200,11.983169555664062,-1.0,9.997243614634499e-05,0.0,DQN_RND,0.001,0.99,mountaincar,dense
7,3962,-200.0,200,6.092023849487305,-1.0,1.8704537069424987e-05,0.0,DQN_RND,0.001,0.99,mountaincar,dense
7,3963,-200.0,200,5.545937538146973,-1.0,5.247975423117168e-06,0.0,DQN_RND,0.001,0.99,mountaincar,dense
7,3964,-200.0,200,3.0345475673675537,-1.0,0.00011260629253229126,0.0,DQN_RND,0.001,0.99,mountaincar,dense
7,3965,-200.0,200,17.73923110961914,-1.0,6.672019662801176e-05,0.0,DQN_RND,0.001,0.99,mountaincar,dense
7,3966,-200.0,200,6.175268650054932,-1.0,2.4312599634868093e-05,0.0,DQN_RND,0.001,0.99,mountaincar,dense
7,3967,-200.0,200,21.313411712646484,-1.0,4.522355993685778e-06,0.0,DQN_RND,0.001,0.99,mountaincar,dense
7,3968,-200.0,200,12.487045288085938,-1.0,9.024898645293433e-06,0.0,DQN_RND,0.001,0.99,mountaincar,dense
7,3969,-200.0,200,15.156245231628418,-1.0,1.6392777979490347e-05,0.0,DQN_RND,0.001,0.99,mountaincar,dense
7,3970,-200.0,200,14.89472770690918,-1.0,1.2935947779624257e-05,0.0,DQN_RND,0.001,0.99,mountaincar,dense
7,3971,-200.0,200,17.063608169555664,-1.0,1.2612420505320188e-05,0.0,DQN_RND,0.001,0.99,mountaincar,dense
7,3972,-200.0,200,18.921632766723633,-1.0,0.00014163446030579507,0.0,DQN_RND,0.001,0.99,mountaincar,dense
7,3973,-200.0,200,12.376060485839844,-1.0,2.1380585167207755e-05,0.0,DQN_RND,0.001,0.99,mountaincar,dense
7,3974,-200.0,200,21.710966110229492,-1.0,6.67868516757153e-05,0.0,DQN_RND,0.001,0.99,mountaincar,dense
7,3975,-200.0,200,6.2167229652404785,-1.0,1.4737382116436493e-05,0.0,DQN_RND,0.001,0.99,mountaincar,dense
7,3976,-200.0,200,12.317902565002441,-1.0,6.0187699091329705e-06,0.0,DQN_RND,0.001,0.99,mountaincar,dense
7,3977,-200.0,200,15.589527130126953,-1.0,6.786770245525986e-05,0.0,DQN_RND,0.001,0.99,mountaincar,dense
7,3978,-200.0,200,9.370067596435547,-1.0,5.684024654328823e-05,0.0,DQN_RND,0.001,0.99,mountaincar,dense
7,3979,-200.0,200,15.648505210876465,-1.0,6.0160131397424266e-05,0.0,DQN_RND,0.001,0.99,mountaincar,dense
7,3980,-200.0,200,12.864799499511719,-1.0,7.421497684845235e-06,0.0,DQN_RND,0.001,0.99,mountaincar,dense
7,3981,-200.0,200,6.0347514152526855,-1.0,7.882415047788527e-06,0.0,DQN_RND,0.001,0.99,mountaincar,dense
7,3982,-200.0,200,25.52168083190918,-1.0,1.1171140613441821e-05,0.0,DQN_RND,0.001,0.99,mountaincar,dense
7,3983,-200.0,200,18.817302703857422,-1.0,5.737738683819771e-05,0.0,DQN_RND,0.001,0.99,mountaincar,dense
7,3984,-200.0,200,28.056657791137695,-1.0,1.4312843632069416e-05,0.0,DQN_RND,0.001,0.99,mountaincar,dense
7,3985,-200.0,200,18.880691528320312,-1.0,0.00013620023673865944,0.0,DQN_RND,0.001,0.99,mountaincar,dense
7,3986,-200.0,200,15.940542221069336,-1.0,0.0001188259047921747,0.0,DQN_RND,0.001,0.99,mountaincar,dense
7,3987,-200.0,200,12.822279930114746,-1.0,5.000807050237199e-06,0.0,DQN_RND,0.001,0.99,mountaincar,dense
7,3988,-200.0,200,25.568225860595703,-1.0,7.262776307470631e-06,0.0,DQN_RND,0.001,0.99,mountaincar,dense
7,3989,-200.0,200,22.616483688354492,-1.0,1.568540210428182e-05,0.0,DQN_RND,0.001,0.99,mountaincar,dense
7,3990,-200.0,200,34.61383819580078,-1.0,2.10525504371617e-05,0.0,DQN_RND,0.001,0.99,mountaincar,dense
7,3991,-200.0,200,16.19590187072754,-1.0,4.891461685474496e-06,0.0,DQN_RND,0.001,0.99,mountaincar,dense
7,3992,-200.0,200,18.787635803222656,-1.0,1.6510331988683902e-05,0.0,DQN_RND,0.001,0.99,mountaincar,dense
7,3993,-200.0,200,6.452603816986084,-1.0,4.831322257814463e-06,0.0,DQN_RND,0.001,0.99,mountaincar,dense
7,3994,-200.0,200,25.310890197753906,-1.0,4.904824891127646e-06,0.0,DQN_RND,0.001,0.99,mountaincar,dense
7,3995,-200.0,200,18.63025665283203,-1.0,2.5357454433105886e-05,0.0,DQN_RND,0.001,0.99,mountaincar,dense
7,3996,-200.0,200,6.2137556076049805,-1.0,7.795221608830616e-05,0.0,DQN_RND,0.001,0.99,mountaincar,dense
7,3997,-200.0,200,3.3517210483551025,-1.0,8.687701483722776e-05,0.0,DQN_RND,0.001,0.99,mountaincar,dense
7,3998,-200.0,200,13.164077758789062,-1.0,3.024588295374997e-05,0.0,DQN_RND,0.001,0.99,mountaincar,dense
7,3999,-200.0,200,16.589868545532227,-1.0,5.269714620226296e-06,0.0,DQN_RND,0.001,0.99,mountaincar,dense
7,4000,-200.0,200,16.403078079223633,-1.0,4.774439730681479e-06,0.0,DQN_RND,0.001,0.99,mountaincar,dense
7,4001,-200.0,200,12.863454818725586,-1.0,4.657153567677597e-06,0.0,DQN_RND,0.001,0.99,mountaincar,dense
7,4002,-200.0,200,26.093280792236328,-1.0,0.0001221223355969414,0.0,DQN_RND,0.001,0.99,mountaincar,dense
7,4003,-200.0,200,19.568557739257812,-1.0,7.252732029883191e-05,0.0,DQN_RND,0.001,0.99,mountaincar,dense
7,4004,-200.0,200,13.366583824157715,-1.0,4.2854131606873125e-05,0.0,DQN_RND,0.001,0.99,mountaincar,dense
7,4005,-200.0,200,13.364307403564453,-1.0,2.6443691240274347e-05,0.0,DQN_RND,0.001,0.99,mountaincar,dense
7,4006,-200.0,200,18.85036277770996,-1.0,2.2346890546032228e-05,0.0,DQN_RND,0.001,0.99,mountaincar,dense
7,4007,-200.0,200,16.59649658203125,-1.0,7.709113560849801e-05,0.0,DQN_RND,0.001,0.99,mountaincar,dense
7,4008,-200.0,200,19.8331298828125,-1.0,2.1069979993626475e-05,0.0,DQN_RND,0.001,0.99,mountaincar,dense
7,4009,-200.0,200,12.970590591430664,-1.0,2.7053947633248754e-05,0.0,DQN_RND,0.001,0.99,mountaincar,dense
7,4010,-200.0,200,16.19825553894043,-1.0,5.438904554466717e-05,0.0,DQN_RND,0.001,0.99,mountaincar,dense
7,4011,-200.0,200,16.477245330810547,-1.0,8.367842383449897e-06,0.0,DQN_RND,0.001,0.99,mountaincar,dense
7,4012,-200.0,200,16.241107940673828,-1.0,1.5954088667058386e-05,0.0,DQN_RND,0.001,0.99,mountaincar,dense
7,4013,-200.0,200,13.126114845275879,-1.0,9.818135731620714e-05,0.0,DQN_RND,0.001,0.99,mountaincar,dense
7,4014,-200.0,200,9.805415153503418,-1.0,8.626722410554066e-05,0.0,DQN_RND,0.001,0.99,mountaincar,dense
7,4015,-200.0,200,13.054926872253418,-1.0,0.0001021287971525453,0.0,DQN_RND,0.001,0.99,mountaincar,dense
7,4016,-200.0,200,16.32415771484375,-1.0,7.301085133804008e-06,0.0,DQN_RND,0.001,0.99,mountaincar,dense
7,4017,-200.0,200,9.996088981628418,-1.0,5.957396933808923e-05,0.0,DQN_RND,0.001,0.99,mountaincar,dense
7,4018,-200.0,200,38.53239440917969,-1.0,1.585350401001051e-05,0.0,DQN_RND,0.001,0.99,mountaincar,dense
7,4019,-200.0,200,19.53095245361328,-1.0,2.455463800288271e-05,0.0,DQN_RND,0.001,0.99,mountaincar,dense
7,4020,-200.0,200,9.574424743652344,-1.0,1.829794200602919e-05,0.0,DQN_RND,0.001,0.99,mountaincar,dense
7,4021,-200.0,200,31.987964630126953,-1.0,0.0001039950511767529,0.0,DQN_RND,0.001,0.99,mountaincar,dense
7,4022,-200.0,200,6.579846382141113,-1.0,0.0001146873037214391,0.0,DQN_RND,0.001,0.99,mountaincar,dense
7,4023,-200.0,200,9.913651466369629,-1.0,6.855571700725704e-05,0.0,DQN_RND,0.001,0.99,mountaincar,dense
7,4024,-200.0,200,16.290760040283203,-1.0,2.658203629835043e-05,0.0,DQN_RND,0.001,0.99,mountaincar,dense
7,4025,-200.0,200,6.320686340332031,-1.0,3.080119131482206e-05,0.0,DQN_RND,0.001,0.99,mountaincar,dense
7,4026,-200.0,200,16.117937088012695,-1.0,0.00010265028686262667,0.0,DQN_RND,0.001,0.99,mountaincar,dense
7,4027,-200.0,200,19.16840362548828,-1.0,0.00010630377073539421,0.0,DQN_RND,0.001,0.99,mountaincar,dense
7,4028,-200.0,200,22.47827911376953,-1.0,7.799653394613415e-05,0.0,DQN_RND,0.001,0.99,mountaincar,dense
7,4029,-200.0,200,22.210445404052734,-1.0,4.7408961108885705e-05,0.0,DQN_RND,0.001,0.99,mountaincar,dense
7,4030,-200.0,200,15.95408821105957,-1.0,8.614132821094245e-05,0.0,DQN_RND,0.001,0.99,mountaincar,dense
7,4031,-200.0,200,9.25839900970459,-1.0,6.073589247534983e-06,0.0,DQN_RND,0.001,0.99,mountaincar,dense
7,4032,-200.0,200,21.894027709960938,-1.0,0.00013778683205600828,0.0,DQN_RND,0.001,0.99,mountaincar,dense
7,4033,-200.0,200,16.18807601928711,-1.0,6.711694004479796e-05,0.0,DQN_RND,0.001,0.99,mountaincar,dense
7,4034,-200.0,200,25.57430648803711,-1.0,8.83573193277698e-06,0.0,DQN_RND,0.001,0.99,mountaincar,dense
7,4035,-200.0,200,9.584722518920898,-1.0,9.480474545853212e-06,0.0,DQN_RND,0.001,0.99,mountaincar,dense
7,4036,-200.0,200,12.407783508300781,-1.0,1.1108809303550515e-05,0.0,DQN_RND,0.001,0.99,mountaincar,dense
7,4037,-200.0,200,6.297181606292725,-1.0,4.458601324586198e-06,0.0,DQN_RND,0.001,0.99,mountaincar,dense
7,4038,-200.0,200,9.5330228805542,-1.0,6.50086731184274e-05,0.0,DQN_RND,0.001,0.99,mountaincar,dense
7,4039,-200.0,200,22.42091178894043,-1.0,5.965134278085316e-06,0.0,DQN_RND,0.001,0.99,mountaincar,dense
7,4040,-200.0,200,3.2794549465179443,-1.0,5.64890888199443e-06,0.0,DQN_RND,0.001,0.99,mountaincar,dense
7,4041,-200.0,200,19.25098991394043,-1.0,4.499706847127527e-06,0.0,DQN_RND,0.001,0.99,mountaincar,dense
7,4042,-200.0,200,9.877397537231445,-1.0,5.6624244280101266e-06,0.0,DQN_RND,0.001,0.99,mountaincar,dense
7,4043,-200.0,200,19.384689331054688,-1.0,5.236256129137473e-06,0.0,DQN_RND,0.001,0.99,mountaincar,dense
7,4044,-200.0,200,22.336397171020508,-1.0,1.4855248991807457e-05,0.0,DQN_RND,0.001,0.99,mountaincar,dense
7,4045,-200.0,200,25.789438247680664,-1.0,5.283062819216866e-06,0.0,DQN_RND,0.001,0.99,mountaincar,dense
7,4046,-200.0,200,11.928902626037598,-1.0,4.814000021724496e-06,0.0,DQN_RND,0.001,0.99,mountaincar,dense
7,4047,-200.0,200,21.06473731994629,-1.0,2.0621040675905533e-05,0.0,DQN_RND,0.001,0.99,mountaincar,dense
7,4048,-200.0,200,12.270783424377441,-1.0,2.3854388928157277e-05,0.0,DQN_RND,0.001,0.99,mountaincar,dense
7,4049,-200.0,200,12.220758438110352,-1.0,5.14043822477106e-05,0.0,DQN_RND,0.001,0.99,mountaincar,dense
7,4050,-200.0,200,2.88293719291687,-1.0,5.451859578897711e-06,0.0,DQN_RND,0.001,0.99,mountaincar,dense
7,4051,-200.0,200,6.341794967651367,-1.0,8.975371747510508e-05,0.0,DQN_RND,0.001,0.99,mountaincar,dense
7,4052,-200.0,200,12.2893648147583,-1.0,4.133178299525753e-05,0.0,DQN_RND,0.001,0.99,mountaincar,dense
7,4053,-200.0,200,3.4033005237579346,-1.0,9.962616786651779e-06,0.0,DQN_RND,0.001,0.99,mountaincar,dense
7,4054,-200.0,200,6.3237504959106445,-1.0,2.1010446289437823e-05,0.0,DQN_RND,0.001,0.99,mountaincar,dense
7,4055,-200.0,200,21.74673080444336,-1.0,7.3270111897727475e-06,0.0,DQN_RND,0.001,0.99,mountaincar,dense
7,4056,-200.0,200,9.353256225585938,-1.0,0.00013998246868140996,0.0,DQN_RND,0.001,0.99,mountaincar,dense
7,4057,-200.0,200,9.256913185119629,-1.0,2.3356535166385584e-05,0.0,DQN_RND,0.001,0.99,mountaincar,dense
7,4058,-200.0,200,21.946712493896484,-1.0,9.712002793094143e-05,0.0,DQN_RND,0.001,0.99,mountaincar,dense
7,4059,-200.0,200,34.34385299682617,-1.0,1.4545842532243114e-05,0.0,DQN_RND,0.001,0.99,mountaincar,dense
7,4060,-200.0,200,15.694128036499023,-1.0,3.347192978253588e-05,0.0,DQN_RND,0.001,0.99,mountaincar,dense
7,4061,-200.0,200,9.651729583740234,-1.0,8.785216778051108e-06,0.0,DQN_RND,0.001,0.99,mountaincar,dense
7,4062,-200.0,200,9.067222595214844,-1.0,3.3407213777536526e-05,0.0,DQN_RND,0.001,0.99,mountaincar,dense
7,4063,-200.0,200,18.661731719970703,-1.0,0.00014017430657986552,0.0,DQN_RND,0.001,0.99,mountaincar,dense
7,4064,-200.0,200,14.964922904968262,-1.0,8.839816291583702e-05,0.0,DQN_RND,0.001,0.99,mountaincar,dense
7,4065,-200.0,200,15.207941055297852,-1.0,8.73773024068214e-05,0.0,DQN_RND,0.001,0.99,mountaincar,dense
7,4066,-200.0,200,21.965436935424805,-1.0,5.70467591387569e-06,0.0,DQN_RND,0.001,0.99,mountaincar,dense
7,4067,-200.0,200,12.059298515319824,-1.0,4.954624273523223e-06,0.0,DQN_RND,0.001,0.99,mountaincar,dense
7,4068,-200.0,200,9.437134742736816,-1.0,0.00012851369683630764,0.0,DQN_RND,0.001,0.99,mountaincar,dense
7,4069,-200.0,200,15.77442455291748,-1.0,4.40200419689063e-05,0.0,DQN_RND,0.001,0.99,mountaincar,dense
7,4070,-200.0,200,15.720422744750977,-1.0,2.3440010409103706e-05,0.0,DQN_RND,0.001,0.99,mountaincar,dense
7,4071,-200.0,200,12.756006240844727,-1.0,2.367897286603693e-05,0.0,DQN_RND,0.001,0.99,mountaincar,dense
7,4072,-200.0,200,9.616312980651855,-1.0,1.7705104255583137e-05,0.0,DQN_RND,0.001,0.99,mountaincar,dense
7,4073,-200.0,200,18.665109634399414,-1.0,3.2935313356574625e-05,0.0,DQN_RND,0.001,0.99,mountaincar,dense
7,4074,-200.0,200,13.000332832336426,-1.0,7.021577766863629e-05,0.0,DQN_RND,0.001,0.99,mountaincar,dense
7,4075,-200.0,200,19.165557861328125,-1.0,6.149072578409687e-05,0.0,DQN_RND,0.001,0.99,mountaincar,dense
7,4076,-200.0,200,30.25065040588379,-1.0,2.422626130282879e-05,0.0,DQN_RND,0.001,0.99,mountaincar,dense
7,4077,-200.0,200,21.11597442626953,-1.0,5.924759989284212e-06,0.0,DQN_RND,0.001,0.99,mountaincar,dense
7,4078,-200.0,200,15.257514953613281,-1.0,9.21362607186893e-06,0.0,DQN_RND,0.001,0.99,mountaincar,dense
7,4079,-200.0,200,15.300100326538086,-1.0,3.702230969793163e-05,0.0,DQN_RND,0.001,0.99,mountaincar,dense
7,4080,-200.0,200,15.727221488952637,-1.0,4.647604328056332e-06,0.0,DQN_RND,0.001,0.99,mountaincar,dense
7,4081,-200.0,200,21.614261627197266,-1.0,4.814170824829489e-05,0.0,DQN_RND,0.001,0.99,mountaincar,dense
7,4082,-200.0,200,27.467079162597656,-1.0,2.239776040369179e-05,0.0,DQN_RND,0.001,0.99,mountaincar,dense
7,4083,-200.0,200,9.085646629333496,-1.0,5.272444468573667e-06,0.0,DQN_RND,0.001,0.99,mountaincar,dense
7,4084,-200.0,200,9.533472061157227,-1.0,6.444162863772362e-05,0.0,DQN_RND,0.001,0.99,mountaincar,dense
7,4085,-200.0,200,21.483497619628906,-1.0,1.4673300938738976e-05,0.0,DQN_RND,0.001,0.99,mountaincar,dense
7,4086,-200.0,200,18.44137191772461,-1.0,0.00012105134373996407,0.0,DQN_RND,0.001,0.99,mountaincar,dense
7,4087,-200.0,200,12.386005401611328,-1.0,3.805844607995823e-05,0.0,DQN_RND,0.001,0.99,mountaincar,dense
7,4088,-200.0,200,18.082120895385742,-1.0,1.5827983588678762e-05,0.0,DQN_RND,0.001,0.99,mountaincar,dense
7,4089,-200.0,200,14.708341598510742,-1.0,8.39632484712638e-05,0.0,DQN_RND,0.001,0.99,mountaincar,dense
7,4090,-200.0,200,14.862868309020996,-1.0,8.913698547985405e-05,0.0,DQN_RND,0.001,0.99,mountaincar,dense
7,4091,-200.0,200,11.662179946899414,-1.0,9.517600847175345e-05,0.0,DQN_RND,0.001,0.99,mountaincar,dense
7,4092,-200.0,200,26.784198760986328,-1.0,0.00012254109606146812,0.0,DQN_RND,0.001,0.99,mountaincar,dense
7,4093,-200.0,200,15.007752418518066,-1.0,5.537256129173329e-06,0.0,DQN_RND,0.001,0.99,mountaincar,dense
7,4094,-200.0,200,9.211349487304688,-1.0,2.3775783120072447e-05,0.0,DQN_RND,0.001,0.99,mountaincar,dense
7,4095,-200.0,200,12.07495403289795,-1.0,2.935300290118903e-05,0.0,DQN_RND,0.001,0.99,mountaincar,dense
7,4096,-200.0,200,18.54984474182129,-1.0,1.0089263014378957e-05,0.0,DQN_RND,0.001,0.99,mountaincar,dense
7,4097,-200.0,200,9.150728225708008,-1.0,8.525755220034625e-06,0.0,DQN_RND,0.001,0.99,mountaincar,dense
7,4098,-200.0,200,8.977033615112305,-1.0,4.475475634535542e-06,0.0,DQN_RND,0.001,0.99,mountaincar,dense
7,4099,-200.0,200,5.837946891784668,-1.0,8.353831071872264e-05,0.0,DQN_RND,0.001,0.99,mountaincar,dense
7,4100,-200.0,200,15.199851989746094,-1.0,7.462686335202307e-05,0.0,DQN_RND,0.001,0.99,mountaincar,dense
7,4101,-200.0,200,14.846722602844238,-1.0,0.00011857997014885768,0.0,DQN_RND,0.001,0.99,mountaincar,dense
7,4102,-200.0,200,14.977327346801758,-1.0,7.273630035342649e-05,0.0,DQN_RND,0.001,0.99,mountaincar,dense
7,4103,-200.0,200,12.037393569946289,-1.0,1.4384978385351133e-05,0.0,DQN_RND,0.001,0.99,mountaincar,dense
7,4104,-200.0,200,15.069135665893555,-1.0,5.0318292778683826e-05,0.0,DQN_RND,0.001,0.99,mountaincar,dense
7,4105,-200.0,200,14.83127498626709,-1.0,4.925663688482018e-06,0.0,DQN_RND,0.001,0.99,mountaincar,dense
7,4106,-200.0,200,15.554285049438477,-1.0,3.83325714210514e-05,0.0,DQN_RND,0.001,0.99,mountaincar,dense
7,4107,-200.0,200,21.535654067993164,-1.0,4.887352406512946e-05,0.0,DQN_RND,0.001,0.99,mountaincar,dense
7,4108,-200.0,200,21.2730655670166,-1.0,6.075939381844364e-05,0.0,DQN_RND,0.001,0.99,mountaincar,dense
7,4109,-200.0,200,15.005630493164062,-1.0,1.5187792996584903e-05,0.0,DQN_RND,0.001,0.99,mountaincar,dense
7,4110,-200.0,200,14.803567886352539,-1.0,4.964034360455116e-06,0.0,DQN_RND,0.001,0.99,mountaincar,dense
7,4111,-200.0,200,15.074478149414062,-1.0,7.203314453363419e-05,0.0,DQN_RND,0.001,0.99,mountaincar,dense
7,4112,-200.0,200,18.474409103393555,-1.0,9.283324470743537e-05,0.0,DQN_RND,0.001,0.99,mountaincar,dense
7,4113,-200.0,200,21.191980361938477,-1.0,4.23090659751324e-06,0.0,DQN_RND,0.001,0.99,mountaincar,dense
7,4114,-200.0,200,17.709508895874023,-1.0,1.7157850379589945e-05,0.0,DQN_RND,0.001,0.99,mountaincar,dense
7,4115,-200.0,200,3.140845537185669,-1.0,4.89553667648579e-06,0.0,DQN_RND,0.001,0.99,mountaincar,dense
7,4116,-200.0,200,26.98225212097168,-1.0,2.1268784621497616e-05,0.0,DQN_RND,0.001,0.99,mountaincar,dense
7,4117,-200.0,200,18.263765335083008,-1.0,1.7478827430750243e-05,0.0,DQN_RND,0.001,0.99,mountaincar,dense
7,4118,-200.0,200,14.927742958068848,-1.0,0.00011778313637478277,0.0,DQN_RND,0.001,0.99,mountaincar,dense
7,4119,-200.0,200,20.648399353027344,-1.0,1.617792804609053e-05,0.0,DQN_RND,0.001,0.99,mountaincar,dense
7,4120,-200.0,200,8.633992195129395,-1.0,0.00013764073082711548,0.0,DQN_RND,0.001,0.99,mountaincar,dense
7,4121,-200.0,200,14.75670337677002,-1.0,0.0001516129559604451,0.0,DQN_RND,0.001,0.99,mountaincar,dense
7,4122,-200.0,200,8.865616798400879,-1.0,1.811377842386719e-05,0.0,DQN_RND,0.001,0.99,mountaincar,dense
7,4123,-200.0,200,14.578896522521973,-1.0,4.261354661139194e-06,0.0,DQN_RND,0.001,0.99,mountaincar,dense
7,4124,-200.0,200,20.74481964111328,-1.0,0.00014452678442467004,0.0,DQN_RND,0.001,0.99,mountaincar,dense
7,4125,-200.0,200,20.685775756835938,-1.0,4.2799092625500634e-06,0.0,DQN_RND,0.001,0.99,mountaincar,dense
7,4126,-200.0,200,23.728195190429688,-1.0,1.5929967048577964e-05,0.0,DQN_RND,0.001,0.99,mountaincar,dense
7,4127,-200.0,200,14.635820388793945,-1.0,2.308002694917377e-05,0.0,DQN_RND,0.001,0.99,mountaincar,dense
7,4128,-200.0,200,14.609437942504883,-1.0,4.259027264197357e-06,0.0,DQN_RND,0.001,0.99,mountaincar,dense
7,4129,-200.0,200,2.971705436706543,-1.0,3.3731710573192686e-05,0.0,DQN_RND,0.001,0.99,mountaincar,dense
7,4130,-200.0,200,14.535303115844727,-1.0,4.4818411879532505e-06,0.0,DQN_RND,0.001,0.99,mountaincar,dense
7,4131,-200.0,200,5.749367713928223,-1.0,4.259097750036744e-06,0.0,DQN_RND,0.001,0.99,mountaincar,dense
7,4132,-200.0,200,11.562997817993164,-1.0,8.99481019587256e-05,0.0,DQN_RND,0.001,0.99,mountaincar,dense
7,4133,-200.0,200,11.438636779785156,-1.0,5.7971130445366725e-05,0.0,DQN_RND,0.001,0.99,mountaincar,dense
7,4134,-200.0,200,14.04891300201416,-1.0,4.7650369197071996e-06,0.0,DQN_RND,0.001,0.99,mountaincar,dense
7,4135,-200.0,200,14.130891799926758,-1.0,1.574532871018164e-05,0.0,DQN_RND,0.001,0.99,mountaincar,dense
7,4136,-200.0,200,14.163091659545898,-1.0,2.3640352083020844e-05,0.0,DQN_RND,0.001,0.99,mountaincar,dense
7,4137,-200.0,200,33.37749481201172,-1.0,2.066874185402412e-05,0.0,DQN_RND,0.001,0.99,mountaincar,dense
7,4138,-200.0,200,14.40942668914795,-1.0,5.7437748182564974e-05,0.0,DQN_RND,0.001,0.99,mountaincar,dense
7,4139,-200.0,200,14.192516326904297,-1.0,1.4683831977890804e-05,0.0,DQN_RND,0.001,0.99,mountaincar,dense
7,4140,-200.0,200,28.90740203857422,-1.0,1.793273440853227e-05,0.0,DQN_RND,0.001,0.99,mountaincar,dense
7,4141,-200.0,200,22.808826446533203,-1.0,1.621842966414988e-05,0.0,DQN_RND,0.001,0.99,mountaincar,dense
7,4142,-200.0,200,5.726789474487305,-1.0,5.098933797853533e-06,0.0,DQN_RND,0.001,0.99,mountaincar,dense
7,4143,-200.0,200,8.906322479248047,-1.0,1.5263763998518698e-05,0.0,DQN_RND,0.001,0.99,mountaincar,dense
7,4144,-200.0,200,5.81732177734375,-1.0,5.689662793884054e-05,0.0,DQN_RND,0.001,0.99,mountaincar,dense
7,4145,-200.0,200,20.033430099487305,-1.0,1.0992363968398422e-05,0.0,DQN_RND,0.001,0.99,mountaincar,dense
7,4146,-200.0,200,17.277318954467773,-1.0,6.685310654575005e-05,0.0,DQN_RND,0.001,0.99,mountaincar,dense
7,4147,-200.0,200,14.192238807678223,-1.0,6.844093149993569e-06,0.0,DQN_RND,0.001,0.99,mountaincar,dense
7,4148,-200.0,200,20.080970764160156,-1.0,4.639176040655002e-06,0.0,DQN_RND,0.001,0.99,mountaincar,dense
7,4149,-200.0,200,20.152250289916992,-1.0,1.4269449820858426e-05,0.0,DQN_RND,0.001,0.99,mountaincar,dense
7,4150,-200.0,200,17.26988410949707,-1.0,1.672237522143405e-05,0.0,DQN_RND,0.001,0.99,mountaincar,dense
7,4151,-200.0,200,8.443822860717773,-1.0,3.943331466871314e-05,0.0,DQN_RND,0.001,0.99,mountaincar,dense
7,4152,-200.0,200,8.494661331176758,-1.0,2.4720007786527276e-05,0.0,DQN_RND,0.001,0.99,mountaincar,dense
7,4153,-200.0,200,19.949296951293945,-1.0,5.815160329802893e-05,0.0,DQN_RND,0.001,0.99,mountaincar,dense
7,4154,-200.0,200,20.048067092895508,-1.0,3.700323941302486e-05,0.0,DQN_RND,0.001,0.99,mountaincar,dense
7,4155,-200.0,200,17.105716705322266,-1.0,4.939773862133734e-05,0.0,DQN_RND,0.001,0.99,mountaincar,dense
7,4156,-200.0,200,25.402446746826172,-1.0,3.096178261330351e-05,0.0,DQN_RND,0.001,0.99,mountaincar,dense
7,4157,-200.0,200,8.623393058776855,-1.0,3.0235487429308705e-05,0.0,DQN_RND,0.001,0.99,mountaincar,dense
7,4158,-200.0,200,11.138123512268066,-1.0,4.042904947709758e-06,0.0,DQN_RND,0.001,0.99,mountaincar,dense
7,4159,-200.0,200,22.844955444335938,-1.0,4.150560926063918e-06,0.0,DQN_RND,0.001,0.99,mountaincar,dense
7,4160,-200.0,200,17.07714080810547,-1.0,1.8020818970398977e-05,0.0,DQN_RND,0.001,0.99,mountaincar,dense
7,4161,-200.0,200,14.268644332885742,-1.0,4.154454927629558e-06,0.0,DQN_RND,0.001,0.99,mountaincar,dense
7,4162,-200.0,200,16.658143997192383,-1.0,6.656379810010549e-06,0.0,DQN_RND,0.001,0.99,mountaincar,dense
7,4163,-200.0,200,36.15492248535156,-1.0,0.0001001885102596134,0.0,DQN_RND,0.001,0.99,mountaincar,dense
7,4164,-200.0,200,8.100433349609375,-1.0,1.7977188690565526e-05,0.0,DQN_RND,0.001,0.99,mountaincar,dense
7,4165,-200.0,200,16.715314865112305,-1.0,6.204365035955561e-06,0.0,DQN_RND,0.001,0.99,mountaincar,dense
7,4166,-200.0,200,5.434458255767822,-1.0,8.269241334346589e-06,0.0,DQN_RND,0.001,0.99,mountaincar,dense
7,4167,-200.0,200,2.585057497024536,-1.0,2.3073196643963456e-05,0.0,DQN_RND,0.001,0.99,mountaincar,dense
7,4168,-200.0,200,21.626956939697266,-1.0,7.730491051916033e-05,0.0,DQN_RND,0.001,0.99,mountaincar,dense
7,4169,-200.0,200,16.630950927734375,-1.0,2.6660776711651124e-05,0.0,DQN_RND,0.001,0.99,mountaincar,dense
7,4170,-200.0,200,11.129069328308105,-1.0,6.779151590308174e-05,0.0,DQN_RND,0.001,0.99,mountaincar,dense
7,4171,-200.0,200,16.453128814697266,-1.0,7.442161404469516e-06,0.0,DQN_RND,0.001,0.99,mountaincar,dense
7,4172,-200.0,200,13.835587501525879,-1.0,1.943661118275486e-05,0.0,DQN_RND,0.001,0.99,mountaincar,dense
7,4173,-200.0,200,8.359169006347656,-1.0,1.4953654499549884e-05,0.0,DQN_RND,0.001,0.99,mountaincar,dense
7,4174,-200.0,200,16.404815673828125,-1.0,4.337975769885816e-05,0.0,DQN_RND,0.001,0.99,mountaincar,dense
7,4175,-200.0,200,5.681012153625488,-1.0,4.160305252298713e-05,0.0,DQN_RND,0.001,0.99,mountaincar,dense
7,4176,-200.0,200,16.643831253051758,-1.0,1.5560532119707204e-05,0.0,DQN_RND,0.001,0.99,mountaincar,dense
7,4177,-200.0,200,11.294265747070312,-1.0,5.731203145842301e-06,0.0,DQN_RND,0.001,0.99,mountaincar,dense
7,4178,-200.0,200,13.917378425598145,-1.0,5.146158400748391e-06,0.0,DQN_RND,0.001,0.99,mountaincar,dense
7,4179,-200.0,200,16.590240478515625,-1.0,9.863778359431308e-06,0.0,DQN_RND,0.001,0.99,mountaincar,dense
7,4180,-200.0,200,22.478042602539062,-1.0,0.00011161228030687198,0.0,DQN_RND,0.001,0.99,mountaincar,dense
7,4181,-200.0,200,11.182178497314453,-1.0,8.663113112561405e-05,0.0,DQN_RND,0.001,0.99,mountaincar,dense
7,4182,-200.0,200,10.825406074523926,-1.0,8.66472691996023e-05,0.0,DQN_RND,0.001,0.99,mountaincar,dense
7,4183,-200.0,200,13.753045082092285,-1.0,9.934856643667445e-05,0.0,DQN_RND,0.001,0.99,mountaincar,dense
7,4184,-200.0,200,8.157600402832031,-1.0,8.244803757406771e-05,0.0,DQN_RND,0.001,0.99,mountaincar,dense
7,4185,-200.0,200,8.234857559204102,-1.0,0.00014764341176487505,0.0,DQN_RND,0.001,0.99,mountaincar,dense
7,4186,-200.0,200,36.61079788208008,-1.0,9.72024499787949e-05,0.0,DQN_RND,0.001,0.99,mountaincar,dense
7,4187,-200.0,200,19.412322998046875,-1.0,8.876343599695247e-06,0.0,DQN_RND,0.001,0.99,mountaincar,dense
7,4188,-200.0,200,2.83418345451355,-1.0,0.00011077654198743403,0.0,DQN_RND,0.001,0.99,mountaincar,dense
7,4189,-200.0,200,19.068326950073242,-1.0,1.041824998537777e-05,0.0,DQN_RND,0.001,0.99,mountaincar,dense
7,4190,-200.0,200,16.98794937133789,-1.0,0.00013193297490943223,0.0,DQN_RND,0.001,0.99,mountaincar,dense
7,4191,-200.0,200,11.39295768737793,-1.0,5.5687985877739266e-05,0.0,DQN_RND,0.001,0.99,mountaincar,dense
7,4192,-200.0,200,8.647334098815918,-1.0,4.658949364966247e-06,0.0,DQN_RND,0.001,0.99,mountaincar,dense
7,4193,-200.0,200,5.744834899902344,-1.0,4.177011578576639e-05,0.0,DQN_RND,0.001,0.99,mountaincar,dense
7,4194,-200.0,200,0.02100086212158203,-1.0,6.118733381299535e-06,0.0,DQN_RND,0.001,0.99,mountaincar,dense
7,4195,-200.0,200,22.48907470703125,-1.0,2.240774847450666e-05,0.0,DQN_RND,0.001,0.99,mountaincar,dense
7,4196,-200.0,200,5.446301460266113,-1.0,4.6958735765656456e-05,0.0,DQN_RND,0.001,0.99,mountaincar,dense
7,4197,-200.0,200,22.253374099731445,-1.0,0.00011568227637326345,0.0,DQN_RND,0.001,0.99,mountaincar,dense
7,4198,-200.0,200,11.788652420043945,-1.0,8.213687397073954e-05,0.0,DQN_RND,0.001,0.99,mountaincar,dense
7,4199,-200.0,200,19.91286277770996,-1.0,2.571377444837708e-05,0.0,DQN_RND,0.001,0.99,mountaincar,dense
7,4200,-200.0,200,11.078191757202148,-1.0,3.480526720522903e-05,0.0,DQN_RND,0.001,0.99,mountaincar,dense
7,4201,-200.0,200,11.43511962890625,-1.0,0.00013696351379621774,0.0,DQN_RND,0.001,0.99,mountaincar,dense
7,4202,-200.0,200,8.488373756408691,-1.0,6.780696367059136e-06,0.0,DQN_RND,0.001,0.99,mountaincar,dense
7,4203,-200.0,200,14.153936386108398,-1.0,4.3046029531979e-06,0.0,DQN_RND,0.001,0.99,mountaincar,dense
7,4204,-200.0,200,14.256115913391113,-1.0,1.5256830920407083e-05,0.0,DQN_RND,0.001,0.99,mountaincar,dense
7,4205,-200.0,200,14.386900901794434,-1.0,8.931507909437642e-05,0.0,DQN_RND,0.001,0.99,mountaincar,dense
7,4206,-200.0,200,14.450459480285645,-1.0,9.030321234604344e-05,0.0,DQN_RND,0.001,0.99,mountaincar,dense
7,4207,-200.0,200,17.20528793334961,-1.0,1.4870150153001305e-05,0.0,DQN_RND,0.001,0.99,mountaincar,dense
7,4208,-200.0,200,20.48533058166504,-1.0,7.945286779431626e-05,0.0,DQN_RND,0.001,0.99,mountaincar,dense
7,4209,-200.0,200,14.278098106384277,-1.0,8.71809788804967e-06,0.0,DQN_RND,0.001,0.99,mountaincar,dense
7,4210,-200.0,200,8.61513900756836,-1.0,0.00011117816029582173,0.0,DQN_RND,0.001,0.99,mountaincar,dense
7,4211,-200.0,200,8.694938659667969,-1.0,1.5805529983481392e-05,0.0,DQN_RND,0.001,0.99,mountaincar,dense
7,4212,-200.0,200,0.043862517923116684,-1.0,6.0438633227022365e-06,0.0,DQN_RND,0.001,0.99,mountaincar,dense
7,4213,-200.0,200,16.98834800720215,-1.0,5.092518676974578e-06,0.0,DQN_RND,0.001,0.99,mountaincar,dense
7,4214,-200.0,200,11.813302993774414,-1.0,7.330758671741933e-05,0.0,DQN_RND,0.001,0.99,mountaincar,dense
7,4215,-200.0,200,8.600954055786133,-1.0,4.3208998249610886e-05,0.0,DQN_RND,0.001,0.99,mountaincar,dense
7,4216,-200.0,200,11.610913276672363,-1.0,4.276871550246142e-06,0.0,DQN_RND,0.001,0.99,mountaincar,dense
7,4217,-200.0,200,20.447601318359375,-1.0,4.144697231822647e-05,0.0,DQN_RND,0.001,0.99,mountaincar,dense
7,4218,-200.0,200,5.71883487701416,-1.0,4.210150109429378e-06,0.0,DQN_RND,0.001,0.99,mountaincar,dense
7,4219,-200.0,200,23.06308937072754,-1.0,4.0470799831382465e-06,0.0,DQN_RND,0.001,0.99,mountaincar,dense
7,4220,-200.0,200,5.796930313110352,-1.0,0.00015236133185680956,0.0,DQN_RND,0.001,0.99,mountaincar,dense
7,4221,-200.0,200,20.691905975341797,-1.0,6.092382318456657e-05,0.0,DQN_RND,0.001,0.99,mountaincar,dense
7,4222,-200.0,200,14.958541870117188,-1.0,0.00010286712495144457,0.0,DQN_RND,0.001,0.99,mountaincar,dense
7,4223,-200.0,200,5.950578689575195,-1.0,0.00014786211249884218,0.0,DQN_RND,0.001,0.99,mountaincar,dense
7,4224,-200.0,200,11.9733247756958,-1.0,8.479692041873932e-05,0.0,DQN_RND,0.001,0.99,mountaincar,dense
7,4225,-200.0,200,9.068634033203125,-1.0,1.805561623768881e-05,0.0,DQN_RND,0.001,0.99,mountaincar,dense
7,4226,-200.0,200,18.183124542236328,-1.0,6.898918218212202e-05,0.0,DQN_RND,0.001,0.99,mountaincar,dense
7,4227,-200.0,200,12.368020057678223,-1.0,5.743640213040635e-05,0.0,DQN_RND,0.001,0.99,mountaincar,dense
7,4228,-200.0,200,3.1843783855438232,-1.0,2.4218970793299377e-05,0.0,DQN_RND,0.001,0.99,mountaincar,dense
7,4229,-200.0,200,9.578947067260742,-1.0,4.6422177547356114e-05,0.0,DQN_RND,0.001,0.99,mountaincar,dense
7,4230,-200.0,200,18.396474838256836,-1.0,4.5429635065374896e-05,0.0,DQN_RND,0.001,0.99,mountaincar,dense
7,4231,-200.0,200,12.423757553100586,-1.0,8.583777525927871e-05,0.0,DQN_RND,0.001,0.99,mountaincar,dense
7,4232,-200.0,200,24.62305450439453,-1.0,0.00011455480853328481,0.0,DQN_RND,0.001,0.99,mountaincar,dense
7,4233,-200.0,200,24.457368850708008,-1.0,1.6392759789596312e-05,0.0,DQN_RND,0.001,0.99,mountaincar,dense
7,4234,-200.0,200,9.31698989868164,-1.0,1.4216878298611846e-05,0.0,DQN_RND,0.001,0.99,mountaincar,dense
7,4235,-200.0,200,9.30927848815918,-1.0,3.902138996636495e-05,0.0,DQN_RND,0.001,0.99,mountaincar,dense
7,4236,-200.0,200,18.0247802734375,-1.0,2.751878673734609e-05,0.0,DQN_RND,0.001,0.99,mountaincar,dense
7,4237,-200.0,200,12.177608489990234,-1.0,3.20317194564268e-05,0.0,DQN_RND,0.001,0.99,mountaincar,dense
7,4238,-200.0,200,21.390880584716797,-1.0,5.858428266947158e-05,0.0,DQN_RND,0.001,0.99,mountaincar,dense
7,4239,-200.0,200,9.171422958374023,-1.0,6.249069429031806e-06,0.0,DQN_RND,0.001,0.99,mountaincar,dense
7,4240,-200.0,200,21.231531143188477,-1.0,1.414841699443059e-05,0.0,DQN_RND,0.001,0.99,mountaincar,dense
7,4241,-200.0,200,11.848910331726074,-1.0,6.166875391500071e-05,0.0,DQN_RND,0.001,0.99,mountaincar,dense
7,4242,-200.0,200,12.31822681427002,-1.0,0.0001160385218099691,0.0,DQN_RND,0.001,0.99,mountaincar,dense
7,4243,-200.0,200,3.0773684978485107,-1.0,3.808308065345045e-06,0.0,DQN_RND,0.001,0.99,mountaincar,dense
7,4244,-200.0,200,6.0970940589904785,-1.0,5.3096041483513545e-06,0.0,DQN_RND,0.001,0.99,mountaincar,dense
7,4245,-200.0,200,9.221179962158203,-1.0,4.451110271475045e-06,0.0,DQN_RND,0.001,0.99,mountaincar,dense
7,4246,-200.0,200,9.441017150878906,-1.0,6.20095806880272e-06,0.0,DQN_RND,0.001,0.99,mountaincar,dense
7,4247,-200.0,200,12.316462516784668,-1.0,3.990332334069535e-05,0.0,DQN_RND,0.001,0.99,mountaincar,dense
7,4248,-200.0,200,15.331840515136719,-1.0,1.7274653146159835e-05,0.0,DQN_RND,0.001,0.99,mountaincar,dense
7,4249,-200.0,200,27.75479507446289,-1.0,3.509664020384662e-05,0.0,DQN_RND,0.001,0.99,mountaincar,dense
7,4250,-200.0,200,21.360210418701172,-1.0,5.695497293345397e-06,0.0,DQN_RND,0.001,0.99,mountaincar,dense
7,4251,-200.0,200,12.569754600524902,-1.0,8.659336162963882e-05,0.0,DQN_RND,0.001,0.99,mountaincar,dense
7,4252,-200.0,200,21.915861129760742,-1.0,5.7906831898435485e-06,0.0,DQN_RND,0.001,0.99,mountaincar,dense
7,4253,-200.0,200,9.431838989257812,-1.0,7.58699607104063e-05,0.0,DQN_RND,0.001,0.99,mountaincar,dense
7,4254,-200.0,200,15.575149536132812,-1.0,0.000133742782054469,0.0,DQN_RND,0.001,0.99,mountaincar,dense
7,4255,-200.0,200,18.49040985107422,-1.0,7.267919954756508e-06,0.0,DQN_RND,0.001,0.99,mountaincar,dense
7,4256,-200.0,200,18.537155151367188,-1.0,0.00013115770707372576,0.0,DQN_RND,0.001,0.99,mountaincar,dense
7,4257,-200.0,200,18.59364891052246,-1.0,7.936609472380951e-05,0.0,DQN_RND,0.001,0.99,mountaincar,dense
7,4258,-200.0,200,16.035303115844727,-1.0,1.5538631487288512e-05,0.0,DQN_RND,0.001,0.99,mountaincar,dense
7,4259,-200.0,200,12.733869552612305,-1.0,1.5051276932354085e-05,0.0,DQN_RND,0.001,0.99,mountaincar,dense
7,4260,-200.0,200,22.198272705078125,-1.0,5.1094153604935855e-05,0.0,DQN_RND,0.001,0.99,mountaincar,dense
7,4261,-200.0,200,6.4277448654174805,-1.0,6.767205832147738e-06,0.0,DQN_RND,0.001,0.99,mountaincar,dense
7,4262,-200.0,200,22.170536041259766,-1.0,8.52557786856778e-06,0.0,DQN_RND,0.001,0.99,mountaincar,dense
7,4263,-200.0,200,12.792898178100586,-1.0,4.014926525996998e-05,0.0,DQN_RND,0.001,0.99,mountaincar,dense
7,4264,-200.0,200,12.773111343383789,-1.0,6.632794975303113e-05,0.0,DQN_RND,0.001,0.99,mountaincar,dense
7,4265,-200.0,200,3.2687628269195557,-1.0,4.705033006757731e-06,0.0,DQN_RND,0.001,0.99,mountaincar,dense
7,4266,-200.0,200,19.658550262451172,-1.0,4.02056002712925e-06,0.0,DQN_RND,0.001,0.99,mountaincar,dense
7,4267,-200.0,200,19.662721633911133,-1.0,5.363184754969552e-05,0.0,DQN_RND,0.001,0.99,mountaincar,dense
7,4268,-200.0,200,13.267788887023926,-1.0,1.616569898033049e-05,0.0,DQN_RND,0.001,0.99,mountaincar,dense
7,4269,-200.0,200,6.512741565704346,-1.0,1.92822735698428e-05,0.0,DQN_RND,0.001,0.99,mountaincar,dense
7,4270,-200.0,200,9.890939712524414,-1.0,0.00012533465633168817,0.0,DQN_RND,0.001,0.99,mountaincar,dense
7,4271,-200.0,200,6.573460102081299,-1.0,3.979081520810723e-05,0.0,DQN_RND,0.001,0.99,mountaincar,dense
7,4272,-200.0,200,6.552933216094971,-1.0,1.7601449144422077e-05,0.0,DQN_RND,0.001,0.99,mountaincar,dense
7,4273,-200.0,200,19.791406631469727,-1.0,7.151006866479293e-05,0.0,DQN_RND,0.001,0.99,mountaincar,dense
7,4274,-200.0,200,10.069337844848633,-1.0,9.37945515033789e-06,0.0,DQN_RND,0.001,0.99,mountaincar,dense
7,4275,-200.0,200,19.936473846435547,-1.0,0.0001192776471725665,0.0,DQN_RND,0.001,0.99,mountaincar,dense
7,4276,-200.0,200,36.87617111206055,-1.0,2.280834632983897e-05,0.0,DQN_RND,0.001,0.99,mountaincar,dense
7,4277,-200.0,200,6.634490013122559,-1.0,5.22813388670329e-06,0.0,DQN_RND,0.001,0.99,mountaincar,dense
7,4278,-200.0,200,19.918119430541992,-1.0,3.849938366329297e-06,0.0,DQN_RND,0.001,0.99,mountaincar,dense
7,4279,-200.0,200,17.104307174682617,-1.0,6.148542888695374e-05,0.0,DQN_RND,0.001,0.99,mountaincar,dense
7,4280,-200.0,200,26.91442108154297,-1.0,1.5903624444035813e-05,0.0,DQN_RND,0.001,0.99,mountaincar,dense
7,4281,-200.0,200,13.526835441589355,-1.0,2.4698227207409218e-05,0.0,DQN_RND,0.001,0.99,mountaincar,dense
7,4282,-200.0,200,13.556476593017578,-1.0,5.140595476404997e-06,0.0,DQN_RND,0.001,0.99,mountaincar,dense
7,4283,-200.0,200,24.23477554321289,-1.0,0.00011856015771627426,0.0,DQN_RND,0.001,0.99,mountaincar,dense
7,4284,-200.0,200,16.336963653564453,-1.0,1.941853406606242e-05,0.0,DQN_RND,0.001,0.99,mountaincar,dense
7,4285,-200.0,200,9.833086967468262,-1.0,6.471081178460736e-06,0.0,DQN_RND,0.001,0.99,mountaincar,dense
7,4286,-200.0,200,13.098136901855469,-1.0,0.0001401211047777906,0.0,DQN_RND,0.001,0.99,mountaincar,dense
7,4287,-200.0,200,12.704069137573242,-1.0,7.878406904637814e-06,0.0,DQN_RND,0.001,0.99,mountaincar,dense
7,4288,-200.0,200,19.72817039489746,-1.0,6.097138611949049e-05,0.0,DQN_RND,0.001,0.99,mountaincar,dense
7,4289,-200.0,200,9.998684883117676,-1.0,1.6272884749923833e-05,0.0,DQN_RND,0.001,0.99,mountaincar,dense
7,4290,-200.0,200,23.08150291442871,-1.0,1.0690472663554829e-05,0.0,DQN_RND,0.001,0.99,mountaincar,dense
7,4291,-200.0,200,10.177738189697266,-1.0,0.00010050046694232151,0.0,DQN_RND,0.001,0.99,mountaincar,dense
7,4292,-200.0,200,19.67220687866211,-1.0,1.753556716721505e-05,0.0,DQN_RND,0.001,0.99,mountaincar,dense
7,4293,-200.0,200,26.082853317260742,-1.0,0.00012512734974734485,0.0,DQN_RND,0.001,0.99,mountaincar,dense
7,4294,-200.0,200,6.612133979797363,-1.0,8.043135312618688e-05,0.0,DQN_RND,0.001,0.99,mountaincar,dense
7,4295,-200.0,200,17.28102684020996,-1.0,5.245331976766465e-06,0.0,DQN_RND,0.001,0.99,mountaincar,dense
7,4296,-200.0,200,20.49712562561035,-1.0,5.9402614169812296e-06,0.0,DQN_RND,0.001,0.99,mountaincar,dense
7,4297,-200.0,200,16.8277530670166,-1.0,2.6317997253499925e-05,0.0,DQN_RND,0.001,0.99,mountaincar,dense
7,4298,-200.0,200,20.494144439697266,-1.0,2.1979229131829925e-05,0.0,DQN_RND,0.001,0.99,mountaincar,dense
7,4299,-200.0,200,27.319509506225586,-1.0,4.8780352699395735e-06,0.0,DQN_RND,0.001,0.99,mountaincar,dense
7,4300,-200.0,200,13.80855941772461,-1.0,1.8185606677434407e-05,0.0,DQN_RND,0.001,0.99,mountaincar,dense
7,4301,-200.0,200,6.8545613288879395,-1.0,3.532112896209583e-05,0.0,DQN_RND,0.001,0.99,mountaincar,dense
7,4302,-200.0,200,13.740554809570312,-1.0,3.723201416505617e-06,0.0,DQN_RND,0.001,0.99,mountaincar,dense
7,4303,-200.0,200,7.03518009185791,-1.0,4.7635410737711936e-05,0.0,DQN_RND,0.001,0.99,mountaincar,dense
7,4304,-200.0,200,23.34309196472168,-1.0,1.622289164515678e-05,0.0,DQN_RND,0.001,0.99,mountaincar,dense
7,4305,-200.0,200,30.6352481842041,-1.0,7.895534508861601e-05,0.0,DQN_RND,0.001,0.99,mountaincar,dense
7,4306,-200.0,200,22.991226196289062,-1.0,3.4341675927862525e-05,0.0,DQN_RND,0.001,0.99,mountaincar,dense
7,4307,-200.0,200,19.68912124633789,-1.0,5.752520792157156e-06,0.0,DQN_RND,0.001,0.99,mountaincar,dense
7,4308,-200.0,200,22.860960006713867,-1.0,3.602317292461521e-06,0.0,DQN_RND,0.001,0.99,mountaincar,dense
7,4309,-200.0,200,16.707857131958008,-1.0,0.00011773640289902687,0.0,DQN_RND,0.001,0.99,mountaincar,dense
7,4310,-200.0,200,29.593307495117188,-1.0,3.862705398205435e-06,0.0,DQN_RND,0.001,0.99,mountaincar,dense
7,4311,-200.0,200,23.006834030151367,-1.0,0.00012213728041388094,0.0,DQN_RND,0.001,0.99,mountaincar,dense
7,4312,-200.0,200,3.3644297122955322,-1.0,4.610014002537355e-05,0.0,DQN_RND,0.001,0.99,mountaincar,dense
7,4313,-200.0,200,9.587546348571777,-1.0,7.597477815579623e-05,0.0,DQN_RND,0.001,0.99,mountaincar,dense
7,4314,-200.0,200,19.395614624023438,-1.0,6.754302739864215e-05,0.0,DQN_RND,0.001,0.99,mountaincar,dense
7,4315,-200.0,200,22.89762306213379,-1.0,5.262548256723676e-06,0.0,DQN_RND,0.001,0.99,mountaincar,dense
7,4316,-200.0,200,16.1595516204834,-1.0,4.36347363574896e-06,0.0,DQN_RND,0.001,0.99,mountaincar,dense
7,4317,-200.0,200,10.026275634765625,-1.0,1.5931012967485003e-05,0.0,DQN_RND,0.001,0.99,mountaincar,dense
7,4318,-200.0,200,9.534924507141113,-1.0,2.3786113160895184e-05,0.0,DQN_RND,0.001,0.99,mountaincar,dense
7,4319,-200.0,200,12.858183860778809,-1.0,6.616706377826631e-05,0.0,DQN_RND,0.001,0.99,mountaincar,dense
7,4320,-200.0,200,22.433818817138672,-1.0,0.00010256394307361916,0.0,DQN_RND,0.001,0.99,mountaincar,dense
7,4321,-200.0,200,19.44449234008789,-1.0,0.00012535753194242716,0.0,DQN_RND,0.001,0.99,mountaincar,dense
7,4322,-200.0,200,6.087698936462402,-1.0,1.8208460460300557e-05,0.0,DQN_RND,0.001,0.99,mountaincar,dense
7,4323,-200.0,200,16.08342933654785,-1.0,9.979370952351019e-05,0.0,DQN_RND,0.001,0.99,mountaincar,dense
7,4324,-200.0,200,25.647125244140625,-1.0,5.96787067479454e-05,0.0,DQN_RND,0.001,0.99,mountaincar,dense
7,4325,-200.0,200,12.594547271728516,-1.0,3.529122750478564e-06,0.0,DQN_RND,0.001,0.99,mountaincar,dense
7,4326,-200.0,200,22.6452579498291,-1.0,7.820912287570536e-05,0.0,DQN_RND,0.001,0.99,mountaincar,dense
7,4327,-200.0,200,28.988636016845703,-1.0,5.63988032808993e-06,0.0,DQN_RND,0.001,0.99,mountaincar,dense
7,4328,-200.0,200,13.104631423950195,-1.0,1.8794667994370684e-05,0.0,DQN_RND,0.001,0.99,mountaincar,dense
7,4329,-200.0,200,12.899497032165527,-1.0,1.4273179658630397e-05,0.0,DQN_RND,0.001,0.99,mountaincar,dense
7,4330,-200.0,200,26.021753311157227,-1.0,2.3539103494840674e-05,0.0,DQN_RND,0.001,0.99,mountaincar,dense
7,4331,-200.0,200,35.219425201416016,-1.0,6.313211997621693e-06,0.0,DQN_RND,0.001,0.99,mountaincar,dense
7,4332,-200.0,200,13.051497459411621,-1.0,2.4033339286688715e-05,0.0,DQN_RND,0.001,0.99,mountaincar,dense
7,4333,-200.0,200,9.458165168762207,-1.0,4.217509922455065e-05,0.0,DQN_RND,0.001,0.99,mountaincar,dense
7,4334,-200.0,200,19.003305435180664,-1.0,4.400261332193622e-06,0.0,DQN_RND,0.001,0.99,mountaincar,dense
7,4335,-200.0,200,22.09196662902832,-1.0,1.0993154319294263e-05,0.0,DQN_RND,0.001,0.99,mountaincar,dense
7,4336,-200.0,200,12.466412544250488,-1.0,3.4684303500398528e-06,0.0,DQN_RND,0.001,0.99,mountaincar,dense
7,4337,-200.0,200,6.196638107299805,-1.0,3.9403585105901584e-05,0.0,DQN_RND,0.001,0.99,mountaincar,dense
7,4338,-200.0,200,21.657670974731445,-1.0,7.698782610532362e-06,0.0,DQN_RND,0.001,0.99,mountaincar,dense
7,4339,-200.0,200,9.503013610839844,-1.0,5.713086466130335e-06,0.0,DQN_RND,0.001,0.99,mountaincar,dense
7,4340,-200.0,200,9.399842262268066,-1.0,3.6243084196030395e-06,0.0,DQN_RND,0.001,0.99,mountaincar,dense
7,4341,-200.0,200,9.741223335266113,-1.0,6.338260573102161e-05,0.0,DQN_RND,0.001,0.99,mountaincar,dense
7,4342,-200.0,200,6.290348529815674,-1.0,4.371906470623799e-06,0.0,DQN_RND,0.001,0.99,mountaincar,dense
7,4343,-200.0,200,9.747018814086914,-1.0,6.321811815723777e-05,0.0,DQN_RND,0.001,0.99,mountaincar,dense
7,4344,-200.0,200,22.482872009277344,-1.0,2.904050052165985e-05,0.0,DQN_RND,0.001,0.99,mountaincar,dense
7,4345,-200.0,200,9.472373962402344,-1.0,3.1151215807767585e-05,0.0,DQN_RND,0.001,0.99,mountaincar,dense
7,4346,-200.0,200,9.807913780212402,-1.0,9.743245027493685e-05,0.0,DQN_RND,0.001,0.99,mountaincar,dense
7,4347,-200.0,200,19.54206657409668,-1.0,2.1379901227192022e-05,0.0,DQN_RND,0.001,0.99,mountaincar,dense
7,4348,-200.0,200,18.500078201293945,-1.0,6.55997937428765e-05,0.0,DQN_RND,0.001,0.99,mountaincar,dense
7,4349,-200.0,200,12.404279708862305,-1.0,0.00010932010627584532,0.0,DQN_RND,0.001,0.99,mountaincar,dense
7,4350,-200.0,200,28.272607803344727,-1.0,7.315641414606944e-05,0.0,DQN_RND,0.001,0.99,mountaincar,dense
7,4351,-200.0,200,6.316381931304932,-1.0,7.510218893003184e-06,0.0,DQN_RND,0.001,0.99,mountaincar,dense
7,4352,-200.0,200,15.379705429077148,-1.0,5.813473762827925e-06,0.0,DQN_RND,0.001,0.99,mountaincar,dense
7,4353,-200.0,200,21.372419357299805,-1.0,1.6840869648149237e-05,0.0,DQN_RND,0.001,0.99,mountaincar,dense
7,4354,-200.0,200,9.305706977844238,-1.0,2.079408113786485e-05,0.0,DQN_RND,0.001,0.99,mountaincar,dense
7,4355,-200.0,200,6.209814071655273,-1.0,2.9744822313659824e-05,0.0,DQN_RND,0.001,0.99,mountaincar,dense
7,4356,-200.0,200,25.13530731201172,-1.0,4.849727247346891e-06,0.0,DQN_RND,0.001,0.99,mountaincar,dense
7,4357,-200.0,200,22.129968643188477,-1.0,5.4560146054427605e-06,0.0,DQN_RND,0.001,0.99,mountaincar,dense
7,4358,-200.0,200,6.446041107177734,-1.0,1.773312578734476e-05,0.0,DQN_RND,0.001,0.99,mountaincar,dense
7,4359,-200.0,200,12.861510276794434,-1.0,4.411426289152587e-06,0.0,DQN_RND,0.001,0.99,mountaincar,dense
7,4360,-200.0,200,6.376283645629883,-1.0,8.901159162633121e-06,0.0,DQN_RND,0.001,0.99,mountaincar,dense
7,4361,-200.0,200,3.0091536045074463,-1.0,1.5200812413240783e-05,0.0,DQN_RND,0.001,0.99,mountaincar,dense
7,4362,-200.0,200,16.17157745361328,-1.0,3.690932317113038e-06,0.0,DQN_RND,0.001,0.99,mountaincar,dense
7,4363,-200.0,200,18.905073165893555,-1.0,1.6740697901695967e-05,0.0,DQN_RND,0.001,0.99,mountaincar,dense
7,4364,-200.0,200,24.92238426208496,-1.0,1.7730959370965138e-05,0.0,DQN_RND,0.001,0.99,mountaincar,dense
7,4365,-200.0,200,9.61780834197998,-1.0,6.432775262510404e-05,0.0,DQN_RND,0.001,0.99,mountaincar,dense
7,4366,-200.0,200,15.567343711853027,-1.0,4.343457840150222e-05,0.0,DQN_RND,0.001,0.99,mountaincar,dense
7,4367,-200.0,200,6.454211711883545,-1.0,9.653637243900448e-05,0.0,DQN_RND,0.001,0.99,mountaincar,dense
7,4368,-200.0,200,12.196041107177734,-1.0,2.181584932259284e-05,0.0,DQN_RND,0.001,0.99,mountaincar,dense
7,4369,-200.0,200,21.974884033203125,-1.0,0.00011101522977696732,0.0,DQN_RND,0.001,0.99,mountaincar,dense
7,4370,-200.0,200,18.52800941467285,-1.0,5.770018105977215e-05,0.0,DQN_RND,0.001,0.99,mountaincar,dense
7,4371,-200.0,200,2.997400999069214,-1.0,2.543222399253864e-05,0.0,DQN_RND,0.001,0.99,mountaincar,dense
7,4372,-200.0,200,3.194226026535034,-1.0,9.615874296287075e-05,0.0,DQN_RND,0.001,0.99,mountaincar,dense
7,4373,-200.0,200,27.60724639892578,-1.0,1.6236843293881975e-05,0.0,DQN_RND,0.001,0.99,mountaincar,dense
7,4374,-200.0,200,8.848453521728516,-1.0,3.887260390911251e-06,0.0,DQN_RND,0.001,0.99,mountaincar,dense
7,4375,-200.0,200,20.81391143798828,-1.0,2.6026993509731255e-05,0.0,DQN_RND,0.001,0.99,mountaincar,dense
7,4376,-200.0,200,21.14065170288086,-1.0,0.00012373529898468405,0.0,DQN_RND,0.001,0.99,mountaincar,dense
7,4377,-200.0,200,3.1135427951812744,-1.0,2.0160347048658878e-05,0.0,DQN_RND,0.001,0.99,mountaincar,dense
7,4378,-200.0,200,12.394436836242676,-1.0,9.931897693604697e-06,0.0,DQN_RND,0.001,0.99,mountaincar,dense
7,4379,-200.0,200,15.13607120513916,-1.0,1.5372179404948838e-05,0.0,DQN_RND,0.001,0.99,mountaincar,dense
7,4380,-200.0,200,14.88349723815918,-1.0,4.2436644434928894e-05,0.0,DQN_RND,0.001,0.99,mountaincar,dense
7,4381,-200.0,200,24.56084632873535,-1.0,6.227837002370507e-05,0.0,DQN_RND,0.001,0.99,mountaincar,dense
7,4382,-200.0,200,17.896255493164062,-1.0,4.4190495827933773e-05,0.0,DQN_RND,0.001,0.99,mountaincar,dense
7,4383,-200.0,200,26.813499450683594,-1.0,4.087511115358211e-06,0.0,DQN_RND,0.001,0.99,mountaincar,dense
7,4384,-200.0,200,5.69905424118042,-1.0,6.759334792150185e-05,0.0,DQN_RND,0.001,0.99,mountaincar,dense
7,4385,-200.0,200,18.3648681640625,-1.0,9.730236342875287e-05,0.0,DQN_RND,0.001,0.99,mountaincar,dense
7,4386,-200.0,200,18.33318519592285,-1.0,3.300955540908035e-06,0.0,DQN_RND,0.001,0.99,mountaincar,dense
7,4387,-200.0,200,11.897149085998535,-1.0,6.725228558934759e-06,0.0,DQN_RND,0.001,0.99,mountaincar,dense
7,4388,-200.0,200,5.9947357177734375,-1.0,9.343324563815258e-06,0.0,DQN_RND,0.001,0.99,mountaincar,dense
7,4389,-200.0,200,30.392833709716797,-1.0,5.149763637746219e-06,0.0,DQN_RND,0.001,0.99,mountaincar,dense
7,4390,-200.0,200,24.671600341796875,-1.0,5.606380000244826e-05,0.0,DQN_RND,0.001,0.99,mountaincar,dense
7,4391,-200.0,200,5.825520992279053,-1.0,6.184805897646584e-06,0.0,DQN_RND,0.001,0.99,mountaincar,dense
7,4392,-200.0,200,17.494916915893555,-1.0,2.8963291697436944e-05,0.0,DQN_RND,0.001,0.99,mountaincar,dense
7,4393,-200.0,200,26.716815948486328,-1.0,6.610996933886781e-05,0.0,DQN_RND,0.001,0.99,mountaincar,dense
7,4394,-200.0,200,8.905810356140137,-1.0,2.5928729883162305e-05,0.0,DQN_RND,0.001,0.99,mountaincar,dense
7,4395,-200.0,200,5.913626194000244,-1.0,1.0992628631356638e-05,0.0,DQN_RND,0.001,0.99,mountaincar,dense
7,4396,-200.0,200,9.017488479614258,-1.0,1.427947518095607e-05,0.0,DQN_RND,0.001,0.99,mountaincar,dense
7,4397,-200.0,200,23.922645568847656,-1.0,1.3628089618578088e-05,0.0,DQN_RND,0.001,0.99,mountaincar,dense
7,4398,-200.0,200,11.821698188781738,-1.0,2.3450049411621876e-05,0.0,DQN_RND,0.001,0.99,mountaincar,dense
7,4399,-200.0,200,21.105863571166992,-1.0,1.691746001597494e-05,0.0,DQN_RND,0.001,0.99,mountaincar,dense
7,4400,-200.0,200,11.903263092041016,-1.0,8.209727820940316e-05,0.0,DQN_RND,0.001,0.99,mountaincar,dense
7,4401,-200.0,200,11.693855285644531,-1.0,6.370969640556723e-05,0.0,DQN_RND,0.001,0.99,mountaincar,dense
7,4402,-200.0,200,0.09184231609106064,-1.0,8.625478949397802e-05,0.0,DQN_RND,0.001,0.99,mountaincar,dense
7,4403,-200.0,200,14.869125366210938,-1.0,8.159707067534328e-05,0.0,DQN_RND,0.001,0.99,mountaincar,dense
7,4404,-200.0,200,11.547196388244629,-1.0,1.6911162674659863e-05,0.0,DQN_RND,0.001,0.99,mountaincar,dense
7,4405,-200.0,200,23.049819946289062,-1.0,6.712741014780477e-05,0.0,DQN_RND,0.001,0.99,mountaincar,dense
7,4406,-200.0,200,9.118680953979492,-1.0,2.8603573809959926e-05,0.0,DQN_RND,0.001,0.99,mountaincar,dense
7,4407,-200.0,200,14.764978408813477,-1.0,3.499385275063105e-05,0.0,DQN_RND,0.001,0.99,mountaincar,dense
7,4408,-200.0,200,11.872403144836426,-1.0,9.284230145567562e-06,0.0,DQN_RND,0.001,0.99,mountaincar,dense
7,4409,-200.0,200,20.24665641784668,-1.0,4.683768565882929e-06,0.0,DQN_RND,0.001,0.99,mountaincar,dense
7,4410,-200.0,200,9.117963790893555,-1.0,4.0239892769022845e-06,0.0,DQN_RND,0.001,0.99,mountaincar,dense
7,4411,-200.0,200,17.90904998779297,-1.0,5.571329893427901e-06,0.0,DQN_RND,0.001,0.99,mountaincar,dense
7,4412,-200.0,200,12.196276664733887,-1.0,5.807594789075665e-06,0.0,DQN_RND,0.001,0.99,mountaincar,dense
7,4413,-200.0,200,14.7990140914917,-1.0,1.6832085748319514e-05,0.0,DQN_RND,0.001,0.99,mountaincar,dense
7,4414,-200.0,200,8.91091251373291,-1.0,9.24323103390634e-06,0.0,DQN_RND,0.001,0.99,mountaincar,dense
7,4415,-200.0,200,21.483976364135742,-1.0,2.744026824075263e-05,0.0,DQN_RND,0.001,0.99,mountaincar,dense
7,4416,-200.0,200,24.183490753173828,-1.0,1.3135383596818428e-05,0.0,DQN_RND,0.001,0.99,mountaincar,dense
7,4417,-200.0,200,9.479510307312012,-1.0,1.7775904780137353e-05,0.0,DQN_RND,0.001,0.99,mountaincar,dense
7,4418,-200.0,200,12.238982200622559,-1.0,3.1992817639547866e-06,0.0,DQN_RND,0.001,0.99,mountaincar,dense
7,4419,-200.0,200,9.247225761413574,-1.0,3.340958073749789e-06,0.0,DQN_RND,0.001,0.99,mountaincar,dense
7,4420,-200.0,200,21.016361236572266,-1.0,3.724199996213429e-05,0.0,DQN_RND,0.001,0.99,mountaincar,dense
7,4421,-200.0,200,9.180133819580078,-1.0,2.1492483938345686e-05,0.0,DQN_RND,0.001,0.99,mountaincar,dense
7,4422,-200.0,200,12.29566478729248,-1.0,3.6981200537411496e-06,0.0,DQN_RND,0.001,0.99,mountaincar,dense
7,4423,-200.0,200,3.14884352684021,-1.0,3.5225843930675182e-06,0.0,DQN_RND,0.001,0.99,mountaincar,dense
7,4424,-200.0,200,18.546371459960938,-1.0,5.210591189097613e-05,0.0,DQN_RND,0.001,0.99,mountaincar,dense
7,4425,-200.0,200,21.50308609008789,-1.0,5.913222594244871e-06,0.0,DQN_RND,0.001,0.99,mountaincar,dense
7,4426,-200.0,200,12.552735328674316,-1.0,3.5893666790798306e-05,0.0,DQN_RND,0.001,0.99,mountaincar,dense
7,4427,-200.0,200,18.799089431762695,-1.0,3.847647167276591e-05,0.0,DQN_RND,0.001,0.99,mountaincar,dense
7,4428,-200.0,200,9.42448616027832,-1.0,3.959006062359549e-05,0.0,DQN_RND,0.001,0.99,mountaincar,dense
7,4429,-200.0,200,6.1031694412231445,-1.0,3.7394936953205615e-05,0.0,DQN_RND,0.001,0.99,mountaincar,dense
7,4430,-200.0,200,6.23187255859375,-1.0,3.218888878109283e-06,0.0,DQN_RND,0.001,0.99,mountaincar,dense
7,4431,-200.0,200,11.957703590393066,-1.0,5.126039923197823e-06,0.0,DQN_RND,0.001,0.99,mountaincar,dense
7,4432,-200.0,200,18.422971725463867,-1.0,5.555364623432979e-06,0.0,DQN_RND,0.001,0.99,mountaincar,dense
7,4433,-200.0,200,9.071334838867188,-1.0,3.857230694848113e-06,0.0,DQN_RND,0.001,0.99,mountaincar,dense
7,4434,-200.0,200,3.175041437149048,-1.0,1.0797023605846334e-05,0.0,DQN_RND,0.001,0.99,mountaincar,dense
7,4435,-200.0,200,24.262252807617188,-1.0,3.32248819177039e-05,0.0,DQN_RND,0.001,0.99,mountaincar,dense
7,4436,-200.0,200,3.159632682800293,-1.0,4.781466486747377e-06,0.0,DQN_RND,0.001,0.99,mountaincar,dense
7,4437,-200.0,200,18.656757354736328,-1.0,1.3269091141410172e-05,0.0,DQN_RND,0.001,0.99,mountaincar,dense
7,4438,-200.0,200,21.845829010009766,-1.0,1.3341491467144806e-05,0.0,DQN_RND,0.001,0.99,mountaincar,dense
7,4439,-200.0,200,9.354450225830078,-1.0,1.8070613805321045e-05,0.0,DQN_RND,0.001,0.99,mountaincar,dense
7,4440,-200.0,200,30.590343475341797,-1.0,4.696288669947535e-05,0.0,DQN_RND,0.001,0.99,mountaincar,dense
7,4441,-200.0,200,14.32828140258789,-1.0,1.3371672139328439e-05,0.0,DQN_RND,0.001,0.99,mountaincar,dense
7,4442,-200.0,200,2.94028639793396,-1.0,1.0655150617822073e-05,0.0,DQN_RND,0.001,0.99,mountaincar,dense
7,4443,-200.0,200,17.292110443115234,-1.0,1.6088142729131505e-05,0.0,DQN_RND,0.001,0.99,mountaincar,dense
7,4444,-200.0,200,2.941114664077759,-1.0,2.949991903733462e-05,0.0,DQN_RND,0.001,0.99,mountaincar,dense
7,4445,-200.0,200,17.053985595703125,-1.0,5.6212989875348285e-05,0.0,DQN_RND,0.001,0.99,mountaincar,dense
7,4446,-200.0,200,19.53724479675293,-1.0,3.2319849196937867e-06,0.0,DQN_RND,0.001,0.99,mountaincar,dense
7,4447,-200.0,200,16.321870803833008,-1.0,3.7644640542566776e-05,0.0,DQN_RND,0.001,0.99,mountaincar,dense
7,4448,-200.0,200,30.698226928710938,-1.0,6.31067669019103e-05,0.0,DQN_RND,0.001,0.99,mountaincar,dense
7,4449,-200.0,200,10.98842716217041,-1.0,3.830698005913291e-06,0.0,DQN_RND,0.001,0.99,mountaincar,dense
7,4450,-200.0,200,2.4840943813323975,-1.0,1.8929518773802556e-05,0.0,DQN_RND,0.001,0.99,mountaincar,dense
7,4451,-200.0,200,13.117063522338867,-1.0,8.258368325186893e-05,0.0,DQN_RND,0.001,0.99,mountaincar,dense
7,4452,-200.0,200,5.610462665557861,-1.0,6.803769792895764e-05,0.0,DQN_RND,0.001,0.99,mountaincar,dense
7,4453,-200.0,200,10.879870414733887,-1.0,6.416005635401234e-05,0.0,DQN_RND,0.001,0.99,mountaincar,dense
7,4454,-200.0,200,10.450177192687988,-1.0,6.601514178328216e-05,0.0,DQN_RND,0.001,0.99,mountaincar,dense
7,4455,-200.0,200,11.01309585571289,-1.0,0.0001046134129865095,0.0,DQN_RND,0.001,0.99,mountaincar,dense
7,4456,-200.0,200,22.038516998291016,-1.0,2.8909485990880057e-05,0.0,DQN_RND,0.001,0.99,mountaincar,dense
7,4457,-200.0,200,2.908933162689209,-1.0,4.571138106257422e-06,0.0,DQN_RND,0.001,0.99,mountaincar,dense
7,4458,-200.0,200,5.589064598083496,-1.0,2.802276867441833e-05,0.0,DQN_RND,0.001,0.99,mountaincar,dense
7,4459,-200.0,200,16.88119888305664,-1.0,3.2022210234572412e-06,0.0,DQN_RND,0.001,0.99,mountaincar,dense
7,4460,-200.0,200,19.454835891723633,-1.0,3.310360170871718e-06,0.0,DQN_RND,0.001,0.99,mountaincar,dense
7,4461,-200.0,200,5.5311994552612305,-1.0,5.234658601693809e-05,0.0,DQN_RND,0.001,0.99,mountaincar,dense
7,4462,-200.0,200,16.616310119628906,-1.0,5.9887938732572366e-06,0.0,DQN_RND,0.001,0.99,mountaincar,dense
7,4463,-200.0,200,14.192076683044434,-1.0,0.00011686127254506573,0.0,DQN_RND,0.001,0.99,mountaincar,dense
7,4464,-200.0,200,11.237259864807129,-1.0,1.005031845124904e-05,0.0,DQN_RND,0.001,0.99,mountaincar,dense
7,4465,-200.0,200,25.85714340209961,-1.0,7.496973557863384e-05,0.0,DQN_RND,0.001,0.99,mountaincar,dense
7,4466,-200.0,200,10.851417541503906,-1.0,4.820984941034112e-06,0.0,DQN_RND,0.001,0.99,mountaincar,dense
7,4467,-200.0,200,20.04645538330078,-1.0,8.302276546601206e-05,0.0,DQN_RND,0.001,0.99,mountaincar,dense
7,4468,-200.0,200,11.169140815734863,-1.0,2.9915705454186536e-05,0.0,DQN_RND,0.001,0.99,mountaincar,dense
7,4469,-200.0,200,22.580568313598633,-1.0,6.852890510344878e-05,0.0,DQN_RND,0.001,0.99,mountaincar,dense
7,4470,-200.0,200,8.439128875732422,-1.0,4.428635293152183e-06,0.0,DQN_RND,0.001,0.99,mountaincar,dense
7,4471,-200.0,200,11.435051918029785,-1.0,2.8885318897664547e-05,0.0,DQN_RND,0.001,0.99,mountaincar,dense
7,4472,-200.0,200,14.546088218688965,-1.0,3.823469796770951e-06,0.0,DQN_RND,0.001,0.99,mountaincar,dense
7,4473,-200.0,200,19.611093521118164,-1.0,3.886590639012866e-05,0.0,DQN_RND,0.001,0.99,mountaincar,dense
7,4474,-200.0,200,8.016220092773438,-1.0,6.869248318253085e-05,0.0,DQN_RND,0.001,0.99,mountaincar,dense
7,4475,-200.0,200,19.870677947998047,-1.0,0.00014452736650127918,0.0,DQN_RND,0.001,0.99,mountaincar,dense
7,4476,-200.0,200,19.706327438354492,-1.0,8.1901642261073e-05,0.0,DQN_RND,0.001,0.99,mountaincar,dense
7,4477,-200.0,200,17.505678176879883,-1.0,1.2894867722934578e-05,0.0,DQN_RND,0.001,0.99,mountaincar,dense
7,4478,-200.0,200,11.649395942687988,-1.0,8.089677066891454e-06,0.0,DQN_RND,0.001,0.99,mountaincar,dense
7,4479,-200.0,200,32.2741584777832,-1.0,1.698133746685926e-05,0.0,DQN_RND,0.001,0.99,mountaincar,dense
7,4480,-200.0,200,8.932174682617188,-1.0,1.6923240764299408e-05,0.0,DQN_RND,0.001,0.99,mountaincar,dense
7,4481,-200.0,200,11.931962966918945,-1.0,5.373789917939575e-06,0.0,DQN_RND,0.001,0.99,mountaincar,dense
7,4482,-200.0,200,20.815702438354492,-1.0,5.695169238606468e-05,0.0,DQN_RND,0.001,0.99,mountaincar,dense
7,4483,-200.0,200,14.47252368927002,-1.0,8.784491001279093e-06,0.0,DQN_RND,0.001,0.99,mountaincar,dense
7,4484,-200.0,200,16.842254638671875,-1.0,3.516736796882469e-06,0.0,DQN_RND,0.001,0.99,mountaincar,dense
7,4485,-200.0,200,8.599998474121094,-1.0,3.2051898415375035e-06,0.0,DQN_RND,0.001,0.99,mountaincar,dense
7,4486,-200.0,200,8.218626976013184,-1.0,3.0563990094378823e-06,0.0,DQN_RND,0.001,0.99,mountaincar,dense
7,4487,-200.0,200,22.97037124633789,-1.0,7.131174061214551e-05,0.0,DQN_RND,0.001,0.99,mountaincar,dense
7,4488,-200.0,200,17.538238525390625,-1.0,5.721097750210902e-06,0.0,DQN_RND,0.001,0.99,mountaincar,dense
7,4489,-200.0,200,14.406782150268555,-1.0,1.5956069546518847e-05,0.0,DQN_RND,0.001,0.99,mountaincar,dense
7,4490,-200.0,200,23.380123138427734,-1.0,4.581598659569863e-06,0.0,DQN_RND,0.001,0.99,mountaincar,dense
7,4491,-200.0,200,10.801509857177734,-1.0,1.6000087271095254e-05,0.0,DQN_RND,0.001,0.99,mountaincar,dense
7,4492,-200.0,200,16.30548858642578,-1.0,6.891080829518614e-06,0.0,DQN_RND,0.001,0.99,mountaincar,dense
7,4493,-200.0,200,10.873725891113281,-1.0,2.4696433683857322e-05,0.0,DQN_RND,0.001,0.99,mountaincar,dense
7,4494,-200.0,200,13.705820083618164,-1.0,5.621807213174179e-05,0.0,DQN_RND,0.001,0.99,mountaincar,dense
7,4495,-200.0,200,16.456947326660156,-1.0,3.381409987923689e-05,0.0,DQN_RND,0.001,0.99,mountaincar,dense
7,4496,-200.0,200,16.285167694091797,-1.0,4.48602186224889e-05,0.0,DQN_RND,0.001,0.99,mountaincar,dense
7,4497,-200.0,200,21.675973892211914,-1.0,3.1806582683202578e-06,0.0,DQN_RND,0.001,0.99,mountaincar,dense
7,4498,-200.0,200,21.470102310180664,-1.0,1.85035023605451e-05,0.0,DQN_RND,0.001,0.99,mountaincar,dense
7,4499,-200.0,200,8.248831748962402,-1.0,4.8487538151675835e-05,0.0,DQN_RND,0.001,0.99,mountaincar,dense
7,4500,-200.0,200,5.51361083984375,-1.0,1.7287489754380658e-05,0.0,DQN_RND,0.001,0.99,mountaincar,dense
7,4501,-200.0,200,8.145280838012695,-1.0,4.174446075921878e-05,0.0,DQN_RND,0.001,0.99,mountaincar,dense
7,4502,-200.0,200,8.066723823547363,-1.0,3.176814061589539e-06,0.0,DQN_RND,0.001,0.99,mountaincar,dense
7,4503,-200.0,200,4.942121982574463,-1.0,3.438150815782137e-05,0.0,DQN_RND,0.001,0.99,mountaincar,dense
7,4504,-200.0,200,2.764857053756714,-1.0,7.947943959152326e-05,0.0,DQN_RND,0.001,0.99,mountaincar,dense
7,4505,-200.0,200,10.707104682922363,-1.0,2.1169660612940788e-05,0.0,DQN_RND,0.001,0.99,mountaincar,dense
7,4506,-200.0,200,16.341936111450195,-1.0,7.1399197622668e-05,0.0,DQN_RND,0.001,0.99,mountaincar,dense
7,4507,-200.0,200,8.249616622924805,-1.0,2.998513537022518e-06,0.0,DQN_RND,0.001,0.99,mountaincar,dense
7,4508,-200.0,200,7.937071800231934,-1.0,4.532853199634701e-05,0.0,DQN_RND,0.001,0.99,mountaincar,dense
7,4509,-200.0,200,10.965200424194336,-1.0,6.31013244856149e-05,0.0,DQN_RND,0.001,0.99,mountaincar,dense
7,4510,-200.0,200,8.066267967224121,-1.0,9.675298315414693e-06,0.0,DQN_RND,0.001,0.99,mountaincar,dense
7,4511,-200.0,200,18.46333885192871,-1.0,3.953264695155667e-06,0.0,DQN_RND,0.001,0.99,mountaincar,dense
7,4512,-200.0,200,13.65293025970459,-1.0,6.745775317540392e-05,0.0,DQN_RND,0.001,0.99,mountaincar,dense
7,4513,-200.0,200,8.048988342285156,-1.0,7.971999730216339e-05,0.0,DQN_RND,0.001,0.99,mountaincar,dense
7,4514,-200.0,200,19.406719207763672,-1.0,5.916418376727961e-05,0.0,DQN_RND,0.001,0.99,mountaincar,dense
7,4515,-200.0,200,13.898421287536621,-1.0,3.8292808312689885e-05,0.0,DQN_RND,0.001,0.99,mountaincar,dense
7,4516,-200.0,200,13.951043128967285,-1.0,5.832327587995678e-06,0.0,DQN_RND,0.001,0.99,mountaincar,dense
7,4517,-200.0,200,13.901449203491211,-1.0,2.7356072678230703e-05,0.0,DQN_RND,0.001,0.99,mountaincar,dense
7,4518,-200.0,200,5.688565731048584,-1.0,8.96032179298345e-06,0.0,DQN_RND,0.001,0.99,mountaincar,dense
7,4519,-200.0,200,16.954875946044922,-1.0,1.7441878298996016e-05,0.0,DQN_RND,0.001,0.99,mountaincar,dense
7,4520,-200.0,200,14.037762641906738,-1.0,5.282655547489412e-05,0.0,DQN_RND,0.001,0.99,mountaincar,dense
7,4521,-200.0,200,11.534152030944824,-1.0,5.9575727391347755e-06,0.0,DQN_RND,0.001,0.99,mountaincar,dense
7,4522,-200.0,200,17.09647560119629,-1.0,3.4223453440063167e-06,0.0,DQN_RND,0.001,0.99,mountaincar,dense
7,4523,-200.0,200,11.03637409210205,-1.0,1.99835303646978e-05,0.0,DQN_RND,0.001,0.99,mountaincar,dense
7,4524,-200.0,200,11.236477851867676,-1.0,7.825055217836052e-05,0.0,DQN_RND,0.001,0.99,mountaincar,dense
7,4525,-200.0,200,5.768953323364258,-1.0,8.996435099106748e-06,0.0,DQN_RND,0.001,0.99,mountaincar,dense
7,4526,-200.0,200,8.635469436645508,-1.0,4.49551225756295e-06,0.0,DQN_RND,0.001,0.99,mountaincar,dense
7,4527,-200.0,200,8.816146850585938,-1.0,1.7087877495214343e-05,0.0,DQN_RND,0.001,0.99,mountaincar,dense
7,4528,-200.0,200,11.270075798034668,-1.0,4.441469718585722e-05,0.0,DQN_RND,0.001,0.99,mountaincar,dense
7,4529,-200.0,200,23.408966064453125,-1.0,5.1441402320051566e-05,0.0,DQN_RND,0.001,0.99,mountaincar,dense
7,4530,-200.0,200,19.878324508666992,-1.0,2.0315346773713827e-05,0.0,DQN_RND,0.001,0.99,mountaincar,dense
7,4531,-200.0,200,14.499237060546875,-1.0,6.660520739387721e-05,0.0,DQN_RND,0.001,0.99,mountaincar,dense
7,4532,-200.0,200,22.718189239501953,-1.0,4.980485300620785e-06,0.0,DQN_RND,0.001,0.99,mountaincar,dense
7,4533,-200.0,200,14.247640609741211,-1.0,9.289234731113538e-05,0.0,DQN_RND,0.001,0.99,mountaincar,dense
7,4534,-200.0,200,22.583240509033203,-1.0,3.1846225283516105e-06,0.0,DQN_RND,0.001,0.99,mountaincar,dense
7,4535,-200.0,200,11.508933067321777,-1.0,3.5061919334111735e-05,0.0,DQN_RND,0.001,0.99,mountaincar,dense
7,4536,-200.0,200,5.84997034072876,-1.0,2.35143397731008e-05,0.0,DQN_RND,0.001,0.99,mountaincar,dense
7,4537,-200.0,200,11.594378471374512,-1.0,4.805446224054322e-06,0.0,DQN_RND,0.001,0.99,mountaincar,dense
7,4538,-200.0,200,2.908885955810547,-1.0,2.0587067410815507e-05,0.0,DQN_RND,0.001,0.99,mountaincar,dense
7,4539,-200.0,200,23.42023277282715,-1.0,1.343817166343797e-05,0.0,DQN_RND,0.001,0.99,mountaincar,dense
7,4540,-200.0,200,23.286109924316406,-1.0,3.30942498294462e-06,0.0,DQN_RND,0.001,0.99,mountaincar,dense
7,4541,-200.0,200,11.201085090637207,-1.0,2.6912810426438227e-05,0.0,DQN_RND,0.001,0.99,mountaincar,dense
7,4542,-200.0,200,14.333112716674805,-1.0,6.89627486281097e-05,0.0,DQN_RND,0.001,0.99,mountaincar,dense
7,4543,-200.0,200,17.340261459350586,-1.0,7.063116936478764e-05,0.0,DQN_RND,0.001,0.99,mountaincar,dense
7,4544,-200.0,200,11.523655891418457,-1.0,1.7416708942619152e-05,0.0,DQN_RND,0.001,0.99,mountaincar,dense
7,4545,-200.0,200,11.204317092895508,-1.0,2.114711060130503e-05,0.0,DQN_RND,0.001,0.99,mountaincar,dense
7,4546,-200.0,200,14.122562408447266,-1.0,0.00010835241118911654,0.0,DQN_RND,0.001,0.99,mountaincar,dense
7,4547,-200.0,200,20.03490447998047,-1.0,0.00013322877930477262,0.0,DQN_RND,0.001,0.99,mountaincar,dense
7,4548,-200.0,200,8.730142593383789,-1.0,4.910255938739283e-06,0.0,DQN_RND,0.001,0.99,mountaincar,dense
7,4549,-200.0,200,14.15391731262207,-1.0,5.765941295976518e-06,0.0,DQN_RND,0.001,0.99,mountaincar,dense
7,4550,-200.0,200,8.84131145477295,-1.0,0.00013094241148792207,0.0,DQN_RND,0.001,0.99,mountaincar,dense
7,4551,-200.0,200,26.320392608642578,-1.0,3.059476284761331e-06,0.0,DQN_RND,0.001,0.99,mountaincar,dense
7,4552,-200.0,200,17.63275909423828,-1.0,4.612039265339263e-05,0.0,DQN_RND,0.001,0.99,mountaincar,dense
7,4553,-200.0,200,11.927186012268066,-1.0,3.8989951463008765e-06,0.0,DQN_RND,0.001,0.99,mountaincar,dense
7,4554,-200.0,200,8.928781509399414,-1.0,1.906792567751836e-05,0.0,DQN_RND,0.001,0.99,mountaincar,dense
7,4555,-200.0,200,22.272823333740234,-1.0,5.884221172891557e-05,0.0,DQN_RND,0.001,0.99,mountaincar,dense
7,4556,-200.0,200,8.471211433410645,-1.0,9.090521052712575e-05,0.0,DQN_RND,0.001,0.99,mountaincar,dense
7,4557,-200.0,200,5.454599380493164,-1.0,6.828871119068936e-05,0.0,DQN_RND,0.001,0.99,mountaincar,dense
7,4558,-200.0,200,24.857080459594727,-1.0,0.000139544703415595,0.0,DQN_RND,0.001,0.99,mountaincar,dense
7,4559,-200.0,200,13.786998748779297,-1.0,0.00011496133811306208,0.0,DQN_RND,0.001,0.99,mountaincar,dense
7,4560,-200.0,200,13.7254056930542,-1.0,7.558331708423793e-05,0.0,DQN_RND,0.001,0.99,mountaincar,dense
7,4561,-200.0,200,17.189971923828125,-1.0,7.727513730060309e-05,0.0,DQN_RND,0.001,0.99,mountaincar,dense
7,4562,-200.0,200,5.763058662414551,-1.0,2.919038479376468e-06,0.0,DQN_RND,0.001,0.99,mountaincar,dense
7,4563,-200.0,200,20.141185760498047,-1.0,3.858795935229864e-06,0.0,DQN_RND,0.001,0.99,mountaincar,dense
7,4564,-200.0,200,2.679560899734497,-1.0,6.955676781217335e-06,0.0,DQN_RND,0.001,0.99,mountaincar,dense
7,4565,-200.0,200,11.258323669433594,-1.0,9.355182555736974e-06,0.0,DQN_RND,0.001,0.99,mountaincar,dense
7,4566,-200.0,200,11.341108322143555,-1.0,3.4283507375221234e-06,0.0,DQN_RND,0.001,0.99,mountaincar,dense
7,4567,-200.0,200,13.939384460449219,-1.0,8.090201845334377e-06,0.0,DQN_RND,0.001,0.99,mountaincar,dense
7,4568,-200.0,200,11.435604095458984,-1.0,4.127000920561841e-06,0.0,DQN_RND,0.001,0.99,mountaincar,dense
7,4569,-200.0,200,5.6351637840271,-1.0,4.708425421995344e-06,0.0,DQN_RND,0.001,0.99,mountaincar,dense
7,4570,-200.0,200,11.274529457092285,-1.0,0.00010655710502760485,0.0,DQN_RND,0.001,0.99,mountaincar,dense
7,4571,-200.0,200,17.17119026184082,-1.0,7.663956057513133e-05,0.0,DQN_RND,0.001,0.99,mountaincar,dense
7,4572,-200.0,200,17.543569564819336,-1.0,8.582108421251178e-05,0.0,DQN_RND,0.001,0.99,mountaincar,dense
7,4573,-200.0,200,11.624074935913086,-1.0,1.815309406083543e-05,0.0,DQN_RND,0.001,0.99,mountaincar,dense
7,4574,-200.0,200,14.164347648620605,-1.0,3.2131611078511924e-06,0.0,DQN_RND,0.001,0.99,mountaincar,dense
7,4575,-200.0,200,5.698500156402588,-1.0,4.008528048871085e-05,0.0,DQN_RND,0.001,0.99,mountaincar,dense
7,4576,-200.0,200,11.738213539123535,-1.0,1.087801229004981e-05,0.0,DQN_RND,0.001,0.99,mountaincar,dense
7,4577,-200.0,200,26.140710830688477,-1.0,4.062968400830869e-06,0.0,DQN_RND,0.001,0.99,mountaincar,dense
7,4578,-200.0,200,14.564555168151855,-1.0,6.638663307967363e-06,0.0,DQN_RND,0.001,0.99,mountaincar,dense
7,4579,-200.0,200,8.777786254882812,-1.0,1.667673495830968e-05,0.0,DQN_RND,0.001,0.99,mountaincar,dense
7,4580,-200.0,200,8.920858383178711,-1.0,3.912015017704107e-06,0.0,DQN_RND,0.001,0.99,mountaincar,dense
7,4581,-200.0,200,8.88503360748291,-1.0,2.9741422622464597e-05,0.0,DQN_RND,0.001,0.99,mountaincar,dense
7,4582,-200.0,200,8.885016441345215,-1.0,1.6759517166065052e-05,0.0,DQN_RND,0.001,0.99,mountaincar,dense
7,4583,-200.0,200,8.893478393554688,-1.0,4.8514331865590066e-05,0.0,DQN_RND,0.001,0.99,mountaincar,dense
7,4584,-200.0,200,11.860191345214844,-1.0,1.7791655409382656e-05,0.0,DQN_RND,0.001,0.99,mountaincar,dense
7,4585,-200.0,200,8.944774627685547,-1.0,8.775438800512347e-06,0.0,DQN_RND,0.001,0.99,mountaincar,dense
7,4586,-200.0,200,11.898273468017578,-1.0,3.0740593501832336e-06,0.0,DQN_RND,0.001,0.99,mountaincar,dense
7,4587,-200.0,200,15.000608444213867,-1.0,6.448494968935847e-05,0.0,DQN_RND,0.001,0.99,mountaincar,dense
7,4588,-200.0,200,8.76231575012207,-1.0,1.8258753698319197e-05,0.0,DQN_RND,0.001,0.99,mountaincar,dense
7,4589,-200.0,200,14.820845603942871,-1.0,6.63692262605764e-05,0.0,DQN_RND,0.001,0.99,mountaincar,dense
7,4590,-200.0,200,28.98126983642578,-1.0,2.778545967885293e-05,0.0,DQN_RND,0.001,0.99,mountaincar,dense
7,4591,-200.0,200,20.54237937927246,-1.0,0.00012877603876404464,0.0,DQN_RND,0.001,0.99,mountaincar,dense
7,4592,-200.0,200,6.112335205078125,-1.0,3.587845276342705e-05,0.0,DQN_RND,0.001,0.99,mountaincar,dense
7,4593,-200.0,200,14.834360122680664,-1.0,1.7464106349507347e-05,0.0,DQN_RND,0.001,0.99,mountaincar,dense
7,4594,-200.0,200,14.713699340820312,-1.0,1.7281849068240263e-05,0.0,DQN_RND,0.001,0.99,mountaincar,dense
7,4595,-200.0,200,8.909279823303223,-1.0,5.219293598202057e-05,0.0,DQN_RND,0.001,0.99,mountaincar,dense
7,4596,-200.0,200,6.029541492462158,-1.0,2.7791806132881902e-05,0.0,DQN_RND,0.001,0.99,mountaincar,dense
7,4597,-200.0,200,3.0322768688201904,-1.0,3.863601523335092e-05,0.0,DQN_RND,0.001,0.99,mountaincar,dense
7,4598,-200.0,200,5.951056003570557,-1.0,2.2370973965735175e-05,0.0,DQN_RND,0.001,0.99,mountaincar,dense
7,4599,-200.0,200,9.282779693603516,-1.0,3.074043661399628e-06,0.0,DQN_RND,0.001,0.99,mountaincar,dense
7,4600,-200.0,200,18.16391944885254,-1.0,2.0698211301350966e-05,0.0,DQN_RND,0.001,0.99,mountaincar,dense
7,4601,-200.0,200,24.230308532714844,-1.0,0.0001381560869049281,0.0,DQN_RND,0.001,0.99,mountaincar,dense
7,4602,-200.0,200,0.10106521844863892,-1.0,9.231692820321769e-05,0.0,DQN_RND,0.001,0.99,mountaincar,dense
7,4603,-200.0,200,18.40446662902832,-1.0,0.00010965529509121552,0.0,DQN_RND,0.001,0.99,mountaincar,dense
7,4604,-200.0,200,6.166357040405273,-1.0,8.351488941116259e-05,0.0,DQN_RND,0.001,0.99,mountaincar,dense
7,4605,-200.0,200,21.20403289794922,-1.0,3.288907919341e-06,0.0,DQN_RND,0.001,0.99,mountaincar,dense
7,4606,-200.0,200,12.349666595458984,-1.0,1.69328814081382e-05,0.0,DQN_RND,0.001,0.99,mountaincar,dense
7,4607,-200.0,200,18.312150955200195,-1.0,4.1549978050170466e-05,0.0,DQN_RND,0.001,0.99,mountaincar,dense
7,4608,-200.0,200,21.494041442871094,-1.0,1.5572808479191735e-05,0.0,DQN_RND,0.001,0.99,mountaincar,dense
7,4609,-200.0,200,15.114500045776367,-1.0,5.3382464102469385e-06,0.0,DQN_RND,0.001,0.99,mountaincar,dense
7,4610,-200.0,200,15.467424392700195,-1.0,4.290714787202887e-05,0.0,DQN_RND,0.001,0.99,mountaincar,dense
7,4611,-200.0,200,33.90589141845703,-1.0,5.765477908425964e-06,0.0,DQN_RND,0.001,0.99,mountaincar,dense
7,4612,-200.0,200,24.721603393554688,-1.0,5.2498588047455996e-05,0.0,DQN_RND,0.001,0.99,mountaincar,dense
7,4613,-200.0,200,6.2946062088012695,-1.0,2.903946369769983e-05,0.0,DQN_RND,0.001,0.99,mountaincar,dense
7,4614,-200.0,200,15.44151496887207,-1.0,2.8541974188556196e-06,0.0,DQN_RND,0.001,0.99,mountaincar,dense
7,4615,-200.0,200,15.829889297485352,-1.0,0.00011654022091533989,0.0,DQN_RND,0.001,0.99,mountaincar,dense
7,4616,-200.0,200,18.369468688964844,-1.0,2.9405171062535373e-06,0.0,DQN_RND,0.001,0.99,mountaincar,dense
7,4617,-200.0,200,15.586511611938477,-1.0,5.893409252166748e-05,0.0,DQN_RND,0.001,0.99,mountaincar,dense
7,4618,-200.0,200,21.647825241088867,-1.0,5.8792171330424026e-05,0.0,DQN_RND,0.001,0.99,mountaincar,dense
7,4619,-200.0,200,15.223204612731934,-1.0,5.3545532864518464e-05,0.0,DQN_RND,0.001,0.99,mountaincar,dense
7,4620,-200.0,200,18.104694366455078,-1.0,3.06068395730108e-05,0.0,DQN_RND,0.001,0.99,mountaincar,dense
7,4621,-200.0,200,11.75087833404541,-1.0,2.5120756617980078e-05,0.0,DQN_RND,0.001,0.99,mountaincar,dense
7,4622,-200.0,200,23.511564254760742,-1.0,0.00013607539585791528,0.0,DQN_RND,0.001,0.99,mountaincar,dense
7,4623,-200.0,200,20.876426696777344,-1.0,0.00012593885185196996,0.0,DQN_RND,0.001,0.99,mountaincar,dense
7,4624,-200.0,200,23.83797836303711,-1.0,2.7607171432464384e-05,0.0,DQN_RND,0.001,0.99,mountaincar,dense
7,4625,-200.0,200,15.295930862426758,-1.0,3.984740033047274e-05,0.0,DQN_RND,0.001,0.99,mountaincar,dense
7,4626,-200.0,200,20.24831771850586,-1.0,5.696591688320041e-05,0.0,DQN_RND,0.001,0.99,mountaincar,dense
7,4627,-200.0,200,14.963825225830078,-1.0,3.660405809569056e-06,0.0,DQN_RND,0.001,0.99,mountaincar,dense
7,4628,-200.0,200,17.64958953857422,-1.0,2.2823576728114858e-05,0.0,DQN_RND,0.001,0.99,mountaincar,dense
7,4629,-200.0,200,12.035600662231445,-1.0,2.907116140704602e-06,0.0,DQN_RND,0.001,0.99,mountaincar,dense
7,4630,-200.0,200,23.639503479003906,-1.0,2.9633979465870652e-06,0.0,DQN_RND,0.001,0.99,mountaincar,dense
7,4631,-200.0,200,20.6428279876709,-1.0,3.21075913234381e-06,0.0,DQN_RND,0.001,0.99,mountaincar,dense
7,4632,-200.0,200,11.804112434387207,-1.0,4.491394429351203e-05,0.0,DQN_RND,0.001,0.99,mountaincar,dense
7,4633,-200.0,200,5.894169807434082,-1.0,4.751473170472309e-06,0.0,DQN_RND,0.001,0.99,mountaincar,dense
7,4634,-200.0,200,15.04478931427002,-1.0,6.40650832792744e-05,0.0,DQN_RND,0.001,0.99,mountaincar,dense
7,4635,-200.0,200,15.007486343383789,-1.0,6.333477358566597e-05,0.0,DQN_RND,0.001,0.99,mountaincar,dense
7,4636,-200.0,200,17.706514358520508,-1.0,1.797782169887796e-05,0.0,DQN_RND,0.001,0.99,mountaincar,dense
7,4637,-200.0,200,17.85109519958496,-1.0,1.9551314835553057e-05,0.0,DQN_RND,0.001,0.99,mountaincar,dense
7,4638,-200.0,200,17.444364547729492,-1.0,6.1253180319909e-05,0.0,DQN_RND,0.001,0.99,mountaincar,dense
7,4639,-200.0,200,14.297931671142578,-1.0,0.00011552482465049252,0.0,DQN_RND,0.001,0.99,mountaincar,dense
7,4640,-200.0,200,20.63021469116211,-1.0,8.145820902427658e-05,0.0,DQN_RND,0.001,0.99,mountaincar,dense
7,4641,-200.0,200,20.724288940429688,-1.0,6.944443157408386e-05,0.0,DQN_RND,0.001,0.99,mountaincar,dense
7,4642,-200.0,200,23.478042602539062,-1.0,4.107923814444803e-06,0.0,DQN_RND,0.001,0.99,mountaincar,dense
7,4643,-200.0,200,14.744648933410645,-1.0,2.003260851779487e-05,0.0,DQN_RND,0.001,0.99,mountaincar,dense
7,4644,-200.0,200,11.989763259887695,-1.0,7.629154424648732e-06,0.0,DQN_RND,0.001,0.99,mountaincar,dense
7,4645,-200.0,200,11.816976547241211,-1.0,2.3868717107689008e-05,0.0,DQN_RND,0.001,0.99,mountaincar,dense
7,4646,-200.0,200,20.812597274780273,-1.0,4.13094539908343e-06,0.0,DQN_RND,0.001,0.99,mountaincar,dense
7,4647,-200.0,200,8.880989074707031,-1.0,3.442047454882413e-05,0.0,DQN_RND,0.001,0.99,mountaincar,dense
7,4648,-200.0,200,23.60702133178711,-1.0,2.6900514058070257e-05,0.0,DQN_RND,0.001,0.99,mountaincar,dense
7,4649,-200.0,200,14.78847599029541,-1.0,1.9109700588160194e-05,0.0,DQN_RND,0.001,0.99,mountaincar,dense
7,4650,-200.0,200,20.582197189331055,-1.0,2.957510787382489e-06,0.0,DQN_RND,0.001,0.99,mountaincar,dense
7,4651,-200.0,200,15.03422737121582,-1.0,0.00012961422908119857,0.0,DQN_RND,0.001,0.99,mountaincar,dense
7,4652,-200.0,200,23.632543563842773,-1.0,7.064559758873656e-05,0.0,DQN_RND,0.001,0.99,mountaincar,dense
7,4653,-200.0,200,8.90822982788086,-1.0,8.069008617894724e-05,0.0,DQN_RND,0.001,0.99,mountaincar,dense
7,4654,-200.0,200,14.562200546264648,-1.0,6.27287954557687e-05,0.0,DQN_RND,0.001,0.99,mountaincar,dense
7,4655,-200.0,200,21.298133850097656,-1.0,0.00013615410716738552,0.0,DQN_RND,0.001,0.99,mountaincar,dense
7,4656,-200.0,200,9.040970802307129,-1.0,2.933697714979644e-06,0.0,DQN_RND,0.001,0.99,mountaincar,dense
7,4657,-200.0,200,20.717308044433594,-1.0,3.2883567655517254e-06,0.0,DQN_RND,0.001,0.99,mountaincar,dense
7,4658,-200.0,200,11.762349128723145,-1.0,2.661937105585821e-05,0.0,DQN_RND,0.001,0.99,mountaincar,dense
7,4659,-200.0,200,8.82900333404541,-1.0,6.001539441058412e-05,0.0,DQN_RND,0.001,0.99,mountaincar,dense
7,4660,-200.0,200,14.898898124694824,-1.0,5.455148857436143e-05,0.0,DQN_RND,0.001,0.99,mountaincar,dense
7,4661,-200.0,200,5.988717555999756,-1.0,6.829239282524213e-06,0.0,DQN_RND,0.001,0.99,mountaincar,dense
7,4662,-200.0,200,15.005675315856934,-1.0,2.6969064492732286e-06,0.0,DQN_RND,0.001,0.99,mountaincar,dense
7,4663,-200.0,200,26.436397552490234,-1.0,1.3466342352330685e-05,0.0,DQN_RND,0.001,0.99,mountaincar,dense
7,4664,-200.0,200,17.98711395263672,-1.0,6.311636752798222e-06,0.0,DQN_RND,0.001,0.99,mountaincar,dense
7,4665,-200.0,200,17.716676712036133,-1.0,1.7559148545842618e-05,0.0,DQN_RND,0.001,0.99,mountaincar,dense
7,4666,-200.0,200,24.11656379699707,-1.0,3.6603753414965468e-06,0.0,DQN_RND,0.001,0.99,mountaincar,dense
7,4667,-200.0,200,9.04909896850586,-1.0,1.7304524590144865e-05,0.0,DQN_RND,0.001,0.99,mountaincar,dense
7,4668,-200.0,200,14.958162307739258,-1.0,2.8293306968407705e-05,0.0,DQN_RND,0.001,0.99,mountaincar,dense
7,4669,-200.0,200,12.171144485473633,-1.0,2.2981992515269667e-05,0.0,DQN_RND,0.001,0.99,mountaincar,dense
7,4670,-200.0,200,20.523767471313477,-1.0,1.6179104932234623e-05,0.0,DQN_RND,0.001,0.99,mountaincar,dense
7,4671,-200.0,200,14.69117259979248,-1.0,5.894422793062404e-05,0.0,DQN_RND,0.001,0.99,mountaincar,dense
7,4672,-200.0,200,29.578351974487305,-1.0,3.878422830894124e-06,0.0,DQN_RND,0.001,0.99,mountaincar,dense
7,4673,-200.0,200,11.898476600646973,-1.0,4.287429419491673e-06,0.0,DQN_RND,0.001,0.99,mountaincar,dense
7,4674,-200.0,200,24.298709869384766,-1.0,7.437045860569924e-05,0.0,DQN_RND,0.001,0.99,mountaincar,dense
7,4675,-200.0,200,21.111501693725586,-1.0,2.661916551005561e-05,0.0,DQN_RND,0.001,0.99,mountaincar,dense
7,4676,-200.0,200,21.27813720703125,-1.0,2.0141558707109652e-05,0.0,DQN_RND,0.001,0.99,mountaincar,dense
7,4677,-200.0,200,15.064942359924316,-1.0,1.990985947486479e-05,0.0,DQN_RND,0.001,0.99,mountaincar,dense
7,4678,-200.0,200,6.095314979553223,-1.0,4.8287506615452e-06,0.0,DQN_RND,0.001,0.99,mountaincar,dense
7,4679,-200.0,200,5.978523254394531,-1.0,4.639613962353906e-06,0.0,DQN_RND,0.001,0.99,mountaincar,dense
7,4680,-200.0,200,15.023775100708008,-1.0,2.031032636296004e-05,0.0,DQN_RND,0.001,0.99,mountaincar,dense
7,4681,-200.0,200,17.867387771606445,-1.0,3.427114279475063e-06,0.0,DQN_RND,0.001,0.99,mountaincar,dense
7,4682,-200.0,200,18.272174835205078,-1.0,2.8027479856973514e-06,0.0,DQN_RND,0.001,0.99,mountaincar,dense
7,4683,-200.0,200,18.368274688720703,-1.0,7.565464329672977e-05,0.0,DQN_RND,0.001,0.99,mountaincar,dense
7,4684,-200.0,200,24.269607543945312,-1.0,5.659525413648225e-06,0.0,DQN_RND,0.001,0.99,mountaincar,dense
7,4685,-200.0,200,3.0901412963867188,-1.0,3.802848823397653e-06,0.0,DQN_RND,0.001,0.99,mountaincar,dense
7,4686,-200.0,200,3.0722150802612305,-1.0,1.8968521544593386e-05,0.0,DQN_RND,0.001,0.99,mountaincar,dense
7,4687,-200.0,200,8.972731590270996,-1.0,2.5461740733589977e-05,0.0,DQN_RND,0.001,0.99,mountaincar,dense
7,4688,-200.0,200,12.071243286132812,-1.0,2.8657548682531342e-05,0.0,DQN_RND,0.001,0.99,mountaincar,dense
7,4689,-200.0,200,21.555587768554688,-1.0,3.3027345125447027e-06,0.0,DQN_RND,0.001,0.99,mountaincar,dense
7,4690,-200.0,200,24.85881996154785,-1.0,2.8840986487921327e-05,0.0,DQN_RND,0.001,0.99,mountaincar,dense
7,4691,-200.0,200,21.503826141357422,-1.0,4.360021648608381e-06,0.0,DQN_RND,0.001,0.99,mountaincar,dense
7,4692,-200.0,200,15.412834167480469,-1.0,7.158400694606826e-05,0.0,DQN_RND,0.001,0.99,mountaincar,dense
7,4693,-200.0,200,6.317698955535889,-1.0,4.825952146347845e-06,0.0,DQN_RND,0.001,0.99,mountaincar,dense
7,4694,-200.0,200,15.985998153686523,-1.0,4.3671334424288943e-05,0.0,DQN_RND,0.001,0.99,mountaincar,dense
7,4695,-200.0,200,6.327155113220215,-1.0,1.7636368284001946e-05,0.0,DQN_RND,0.001,0.99,mountaincar,dense
7,4696,-200.0,200,12.818049430847168,-1.0,4.309245923650451e-05,0.0,DQN_RND,0.001,0.99,mountaincar,dense
7,4697,-200.0,200,6.403948783874512,-1.0,1.2702480489679147e-05,0.0,DQN_RND,0.001,0.99,mountaincar,dense
7,4698,-200.0,200,9.53244686126709,-1.0,2.0498775484156795e-05,0.0,DQN_RND,0.001,0.99,mountaincar,dense
7,4699,-200.0,200,16.204303741455078,-1.0,2.76435512205353e-05,0.0,DQN_RND,0.001,0.99,mountaincar,dense
7,4700,-200.0,200,19.419017791748047,-1.0,2.7442118152976036e-05,0.0,DQN_RND,0.001,0.99,mountaincar,dense
7,4701,-200.0,200,15.63731575012207,-1.0,1.660356792854145e-05,0.0,DQN_RND,0.001,0.99,mountaincar,dense
7,4702,-200.0,200,16.20222282409668,-1.0,1.9149631043546833e-05,0.0,DQN_RND,0.001,0.99,mountaincar,dense
7,4703,-200.0,200,19.142799377441406,-1.0,3.1188942557491828e-06,0.0,DQN_RND,0.001,0.99,mountaincar,dense
7,4704,-200.0,200,15.474437713623047,-1.0,1.1382156117178965e-05,0.0,DQN_RND,0.001,0.99,mountaincar,dense
7,4705,-200.0,200,18.904094696044922,-1.0,9.203179615724366e-06,0.0,DQN_RND,0.001,0.99,mountaincar,dense
7,4706,-200.0,200,9.430907249450684,-1.0,5.523490472114645e-05,0.0,DQN_RND,0.001,0.99,mountaincar,dense
7,4707,-200.0,200,16.066844940185547,-1.0,6.483236938947812e-05,0.0,DQN_RND,0.001,0.99,mountaincar,dense
7,4708,-200.0,200,15.764744758605957,-1.0,4.604537480190629e-06,0.0,DQN_RND,0.001,0.99,mountaincar,dense
7,4709,-200.0,200,16.19758415222168,-1.0,9.226630936609581e-05,0.0,DQN_RND,0.001,0.99,mountaincar,dense
7,4710,-200.0,200,9.751514434814453,-1.0,1.13106634671567e-05,0.0,DQN_RND,0.001,0.99,mountaincar,dense
7,4711,-200.0,200,16.150659561157227,-1.0,1.1725341209967155e-05,0.0,DQN_RND,0.001,0.99,mountaincar,dense
7,4712,-200.0,200,6.49249267578125,-1.0,2.0512155970209278e-05,0.0,DQN_RND,0.001,0.99,mountaincar,dense
7,4713,-200.0,200,16.165212631225586,-1.0,3.0601711387134856e-06,0.0,DQN_RND,0.001,0.99,mountaincar,dense
7,4714,-200.0,200,19.326507568359375,-1.0,3.211662624380551e-05,0.0,DQN_RND,0.001,0.99,mountaincar,dense
7,4715,-200.0,200,19.332181930541992,-1.0,4.8318056542484555e-06,0.0,DQN_RND,0.001,0.99,mountaincar,dense
7,4716,-200.0,200,16.20939826965332,-1.0,6.622095497732516e-06,0.0,DQN_RND,0.001,0.99,mountaincar,dense
7,4717,-200.0,200,9.62485122680664,-1.0,1.283222809433937e-05,0.0,DQN_RND,0.001,0.99,mountaincar,dense
7,4718,-200.0,200,9.38300895690918,-1.0,2.60706201515859e-06,0.0,DQN_RND,0.001,0.99,mountaincar,dense
7,4719,-200.0,200,15.762140274047852,-1.0,8.902198169380426e-05,0.0,DQN_RND,0.001,0.99,mountaincar,dense
7,4720,-200.0,200,12.73143196105957,-1.0,0.00011990176426479593,0.0,DQN_RND,0.001,0.99,mountaincar,dense
7,4721,-200.0,200,19.11729621887207,-1.0,1.016723399516195e-05,0.0,DQN_RND,0.001,0.99,mountaincar,dense
7,4722,-200.0,200,19.095245361328125,-1.0,4.8690260882722214e-05,0.0,DQN_RND,0.001,0.99,mountaincar,dense
7,4723,-200.0,200,12.811650276184082,-1.0,2.422351826680824e-06,0.0,DQN_RND,0.001,0.99,mountaincar,dense
7,4724,-200.0,200,9.65540885925293,-1.0,8.268068995676003e-06,0.0,DQN_RND,0.001,0.99,mountaincar,dense
7,4725,-200.0,200,6.436779499053955,-1.0,1.722575143503491e-05,0.0,DQN_RND,0.001,0.99,mountaincar,dense
7,4726,-200.0,200,9.758570671081543,-1.0,5.9663976571755484e-05,0.0,DQN_RND,0.001,0.99,mountaincar,dense
7,4727,-200.0,200,15.997489929199219,-1.0,4.935507240588777e-05,0.0,DQN_RND,0.001,0.99,mountaincar,dense
7,4728,-200.0,200,18.956682205200195,-1.0,5.373663498176029e-06,0.0,DQN_RND,0.001,0.99,mountaincar,dense
7,4729,-200.0,200,3.2287025451660156,-1.0,7.384650962194428e-05,0.0,DQN_RND,0.001,0.99,mountaincar,dense
7,4730,-200.0,200,22.141084671020508,-1.0,6.069593291613273e-05,0.0,DQN_RND,0.001,0.99,mountaincar,dense
7,4731,-200.0,200,15.431196212768555,-1.0,1.9551258446881548e-05,0.0,DQN_RND,0.001,0.99,mountaincar,dense
7,4732,-200.0,200,15.25091552734375,-1.0,6.719661905663088e-05,0.0,DQN_RND,0.001,0.99,mountaincar,dense
7,4733,-200.0,200,30.280658721923828,-1.0,4.7231373173417524e-05,0.0,DQN_RND,0.001,0.99,mountaincar,dense
7,4734,-200.0,200,11.55978775024414,-1.0,1.9859155145240948e-05,0.0,DQN_RND,0.001,0.99,mountaincar,dense
7,4735,-200.0,200,14.242477416992188,-1.0,4.08879304814036e-06,0.0,DQN_RND,0.001,0.99,mountaincar,dense
7,4736,-200.0,200,29.608753204345703,-1.0,1.1058108611905482e-05,0.0,DQN_RND,0.001,0.99,mountaincar,dense
7,4737,-200.0,200,8.799797058105469,-1.0,3.0251594580477104e-06,0.0,DQN_RND,0.001,0.99,mountaincar,dense
7,4738,-200.0,200,14.770770072937012,-1.0,9.034670074470341e-05,0.0,DQN_RND,0.001,0.99,mountaincar,dense
7,4739,-200.0,200,11.89544677734375,-1.0,6.447050691349432e-05,0.0,DQN_RND,0.001,0.99,mountaincar,dense
7,4740,-200.0,200,8.692832946777344,-1.0,2.929456422862131e-05,0.0,DQN_RND,0.001,0.99,mountaincar,dense
7,4741,-200.0,200,23.692537307739258,-1.0,8.614139369456097e-05,0.0,DQN_RND,0.001,0.99,mountaincar,dense
7,4742,-200.0,200,6.073143005371094,-1.0,7.215065852506086e-05,0.0,DQN_RND,0.001,0.99,mountaincar,dense
7,4743,-200.0,200,17.959238052368164,-1.0,2.6383706881460967e-06,0.0,DQN_RND,0.001,0.99,mountaincar,dense
7,4744,-200.0,200,5.961235046386719,-1.0,6.328663857857464e-06,0.0,DQN_RND,0.001,0.99,mountaincar,dense
7,4745,-200.0,200,15.40010929107666,-1.0,6.401992868632078e-05,0.0,DQN_RND,0.001,0.99,mountaincar,dense
7,4746,-200.0,200,15.523015975952148,-1.0,5.6780900195008144e-05,0.0,DQN_RND,0.001,0.99,mountaincar,dense
7,4747,-200.0,200,15.22447395324707,-1.0,2.3268159566214308e-05,0.0,DQN_RND,0.001,0.99,mountaincar,dense
7,4748,-200.0,200,33.270484924316406,-1.0,2.640889215399511e-05,0.0,DQN_RND,0.001,0.99,mountaincar,dense
7,4749,-200.0,200,12.171772956848145,-1.0,6.36991171631962e-05,0.0,DQN_RND,0.001,0.99,mountaincar,dense
7,4750,-200.0,200,9.362360954284668,-1.0,5.6453514844179153e-05,0.0,DQN_RND,0.001,0.99,mountaincar,dense
7,4751,-200.0,200,15.598979949951172,-1.0,1.1955413356190547e-05,0.0,DQN_RND,0.001,0.99,mountaincar,dense
7,4752,-200.0,200,24.688854217529297,-1.0,2.988270125570125e-06,0.0,DQN_RND,0.001,0.99,mountaincar,dense
7,4753,-200.0,200,15.498106002807617,-1.0,6.357352685881779e-05,0.0,DQN_RND,0.001,0.99,mountaincar,dense
7,4754,-200.0,200,15.615497589111328,-1.0,6.665987712040078e-06,0.0,DQN_RND,0.001,0.99,mountaincar,dense
7,4755,-200.0,200,9.271269798278809,-1.0,3.2577881938777864e-06,0.0,DQN_RND,0.001,0.99,mountaincar,dense
7,4756,-200.0,200,9.408961296081543,-1.0,5.4069747420726344e-05,0.0,DQN_RND,0.001,0.99,mountaincar,dense
7,4757,-200.0,200,18.80714225769043,-1.0,6.135816875030287e-06,0.0,DQN_RND,0.001,0.99,mountaincar,dense
7,4758,-200.0,200,31.37238121032715,-1.0,2.5935676148947095e-06,0.0,DQN_RND,0.001,0.99,mountaincar,dense
7,4759,-200.0,200,18.86182975769043,-1.0,7.4938402576663066e-06,0.0,DQN_RND,0.001,0.99,mountaincar,dense
7,4760,-200.0,200,9.512748718261719,-1.0,3.9270638808375224e-05,0.0,DQN_RND,0.001,0.99,mountaincar,dense
7,4761,-200.0,200,31.10517692565918,-1.0,3.815718628175091e-06,0.0,DQN_RND,0.001,0.99,mountaincar,dense
7,4762,-200.0,200,15.839069366455078,-1.0,6.320876127574593e-05,0.0,DQN_RND,0.001,0.99,mountaincar,dense
7,4763,-200.0,200,9.541101455688477,-1.0,5.806600529467687e-05,0.0,DQN_RND,0.001,0.99,mountaincar,dense
7,4764,-200.0,200,12.861368179321289,-1.0,4.297823033994064e-05,0.0,DQN_RND,0.001,0.99,mountaincar,dense
7,4765,-200.0,200,19.094318389892578,-1.0,3.007494524354115e-05,0.0,DQN_RND,0.001,0.99,mountaincar,dense
7,4766,-200.0,200,19.174680709838867,-1.0,2.7497950213728473e-05,0.0,DQN_RND,0.001,0.99,mountaincar,dense
7,4767,-200.0,200,12.510507583618164,-1.0,2.605467216199031e-06,0.0,DQN_RND,0.001,0.99,mountaincar,dense
7,4768,-200.0,200,31.472007751464844,-1.0,0.00011049555178033188,0.0,DQN_RND,0.001,0.99,mountaincar,dense
7,4769,-200.0,200,12.427166938781738,-1.0,2.4324835976585746e-05,0.0,DQN_RND,0.001,0.99,mountaincar,dense
7,4770,-200.0,200,18.938316345214844,-1.0,5.997664629830979e-05,0.0,DQN_RND,0.001,0.99,mountaincar,dense
7,4771,-200.0,200,15.762600898742676,-1.0,2.3537440938525833e-05,0.0,DQN_RND,0.001,0.99,mountaincar,dense
7,4772,-200.0,200,6.416738033294678,-1.0,6.592628051294014e-05,0.0,DQN_RND,0.001,0.99,mountaincar,dense
7,4773,-200.0,200,15.99284553527832,-1.0,3.965686119045131e-05,0.0,DQN_RND,0.001,0.99,mountaincar,dense
7,4774,-200.0,200,21.46133041381836,-1.0,9.17146317078732e-05,0.0,DQN_RND,0.001,0.99,mountaincar,dense
7,4775,-200.0,200,3.2957887649536133,-1.0,6.101503822719678e-05,0.0,DQN_RND,0.001,0.99,mountaincar,dense
7,4776,-200.0,200,15.935544967651367,-1.0,5.562839942285791e-05,0.0,DQN_RND,0.001,0.99,mountaincar,dense
7,4777,-200.0,200,34.551475524902344,-1.0,2.8916529117850587e-05,0.0,DQN_RND,0.001,0.99,mountaincar,dense
7,4778,-200.0,200,9.431652069091797,-1.0,4.716987405117834e-06,0.0,DQN_RND,0.001,0.99,mountaincar,dense
7,4779,-200.0,200,22.568300247192383,-1.0,0.00010150687739951536,0.0,DQN_RND,0.001,0.99,mountaincar,dense
7,4780,-200.0,200,9.413129806518555,-1.0,5.9817725741595495e-06,0.0,DQN_RND,0.001,0.99,mountaincar,dense
7,4781,-200.0,200,22.485946655273438,-1.0,0.00010730087524279952,0.0,DQN_RND,0.001,0.99,mountaincar,dense
7,4782,-200.0,200,22.435527801513672,-1.0,6.780388503102586e-05,0.0,DQN_RND,0.001,0.99,mountaincar,dense
7,4783,-200.0,200,12.866634368896484,-1.0,4.9788091018854175e-06,0.0,DQN_RND,0.001,0.99,mountaincar,dense
7,4784,-200.0,200,6.423568248748779,-1.0,1.978554792003706e-05,0.0,DQN_RND,0.001,0.99,mountaincar,dense
7,4785,-200.0,200,28.27744483947754,-1.0,5.0295726396143436e-05,0.0,DQN_RND,0.001,0.99,mountaincar,dense
7,4786,-200.0,200,18.437314987182617,-1.0,9.784521535038948e-05,0.0,DQN_RND,0.001,0.99,mountaincar,dense
7,4787,-200.0,200,12.613165855407715,-1.0,0.00011874145275214687,0.0,DQN_RND,0.001,0.99,mountaincar,dense
7,4788,-200.0,200,21.595779418945312,-1.0,4.622466440196149e-05,0.0,DQN_RND,0.001,0.99,mountaincar,dense
7,4789,-200.0,200,6.066957950592041,-1.0,5.5936579883564264e-05,0.0,DQN_RND,0.001,0.99,mountaincar,dense
7,4790,-200.0,200,27.53927230834961,-1.0,1.8779079255182296e-05,0.0,DQN_RND,0.001,0.99,mountaincar,dense
7,4791,-200.0,200,9.176334381103516,-1.0,5.831817179569043e-05,0.0,DQN_RND,0.001,0.99,mountaincar,dense
7,4792,-200.0,200,12.175580978393555,-1.0,2.834241240634583e-05,0.0,DQN_RND,0.001,0.99,mountaincar,dense
7,4793,-200.0,200,18.223880767822266,-1.0,5.86698115512263e-06,0.0,DQN_RND,0.001,0.99,mountaincar,dense
7,4794,-200.0,200,21.370973587036133,-1.0,9.001174475997686e-06,0.0,DQN_RND,0.001,0.99,mountaincar,dense
7,4795,-200.0,200,15.60859203338623,-1.0,5.740719643654302e-05,0.0,DQN_RND,0.001,0.99,mountaincar,dense
7,4796,-200.0,200,12.066115379333496,-1.0,3.442717343205004e-06,0.0,DQN_RND,0.001,0.99,mountaincar,dense
7,4797,-200.0,200,15.251432418823242,-1.0,7.113259198376909e-05,0.0,DQN_RND,0.001,0.99,mountaincar,dense
7,4798,-200.0,200,9.146923065185547,-1.0,2.849371412594337e-05,0.0,DQN_RND,0.001,0.99,mountaincar,dense
7,4799,-200.0,200,12.396114349365234,-1.0,7.410110265482217e-05,0.0,DQN_RND,0.001,0.99,mountaincar,dense
7,4800,-200.0,200,12.11267375946045,-1.0,2.2419364540837705e-05,0.0,DQN_RND,0.001,0.99,mountaincar,dense
7,4801,-200.0,200,3.1788711547851562,-1.0,5.891478940611705e-05,0.0,DQN_RND,0.001,0.99,mountaincar,dense
7,4802,-200.0,200,6.2962141036987305,-1.0,9.851854701992124e-05,0.0,DQN_RND,0.001,0.99,mountaincar,dense
7,4803,-200.0,200,9.388843536376953,-1.0,6.295465573202819e-05,0.0,DQN_RND,0.001,0.99,mountaincar,dense
7,4804,-200.0,200,30.388866424560547,-1.0,6.095615026424639e-05,0.0,DQN_RND,0.001,0.99,mountaincar,dense
7,4805,-200.0,200,29.791820526123047,-1.0,4.4092023017583415e-05,0.0,DQN_RND,0.001,0.99,mountaincar,dense
7,4806,-200.0,200,17.58513832092285,-1.0,7.068699051160365e-05,0.0,DQN_RND,0.001,0.99,mountaincar,dense
7,4807,-200.0,200,20.947099685668945,-1.0,5.474310455610976e-06,0.0,DQN_RND,0.001,0.99,mountaincar,dense
7,4808,-200.0,200,14.819339752197266,-1.0,4.254732630215585e-06,0.0,DQN_RND,0.001,0.99,mountaincar,dense
7,4809,-200.0,200,20.700220108032227,-1.0,0.00011012421600753441,0.0,DQN_RND,0.001,0.99,mountaincar,dense
7,4810,-200.0,200,14.37307071685791,-1.0,2.595328396637342e-06,0.0,DQN_RND,0.001,0.99,mountaincar,dense
7,4811,-200.0,200,14.479192733764648,-1.0,3.687546632136218e-05,0.0,DQN_RND,0.001,0.99,mountaincar,dense
7,4812,-200.0,200,20.116552352905273,-1.0,3.4019790291495156e-06,0.0,DQN_RND,0.001,0.99,mountaincar,dense
7,4813,-200.0,200,19.986249923706055,-1.0,0.00011839382932521403,0.0,DQN_RND,0.001,0.99,mountaincar,dense
7,4814,-200.0,200,5.8244757652282715,-1.0,7.773921970510855e-05,0.0,DQN_RND,0.001,0.99,mountaincar,dense
7,4815,-200.0,200,11.497209548950195,-1.0,0.0001179130413220264,0.0,DQN_RND,0.001,0.99,mountaincar,dense
7,4816,-200.0,200,11.299016952514648,-1.0,3.1689187380834483e-06,0.0,DQN_RND,0.001,0.99,mountaincar,dense
7,4817,-200.0,200,8.460916519165039,-1.0,5.261133082967717e-06,0.0,DQN_RND,0.001,0.99,mountaincar,dense
7,4818,-200.0,200,13.788922309875488,-1.0,9.518509614281356e-05,0.0,DQN_RND,0.001,0.99,mountaincar,dense
7,4819,-200.0,200,14.244329452514648,-1.0,6.0673675761790946e-05,0.0,DQN_RND,0.001,0.99,mountaincar,dense
7,4820,-200.0,200,16.95897102355957,-1.0,4.700947829405777e-05,0.0,DQN_RND,0.001,0.99,mountaincar,dense
7,4821,-200.0,200,11.26061725616455,-1.0,2.5742679099494126e-06,0.0,DQN_RND,0.001,0.99,mountaincar,dense
7,4822,-200.0,200,5.655916213989258,-1.0,1.8479811842553318e-05,0.0,DQN_RND,0.001,0.99,mountaincar,dense
7,4823,-200.0,200,16.685565948486328,-1.0,1.5294355762307532e-05,0.0,DQN_RND,0.001,0.99,mountaincar,dense
7,4824,-200.0,200,16.240299224853516,-1.0,5.02303510074853e-06,0.0,DQN_RND,0.001,0.99,mountaincar,dense
7,4825,-200.0,200,8.06397819519043,-1.0,1.8592756532598287e-05,0.0,DQN_RND,0.001,0.99,mountaincar,dense
7,4826,-200.0,200,16.240652084350586,-1.0,1.925172909977846e-05,0.0,DQN_RND,0.001,0.99,mountaincar,dense
7,4827,-200.0,200,29.8675537109375,-1.0,6.140505865914747e-05,0.0,DQN_RND,0.001,0.99,mountaincar,dense
7,4828,-200.0,200,13.501848220825195,-1.0,2.164123725378886e-05,0.0,DQN_RND,0.001,0.99,mountaincar,dense
7,4829,-200.0,200,10.700431823730469,-1.0,4.984272891306318e-06,0.0,DQN_RND,0.001,0.99,mountaincar,dense
7,4830,-200.0,200,10.708564758300781,-1.0,2.4710336219868623e-05,0.0,DQN_RND,0.001,0.99,mountaincar,dense
7,4831,-200.0,200,13.611725807189941,-1.0,2.895365014410345e-06,0.0,DQN_RND,0.001,0.99,mountaincar,dense
7,4832,-200.0,200,10.85469913482666,-1.0,2.6888525098911487e-05,0.0,DQN_RND,0.001,0.99,mountaincar,dense
7,4833,-200.0,200,13.237604141235352,-1.0,2.459826191625325e-06,0.0,DQN_RND,0.001,0.99,mountaincar,dense
7,4834,-200.0,200,13.149126052856445,-1.0,8.864000119501725e-05,0.0,DQN_RND,0.001,0.99,mountaincar,dense
7,4835,-200.0,200,13.085291862487793,-1.0,5.7042110711336136e-05,0.0,DQN_RND,0.001,0.99,mountaincar,dense
7,4836,-200.0,200,10.881341934204102,-1.0,5.7512152125127614e-05,0.0,DQN_RND,0.001,0.99,mountaincar,dense
7,4837,-200.0,200,13.704861640930176,-1.0,4.3446907511679456e-06,0.0,DQN_RND,0.001,0.99,mountaincar,dense
7,4838,-200.0,200,10.831279754638672,-1.0,5.6694636441534385e-05,0.0,DQN_RND,0.001,0.99,mountaincar,dense
7,4839,-200.0,200,13.716544151306152,-1.0,4.724656264443183e-06,0.0,DQN_RND,0.001,0.99,mountaincar,dense
7,4840,-200.0,200,11.126572608947754,-1.0,2.7891157515114173e-05,0.0,DQN_RND,0.001,0.99,mountaincar,dense
7,4841,-200.0,200,22.295093536376953,-1.0,3.9042362914187834e-05,0.0,DQN_RND,0.001,0.99,mountaincar,dense
7,4842,-200.0,200,16.22039031982422,-1.0,6.329770258162171e-06,0.0,DQN_RND,0.001,0.99,mountaincar,dense
7,4843,-200.0,200,11.328025817871094,-1.0,0.00012414010416250676,0.0,DQN_RND,0.001,0.99,mountaincar,dense
7,4844,-200.0,200,2.8631906509399414,-1.0,2.809016950777732e-05,0.0,DQN_RND,0.001,0.99,mountaincar,dense
7,4845,-200.0,200,8.419380187988281,-1.0,4.784461452800315e-06,0.0,DQN_RND,0.001,0.99,mountaincar,dense
7,4846,-200.0,200,14.077038764953613,-1.0,9.157614840660244e-05,0.0,DQN_RND,0.001,0.99,mountaincar,dense
7,4847,-200.0,200,14.071163177490234,-1.0,2.7421276172390208e-05,0.0,DQN_RND,0.001,0.99,mountaincar,dense
7,4848,-200.0,200,8.680855751037598,-1.0,4.456876195035875e-05,0.0,DQN_RND,0.001,0.99,mountaincar,dense
7,4849,-200.0,200,28.06936264038086,-1.0,2.6332074867241317e-06,0.0,DQN_RND,0.001,0.99,mountaincar,dense
7,4850,-200.0,200,11.432245254516602,-1.0,4.483237262320472e-06,0.0,DQN_RND,0.001,0.99,mountaincar,dense
7,4851,-200.0,200,16.929651260375977,-1.0,3.0275916742539266e-06,0.0,DQN_RND,0.001,0.99,mountaincar,dense
7,4852,-200.0,200,16.892803192138672,-1.0,1.938706191140227e-05,0.0,DQN_RND,0.001,0.99,mountaincar,dense
7,4853,-200.0,200,14.139366149902344,-1.0,2.9139100661268458e-05,0.0,DQN_RND,0.001,0.99,mountaincar,dense
7,4854,-200.0,200,11.254672050476074,-1.0,1.2053016689606011e-05,0.0,DQN_RND,0.001,0.99,mountaincar,dense
7,4855,-200.0,200,8.593637466430664,-1.0,5.9894478908972815e-05,0.0,DQN_RND,0.001,0.99,mountaincar,dense
7,4856,-200.0,200,5.718959808349609,-1.0,4.144313061260618e-05,0.0,DQN_RND,0.001,0.99,mountaincar,dense
7,4857,-200.0,200,17.226200103759766,-1.0,5.7682260376168415e-05,0.0,DQN_RND,0.001,0.99,mountaincar,dense
7,4858,-200.0,200,14.537812232971191,-1.0,0.00010615302744554356,0.0,DQN_RND,0.001,0.99,mountaincar,dense
7,4859,-200.0,200,2.979050636291504,-1.0,8.687583431310486e-06,0.0,DQN_RND,0.001,0.99,mountaincar,dense
7,4860,-200.0,200,20.121376037597656,-1.0,1.6514572052983567e-05,0.0,DQN_RND,0.001,0.99,mountaincar,dense
7,4861,-200.0,200,14.557616233825684,-1.0,0.0001300653093494475,0.0,DQN_RND,0.001,0.99,mountaincar,dense
7,4862,-200.0,200,11.418179512023926,-1.0,4.749478830490261e-05,0.0,DQN_RND,0.001,0.99,mountaincar,dense
7,4863,-200.0,200,17.135740280151367,-1.0,7.191574695752934e-05,0.0,DQN_RND,0.001,0.99,mountaincar,dense
7,4864,-200.0,200,5.784865379333496,-1.0,0.00012578544556163251,0.0,DQN_RND,0.001,0.99,mountaincar,dense
7,4865,-200.0,200,22.745071411132812,-1.0,7.768217619741336e-05,0.0,DQN_RND,0.001,0.99,mountaincar,dense
7,4866,-200.0,200,5.826935291290283,-1.0,0.00013803545152768493,0.0,DQN_RND,0.001,0.99,mountaincar,dense
7,4867,-200.0,200,14.363083839416504,-1.0,2.248633791168686e-05,0.0,DQN_RND,0.001,0.99,mountaincar,dense
7,4868,-200.0,200,11.477432250976562,-1.0,3.7147721741348505e-05,0.0,DQN_RND,0.001,0.99,mountaincar,dense
7,4869,-200.0,200,8.61568832397461,-1.0,1.937289380293805e-05,0.0,DQN_RND,0.001,0.99,mountaincar,dense
7,4870,-200.0,200,23.14214324951172,-1.0,5.713826249120757e-05,0.0,DQN_RND,0.001,0.99,mountaincar,dense
7,4871,-200.0,200,25.81913185119629,-1.0,5.3122515964787453e-05,0.0,DQN_RND,0.001,0.99,mountaincar,dense
7,4872,-200.0,200,16.968393325805664,-1.0,8.287977107102051e-05,0.0,DQN_RND,0.001,0.99,mountaincar,dense
7,4873,-200.0,200,20.081525802612305,-1.0,7.681879651499912e-06,0.0,DQN_RND,0.001,0.99,mountaincar,dense
7,4874,-200.0,200,16.945138931274414,-1.0,6.078536534914747e-05,0.0,DQN_RND,0.001,0.99,mountaincar,dense
7,4875,-200.0,200,8.552000045776367,-1.0,4.727997657028027e-05,0.0,DQN_RND,0.001,0.99,mountaincar,dense
7,4876,-200.0,200,20.213443756103516,-1.0,8.33618196338648e-06,0.0,DQN_RND,0.001,0.99,mountaincar,dense
7,4877,-200.0,200,2.8314008712768555,-1.0,5.0607788580236956e-05,0.0,DQN_RND,0.001,0.99,mountaincar,dense
7,4878,-200.0,200,17.15351104736328,-1.0,6.590201519429684e-05,0.0,DQN_RND,0.001,0.99,mountaincar,dense
7,4879,-200.0,200,11.557865142822266,-1.0,3.2394797017332166e-05,0.0,DQN_RND,0.001,0.99,mountaincar,dense
7,4880,-200.0,200,17.304271697998047,-1.0,2.3262628019438125e-05,0.0,DQN_RND,0.001,0.99,mountaincar,dense
7,4881,-200.0,200,8.88637638092041,-1.0,2.3550901460112073e-06,0.0,DQN_RND,0.001,0.99,mountaincar,dense
7,4882,-200.0,200,5.952304363250732,-1.0,1.406931369274389e-05,0.0,DQN_RND,0.001,0.99,mountaincar,dense
7,4883,-200.0,200,11.806715965270996,-1.0,6.084199412725866e-05,0.0,DQN_RND,0.001,0.99,mountaincar,dense
7,4884,-200.0,200,17.640111923217773,-1.0,6.701022812194424e-06,0.0,DQN_RND,0.001,0.99,mountaincar,dense
7,4885,-200.0,200,20.07365608215332,-1.0,5.4154534154804423e-05,0.0,DQN_RND,0.001,0.99,mountaincar,dense
7,4886,-200.0,200,2.79422926902771,-1.0,0.00012721407983917743,0.0,DQN_RND,0.001,0.99,mountaincar,dense
7,4887,-200.0,200,14.375028610229492,-1.0,7.232850475702435e-05,0.0,DQN_RND,0.001,0.99,mountaincar,dense
7,4888,-200.0,200,20.237045288085938,-1.0,5.175283149583265e-06,0.0,DQN_RND,0.001,0.99,mountaincar,dense
7,4889,-200.0,200,17.25792121887207,-1.0,3.93471636925824e-05,0.0,DQN_RND,0.001,0.99,mountaincar,dense
7,4890,-200.0,200,5.900144577026367,-1.0,4.084372449142393e-06,0.0,DQN_RND,0.001,0.99,mountaincar,dense
7,4891,-200.0,200,14.49859619140625,-1.0,1.2128469279559795e-05,0.0,DQN_RND,0.001,0.99,mountaincar,dense
7,4892,-200.0,200,0.06231699883937836,-1.0,2.0872510503977537e-05,0.0,DQN_RND,0.001,0.99,mountaincar,dense
7,4893,-200.0,200,5.714102745056152,-1.0,2.0243542167008854e-05,0.0,DQN_RND,0.001,0.99,mountaincar,dense
7,4894,-200.0,200,2.9732673168182373,-1.0,9.088786464417353e-05,0.0,DQN_RND,0.001,0.99,mountaincar,dense
7,4895,-200.0,200,14.750201225280762,-1.0,8.826451085042208e-05,0.0,DQN_RND,0.001,0.99,mountaincar,dense
7,4896,-200.0,200,14.206694602966309,-1.0,5.3402209232444875e-06,0.0,DQN_RND,0.001,0.99,mountaincar,dense
7,4897,-200.0,200,20.4611873626709,-1.0,8.68855495355092e-05,0.0,DQN_RND,0.001,0.99,mountaincar,dense
7,4898,-200.0,200,17.333173751831055,-1.0,2.0527995729935355e-05,0.0,DQN_RND,0.001,0.99,mountaincar,dense
7,4899,-200.0,200,22.50629425048828,-1.0,5.984846211504191e-05,0.0,DQN_RND,0.001,0.99,mountaincar,dense
7,4900,-200.0,200,2.866353988647461,-1.0,5.124729068484157e-05,0.0,DQN_RND,0.001,0.99,mountaincar,dense
7,4901,-200.0,200,11.307914733886719,-1.0,2.5795394321903586e-05,0.0,DQN_RND,0.001,0.99,mountaincar,dense
7,4902,-200.0,200,11.402589797973633,-1.0,1.9906246961909346e-05,0.0,DQN_RND,0.001,0.99,mountaincar,dense
7,4903,-200.0,200,16.905460357666016,-1.0,5.151218647370115e-05,0.0,DQN_RND,0.001,0.99,mountaincar,dense
7,4904,-200.0,200,11.084284782409668,-1.0,9.315108036389574e-05,0.0,DQN_RND,0.001,0.99,mountaincar,dense
7,4905,-200.0,200,5.52009916305542,-1.0,9.619733464205638e-05,0.0,DQN_RND,0.001,0.99,mountaincar,dense
7,4906,-200.0,200,14.089971542358398,-1.0,6.636040779994801e-05,0.0,DQN_RND,0.001,0.99,mountaincar,dense
7,4907,-200.0,200,8.480916976928711,-1.0,0.00011508896568557248,0.0,DQN_RND,0.001,0.99,mountaincar,dense
7,4908,-200.0,200,14.244239807128906,-1.0,3.5931529964727815e-06,0.0,DQN_RND,0.001,0.99,mountaincar,dense
7,4909,-200.0,200,19.507343292236328,-1.0,2.5474158974247985e-05,0.0,DQN_RND,0.001,0.99,mountaincar,dense
7,4910,-200.0,200,5.584045886993408,-1.0,0.00011795655882451683,0.0,DQN_RND,0.001,0.99,mountaincar,dense
7,4911,-200.0,200,5.716228485107422,-1.0,8.017590880626813e-05,0.0,DQN_RND,0.001,0.99,mountaincar,dense
7,4912,-200.0,200,5.7697014808654785,-1.0,2.4239657250291202e-06,0.0,DQN_RND,0.001,0.99,mountaincar,dense
7,4913,-200.0,200,16.807552337646484,-1.0,2.024265813815873e-05,0.0,DQN_RND,0.001,0.99,mountaincar,dense
7,4914,-200.0,200,13.949807167053223,-1.0,5.9483056247700006e-05,0.0,DQN_RND,0.001,0.99,mountaincar,dense
7,4915,-200.0,200,17.03083038330078,-1.0,6.0661870520561934e-05,0.0,DQN_RND,0.001,0.99,mountaincar,dense
7,4916,-200.0,200,14.431196212768555,-1.0,2.5512863430776633e-05,0.0,DQN_RND,0.001,0.99,mountaincar,dense
7,4917,-200.0,200,14.790225982666016,-1.0,5.7927198213292286e-05,0.0,DQN_RND,0.001,0.99,mountaincar,dense
7,4918,-200.0,200,11.469223022460938,-1.0,0.00012001684808637947,0.0,DQN_RND,0.001,0.99,mountaincar,dense
7,4919,-200.0,200,14.651412963867188,-1.0,6.795961962779984e-05,0.0,DQN_RND,0.001,0.99,mountaincar,dense
7,4920,-200.0,200,26.306230545043945,-1.0,7.466950137313688e-06,0.0,DQN_RND,0.001,0.99,mountaincar,dense
7,4921,-200.0,200,23.035781860351562,-1.0,1.9498162146192044e-05,0.0,DQN_RND,0.001,0.99,mountaincar,dense
7,4922,-200.0,200,8.73918342590332,-1.0,6.306488558038836e-06,0.0,DQN_RND,0.001,0.99,mountaincar,dense
7,4923,-200.0,200,11.550361633300781,-1.0,1.8830027329386212e-05,0.0,DQN_RND,0.001,0.99,mountaincar,dense
7,4924,-200.0,200,11.877012252807617,-1.0,1.5055334188218694e-05,0.0,DQN_RND,0.001,0.99,mountaincar,dense
7,4925,-200.0,200,14.740328788757324,-1.0,5.058807801106013e-06,0.0,DQN_RND,0.001,0.99,mountaincar,dense
7,4926,-200.0,200,11.863990783691406,-1.0,3.742123953998089e-05,0.0,DQN_RND,0.001,0.99,mountaincar,dense
7,4927,-200.0,200,14.64335823059082,-1.0,5.870490440429421e-06,0.0,DQN_RND,0.001,0.99,mountaincar,dense
7,4928,-200.0,200,14.656631469726562,-1.0,2.3013462850940414e-05,0.0,DQN_RND,0.001,0.99,mountaincar,dense
7,4929,-200.0,200,20.82670021057129,-1.0,3.531420588842593e-05,0.0,DQN_RND,0.001,0.99,mountaincar,dense
7,4930,-200.0,200,14.571338653564453,-1.0,9.758916348800994e-06,0.0,DQN_RND,0.001,0.99,mountaincar,dense
7,4931,-200.0,200,5.870970249176025,-1.0,3.0279716156655923e-05,0.0,DQN_RND,0.001,0.99,mountaincar,dense
7,4932,-200.0,200,5.774569988250732,-1.0,4.7959194489521906e-05,0.0,DQN_RND,0.001,0.99,mountaincar,dense
7,4933,-200.0,200,8.815202713012695,-1.0,2.897029662563e-05,0.0,DQN_RND,0.001,0.99,mountaincar,dense
7,4934,-200.0,200,28.95354461669922,-1.0,3.504537289700238e-06,0.0,DQN_RND,0.001,0.99,mountaincar,dense
7,4935,-200.0,200,5.950550079345703,-1.0,0.00010115234181284904,0.0,DQN_RND,0.001,0.99,mountaincar,dense
7,4936,-200.0,200,22.913846969604492,-1.0,1.4100132830208167e-05,0.0,DQN_RND,0.001,0.99,mountaincar,dense
7,4937,-200.0,200,14.73680591583252,-1.0,6.378907710313797e-05,0.0,DQN_RND,0.001,0.99,mountaincar,dense
7,4938,-200.0,200,5.912982940673828,-1.0,2.369809863012051e-06,0.0,DQN_RND,0.001,0.99,mountaincar,dense
7,4939,-200.0,200,8.943524360656738,-1.0,2.7476955892780097e-06,0.0,DQN_RND,0.001,0.99,mountaincar,dense
7,4940,-200.0,200,5.942896842956543,-1.0,4.837899268750334e-06,0.0,DQN_RND,0.001,0.99,mountaincar,dense
7,4941,-200.0,200,17.95526885986328,-1.0,4.906038611807162e-06,0.0,DQN_RND,0.001,0.99,mountaincar,dense
7,4942,-200.0,200,8.922223091125488,-1.0,6.073788426874671e-06,0.0,DQN_RND,0.001,0.99,mountaincar,dense
7,4943,-200.0,200,17.965656280517578,-1.0,9.790714830160141e-05,0.0,DQN_RND,0.001,0.99,mountaincar,dense
7,4944,-200.0,200,12.161952018737793,-1.0,4.801041359314695e-05,0.0,DQN_RND,0.001,0.99,mountaincar,dense
7,4945,-200.0,200,9.239235877990723,-1.0,0.00010011406266130507,0.0,DQN_RND,0.001,0.99,mountaincar,dense
7,4946,-200.0,200,27.616365432739258,-1.0,2.32673596656241e-06,0.0,DQN_RND,0.001,0.99,mountaincar,dense
7,4947,-200.0,200,24.371849060058594,-1.0,8.17056352389045e-05,0.0,DQN_RND,0.001,0.99,mountaincar,dense
7,4948,-200.0,200,6.589582920074463,-1.0,5.9120182413607836e-05,0.0,DQN_RND,0.001,0.99,mountaincar,dense
7,4949,-200.0,200,21.770687103271484,-1.0,0.00010613945050863549,0.0,DQN_RND,0.001,0.99,mountaincar,dense
7,4950,-200.0,200,12.595558166503906,-1.0,4.585380884236656e-05,0.0,DQN_RND,0.001,0.99,mountaincar,dense
7,4951,-200.0,200,18.62207794189453,-1.0,0.00010673337965272367,0.0,DQN_RND,0.001,0.99,mountaincar,dense
7,4952,-200.0,200,3.1996991634368896,-1.0,6.108104571467265e-05,0.0,DQN_RND,0.001,0.99,mountaincar,dense
7,4953,-200.0,200,15.688127517700195,-1.0,4.42317032138817e-05,0.0,DQN_RND,0.001,0.99,mountaincar,dense
7,4954,-200.0,200,12.485923767089844,-1.0,4.238501423969865e-05,0.0,DQN_RND,0.001,0.99,mountaincar,dense
7,4955,-200.0,200,9.477423667907715,-1.0,2.6991112918040017e-06,0.0,DQN_RND,0.001,0.99,mountaincar,dense
7,4956,-200.0,200,28.19748878479004,-1.0,6.228379788808525e-06,0.0,DQN_RND,0.001,0.99,mountaincar,dense
7,4957,-200.0,200,22.162757873535156,-1.0,1.9023309505428188e-05,0.0,DQN_RND,0.001,0.99,mountaincar,dense
7,4958,-200.0,200,18.3831844329834,-1.0,3.332513369969092e-05,0.0,DQN_RND,0.001,0.99,mountaincar,dense
7,4959,-200.0,200,6.199468612670898,-1.0,5.977792534395121e-05,0.0,DQN_RND,0.001,0.99,mountaincar,dense
7,4960,-200.0,200,30.608417510986328,-1.0,5.5072156101232395e-05,0.0,DQN_RND,0.001,0.99,mountaincar,dense
7,4961,-200.0,200,18.296119689941406,-1.0,4.097668352187611e-06,0.0,DQN_RND,0.001,0.99,mountaincar,dense
7,4962,-200.0,200,27.037212371826172,-1.0,6.307289822871098e-06,0.0,DQN_RND,0.001,0.99,mountaincar,dense
7,4963,-200.0,200,18.110321044921875,-1.0,2.9532181997637963e-06,0.0,DQN_RND,0.001,0.99,mountaincar,dense
7,4964,-200.0,200,15.054566383361816,-1.0,6.403474253602326e-05,0.0,DQN_RND,0.001,0.99,mountaincar,dense
7,4965,-200.0,200,26.691513061523438,-1.0,5.565974788623862e-05,0.0,DQN_RND,0.001,0.99,mountaincar,dense
7,4966,-200.0,200,20.489913940429688,-1.0,3.2417352485936135e-05,0.0,DQN_RND,0.001,0.99,mountaincar,dense
7,4967,-200.0,200,20.304895401000977,-1.0,4.458188413991593e-06,0.0,DQN_RND,0.001,0.99,mountaincar,dense
7,4968,-200.0,200,14.750676155090332,-1.0,5.861544923391193e-05,0.0,DQN_RND,0.001,0.99,mountaincar,dense
7,4969,-200.0,200,8.953932762145996,-1.0,2.1485138859134167e-06,0.0,DQN_RND,0.001,0.99,mountaincar,dense
7,4970,-200.0,200,38.07419967651367,-1.0,2.5113988613156835e-06,0.0,DQN_RND,0.001,0.99,mountaincar,dense
7,4971,-200.0,200,17.46121597290039,-1.0,7.63715615903493e-06,0.0,DQN_RND,0.001,0.99,mountaincar,dense
7,4972,-200.0,200,17.47872543334961,-1.0,6.413343271560734e-06,0.0,DQN_RND,0.001,0.99,mountaincar,dense
7,4973,-200.0,200,11.664023399353027,-1.0,7.325375008804258e-06,0.0,DQN_RND,0.001,0.99,mountaincar,dense
7,4974,-200.0,200,5.840746879577637,-1.0,3.589363404898904e-05,0.0,DQN_RND,0.001,0.99,mountaincar,dense
7,4975,-200.0,200,14.697936058044434,-1.0,5.206108471611515e-05,0.0,DQN_RND,0.001,0.99,mountaincar,dense
7,4976,-200.0,200,17.47296905517578,-1.0,3.6546671253745444e-06,0.0,DQN_RND,0.001,0.99,mountaincar,dense
7,4977,-200.0,200,23.302749633789062,-1.0,9.498815052211285e-05,0.0,DQN_RND,0.001,0.99,mountaincar,dense
7,4978,-200.0,200,11.590987205505371,-1.0,3.25934961438179e-05,0.0,DQN_RND,0.001,0.99,mountaincar,dense
7,4979,-200.0,200,20.56146240234375,-1.0,4.9140508053824306e-06,0.0,DQN_RND,0.001,0.99,mountaincar,dense
7,4980,-200.0,200,11.879401206970215,-1.0,2.9715311029576696e-06,0.0,DQN_RND,0.001,0.99,mountaincar,dense
7,4981,-200.0,200,14.436202049255371,-1.0,2.970556124637369e-06,0.0,DQN_RND,0.001,0.99,mountaincar,dense
7,4982,-200.0,200,8.77368450164795,-1.0,8.225693818530999e-06,0.0,DQN_RND,0.001,0.99,mountaincar,dense
7,4983,-200.0,200,25.84172821044922,-1.0,4.726505358121358e-05,0.0,DQN_RND,0.001,0.99,mountaincar,dense
7,4984,-200.0,200,11.460912704467773,-1.0,8.014711056603119e-05,0.0,DQN_RND,0.001,0.99,mountaincar,dense
7,4985,-200.0,200,14.041305541992188,-1.0,9.826966561377048e-06,0.0,DQN_RND,0.001,0.99,mountaincar,dense
7,4986,-200.0,200,14.301815032958984,-1.0,7.623184956173645e-06,0.0,DQN_RND,0.001,0.99,mountaincar,dense
7,4987,-200.0,200,8.414810180664062,-1.0,3.4826871342374943e-06,0.0,DQN_RND,0.001,0.99,mountaincar,dense
7,4988,-200.0,200,14.279488563537598,-1.0,6.366409797919914e-05,0.0,DQN_RND,0.001,0.99,mountaincar,dense
7,4989,-200.0,200,8.638656616210938,-1.0,2.1457569800986676e-06,0.0,DQN_RND,0.001,0.99,mountaincar,dense
7,4990,-200.0,200,2.7385947704315186,-1.0,5.4822201491333544e-05,0.0,DQN_RND,0.001,0.99,mountaincar,dense
7,4991,-200.0,200,14.380265235900879,-1.0,0.00012575564323924482,0.0,DQN_RND,0.001,0.99,mountaincar,dense
7,4992,-200.0,200,28.919231414794922,-1.0,0.00013534474419429898,0.0,DQN_RND,0.001,0.99,mountaincar,dense
7,4993,-200.0,200,17.510730743408203,-1.0,6.622738146688789e-05,0.0,DQN_RND,0.001,0.99,mountaincar,dense
7,4994,-200.0,200,22.720699310302734,-1.0,2.1832038328284398e-05,0.0,DQN_RND,0.001,0.99,mountaincar,dense
7,4995,-200.0,200,3.0243515968322754,-1.0,2.9929462925792905e-06,0.0,DQN_RND,0.001,0.99,mountaincar,dense
7,4996,-200.0,200,19.878625869750977,-1.0,2.1701696368836565e-06,0.0,DQN_RND,0.001,0.99,mountaincar,dense
7,4997,-200.0,200,5.7342023849487305,-1.0,1.806052569008898e-05,0.0,DQN_RND,0.001,0.99,mountaincar,dense
7,4998,-200.0,200,8.563477516174316,-1.0,2.255811978102429e-06,0.0,DQN_RND,0.001,0.99,mountaincar,dense
7,4999,-200.0,200,20.16348648071289,-1.0,4.496848123380914e-05,0.0,DQN_RND,0.001,0.99,mountaincar,dense
7,5000,-200.0,200,8.6212797164917,-1.0,2.36380219575949e-05,0.0,DQN_RND,0.001,0.99,mountaincar,dense
7,5001,-200.0,200,8.618124008178711,-1.0,2.961816335300682e-06,0.0,DQN_RND,0.001,0.99,mountaincar,dense
7,5002,-200.0,200,5.603142261505127,-1.0,2.2535341486218385e-05,0.0,DQN_RND,0.001,0.99,mountaincar,dense
7,5003,-200.0,200,8.704835891723633,-1.0,6.873532402096316e-05,0.0,DQN_RND,0.001,0.99,mountaincar,dense
7,5004,-200.0,200,14.324666023254395,-1.0,8.509266990586184e-06,0.0,DQN_RND,0.001,0.99,mountaincar,dense
7,5005,-200.0,200,25.583377838134766,-1.0,6.341304833767936e-05,0.0,DQN_RND,0.001,0.99,mountaincar,dense
7,5006,-200.0,200,20.035289764404297,-1.0,6.612917059101164e-05,0.0,DQN_RND,0.001,0.99,mountaincar,dense
7,5007,-200.0,200,8.489897727966309,-1.0,4.2136078263865784e-05,0.0,DQN_RND,0.001,0.99,mountaincar,dense
7,5008,-200.0,200,19.884483337402344,-1.0,9.674747161625419e-06,0.0,DQN_RND,0.001,0.99,mountaincar,dense
7,5009,-200.0,200,2.9228601455688477,-1.0,1.2711451745417435e-05,0.0,DQN_RND,0.001,0.99,mountaincar,dense
7,5010,-200.0,200,11.375897407531738,-1.0,2.6414258172735572e-05,0.0,DQN_RND,0.001,0.99,mountaincar,dense
7,5011,-200.0,200,17.412158966064453,-1.0,3.003650590471807e-06,0.0,DQN_RND,0.001,0.99,mountaincar,dense
7,5012,-200.0,200,17.388872146606445,-1.0,3.3508504202472977e-06,0.0,DQN_RND,0.001,0.99,mountaincar,dense
7,5013,-200.0,200,11.643004417419434,-1.0,2.9881986847613007e-05,0.0,DQN_RND,0.001,0.99,mountaincar,dense
7,5014,-200.0,200,22.92231559753418,-1.0,2.0977686290279962e-05,0.0,DQN_RND,0.001,0.99,mountaincar,dense
7,5015,-200.0,200,17.122133255004883,-1.0,5.648957539960975e-06,0.0,DQN_RND,0.001,0.99,mountaincar,dense
7,5016,-200.0,200,5.691514015197754,-1.0,4.064742370246677e-06,0.0,DQN_RND,0.001,0.99,mountaincar,dense
7,5017,-200.0,200,8.463048934936523,-1.0,2.1381986243795836e-06,0.0,DQN_RND,0.001,0.99,mountaincar,dense
7,5018,-200.0,200,8.41354751586914,-1.0,9.237417543772608e-05,0.0,DQN_RND,0.001,0.99,mountaincar,dense
7,5019,-200.0,200,17.37224006652832,-1.0,5.893022535019554e-05,0.0,DQN_RND,0.001,0.99,mountaincar,dense
7,5020,-200.0,200,11.442440032958984,-1.0,4.718001491710311e-06,0.0,DQN_RND,0.001,0.99,mountaincar,dense
7,5021,-200.0,200,23.318008422851562,-1.0,2.7395128199714236e-05,0.0,DQN_RND,0.001,0.99,mountaincar,dense
7,5022,-200.0,200,5.923197269439697,-1.0,2.162988494092133e-05,0.0,DQN_RND,0.001,0.99,mountaincar,dense
7,5023,-200.0,200,2.9172260761260986,-1.0,3.0194212740752846e-05,0.0,DQN_RND,0.001,0.99,mountaincar,dense
7,5024,-200.0,200,11.784285545349121,-1.0,2.4371242034249008e-05,0.0,DQN_RND,0.001,0.99,mountaincar,dense
7,5025,-200.0,200,11.755786895751953,-1.0,2.6249958864354994e-06,0.0,DQN_RND,0.001,0.99,mountaincar,dense
7,5026,-200.0,200,15.132889747619629,-1.0,4.6483546611852944e-05,0.0,DQN_RND,0.001,0.99,mountaincar,dense
7,5027,-200.0,200,17.741151809692383,-1.0,1.2409404916979838e-05,0.0,DQN_RND,0.001,0.99,mountaincar,dense
7,5028,-200.0,200,14.874028205871582,-1.0,6.804941222071648e-05,0.0,DQN_RND,0.001,0.99,mountaincar,dense
7,5029,-200.0,200,17.85767936706543,-1.0,7.873288996051997e-05,0.0,DQN_RND,0.001,0.99,mountaincar,dense
7,5030,-200.0,200,14.80137825012207,-1.0,1.2803036952391267e-05,0.0,DQN_RND,0.001,0.99,mountaincar,dense
7,5031,-200.0,200,8.677389144897461,-1.0,6.562524504261091e-05,0.0,DQN_RND,0.001,0.99,mountaincar,dense
7,5032,-200.0,200,5.916342735290527,-1.0,5.400205736805219e-06,0.0,DQN_RND,0.001,0.99,mountaincar,dense
7,5033,-200.0,200,20.04331398010254,-1.0,4.854463259107433e-05,0.0,DQN_RND,0.001,0.99,mountaincar,dense
7,5034,-200.0,200,11.398122787475586,-1.0,7.724865281488746e-05,0.0,DQN_RND,0.001,0.99,mountaincar,dense
7,5035,-200.0,200,5.711124420166016,-1.0,0.00011612362141022459,0.0,DQN_RND,0.001,0.99,mountaincar,dense
7,5036,-200.0,200,17.34476661682129,-1.0,2.335467570446781e-06,0.0,DQN_RND,0.001,0.99,mountaincar,dense
7,5037,-200.0,200,17.149906158447266,-1.0,1.5168392565101385e-05,0.0,DQN_RND,0.001,0.99,mountaincar,dense
7,5038,-200.0,200,17.08145523071289,-1.0,5.45751754543744e-05,0.0,DQN_RND,0.001,0.99,mountaincar,dense
7,5039,-200.0,200,14.457590103149414,-1.0,0.00010459938494022936,0.0,DQN_RND,0.001,0.99,mountaincar,dense
7,5040,-200.0,200,11.714865684509277,-1.0,2.4205006411648355e-05,0.0,DQN_RND,0.001,0.99,mountaincar,dense
7,5041,-200.0,200,5.867988109588623,-1.0,3.385950321899145e-06,0.0,DQN_RND,0.001,0.99,mountaincar,dense
7,5042,-200.0,200,17.78133201599121,-1.0,1.5647221516701393e-05,0.0,DQN_RND,0.001,0.99,mountaincar,dense
7,5043,-200.0,200,14.591794967651367,-1.0,1.86832039617002e-05,0.0,DQN_RND,0.001,0.99,mountaincar,dense
7,5044,-200.0,200,16.846567153930664,-1.0,9.703330761112738e-06,0.0,DQN_RND,0.001,0.99,mountaincar,dense
7,5045,-200.0,200,16.885515213012695,-1.0,2.0022673652420053e-06,0.0,DQN_RND,0.001,0.99,mountaincar,dense
7,5046,-200.0,200,14.314408302307129,-1.0,8.727727981749922e-05,0.0,DQN_RND,0.001,0.99,mountaincar,dense
7,5047,-200.0,200,8.519108772277832,-1.0,4.817106855625752e-06,0.0,DQN_RND,0.001,0.99,mountaincar,dense
7,5048,-200.0,200,22.2900333404541,-1.0,0.00011664556950563565,0.0,DQN_RND,0.001,0.99,mountaincar,dense
7,5049,-200.0,200,2.874624729156494,-1.0,9.910527296597138e-05,0.0,DQN_RND,0.001,0.99,mountaincar,dense
7,5050,-200.0,200,16.765256881713867,-1.0,5.731967758038081e-05,0.0,DQN_RND,0.001,0.99,mountaincar,dense
7,5051,-200.0,200,25.041460037231445,-1.0,6.406490865629166e-05,0.0,DQN_RND,0.001,0.99,mountaincar,dense
7,5052,-200.0,200,14.058536529541016,-1.0,2.0324594515841454e-05,0.0,DQN_RND,0.001,0.99,mountaincar,dense
7,5053,-200.0,200,16.466758728027344,-1.0,2.6355860427429434e-06,0.0,DQN_RND,0.001,0.99,mountaincar,dense
7,5054,-200.0,200,21.772123336791992,-1.0,8.679626625962555e-05,0.0,DQN_RND,0.001,0.99,mountaincar,dense
7,5055,-200.0,200,19.35600471496582,-1.0,0.0001402263733325526,0.0,DQN_RND,0.001,0.99,mountaincar,dense
7,5056,-200.0,200,10.841996192932129,-1.0,4.676995104091475e-06,0.0,DQN_RND,0.001,0.99,mountaincar,dense
7,5057,-200.0,200,13.306434631347656,-1.0,8.20779605419375e-05,0.0,DQN_RND,0.001,0.99,mountaincar,dense
7,5058,-200.0,200,19.067148208618164,-1.0,6.444694008678198e-05,0.0,DQN_RND,0.001,0.99,mountaincar,dense
7,5059,-200.0,200,10.807361602783203,-1.0,3.779318285523914e-05,0.0,DQN_RND,0.001,0.99,mountaincar,dense
7,5060,-200.0,200,23.70240020751953,-1.0,2.6594610972097144e-05,0.0,DQN_RND,0.001,0.99,mountaincar,dense
7,5061,-200.0,200,18.01301383972168,-1.0,7.169490709202364e-05,0.0,DQN_RND,0.001,0.99,mountaincar,dense
7,5062,-200.0,200,7.861302375793457,-1.0,5.85625966778025e-05,0.0,DQN_RND,0.001,0.99,mountaincar,dense
7,5063,-200.0,200,5.089487552642822,-1.0,5.480383333633654e-05,0.0,DQN_RND,0.001,0.99,mountaincar,dense
7,5064,-200.0,200,18.553218841552734,-1.0,1.865957528934814e-05,0.0,DQN_RND,0.001,0.99,mountaincar,dense
7,5065,-200.0,200,7.940461158752441,-1.0,5.063842763775028e-06,0.0,DQN_RND,0.001,0.99,mountaincar,dense
7,5066,-200.0,200,18.290006637573242,-1.0,4.509244263317669e-06,0.0,DQN_RND,0.001,0.99,mountaincar,dense
7,5067,-200.0,200,20.803218841552734,-1.0,4.512839950621128e-06,0.0,DQN_RND,0.001,0.99,mountaincar,dense
7,5068,-200.0,200,5.373947620391846,-1.0,4.034983430756256e-05,0.0,DQN_RND,0.001,0.99,mountaincar,dense
7,5069,-200.0,200,23.7382755279541,-1.0,5.527597295440501e-06,0.0,DQN_RND,0.001,0.99,mountaincar,dense
7,5070,-200.0,200,10.66868782043457,-1.0,6.69263317831792e-05,0.0,DQN_RND,0.001,0.99,mountaincar,dense
7,5071,-200.0,200,13.563494682312012,-1.0,7.957399793667719e-05,0.0,DQN_RND,0.001,0.99,mountaincar,dense
7,5072,-200.0,200,18.466838836669922,-1.0,2.488777863618452e-05,0.0,DQN_RND,0.001,0.99,mountaincar,dense
7,5073,-200.0,200,5.3575263023376465,-1.0,1.1783648005803116e-05,0.0,DQN_RND,0.001,0.99,mountaincar,dense
7,5074,-200.0,200,21.43840789794922,-1.0,8.188890205929056e-05,0.0,DQN_RND,0.001,0.99,mountaincar,dense
7,5075,-200.0,200,13.577193260192871,-1.0,6.434757960960269e-05,0.0,DQN_RND,0.001,0.99,mountaincar,dense
7,5076,-200.0,200,18.77388572692871,-1.0,2.102358303091023e-05,0.0,DQN_RND,0.001,0.99,mountaincar,dense
7,5077,-200.0,200,7.991143703460693,-1.0,2.0648220015573315e-05,0.0,DQN_RND,0.001,0.99,mountaincar,dense
7,5078,-200.0,200,5.276763916015625,-1.0,2.236241016362328e-05,0.0,DQN_RND,0.001,0.99,mountaincar,dense
7,5079,-200.0,200,10.68460464477539,-1.0,9.955938730854541e-05,0.0,DQN_RND,0.001,0.99,mountaincar,dense
7,5080,-200.0,200,8.234312057495117,-1.0,6.950081296963617e-05,0.0,DQN_RND,0.001,0.99,mountaincar,dense
7,5081,-200.0,200,2.6935935020446777,-1.0,2.051081310128211e-06,0.0,DQN_RND,0.001,0.99,mountaincar,dense
7,5082,-200.0,200,18.805662155151367,-1.0,5.4263760830508545e-05,0.0,DQN_RND,0.001,0.99,mountaincar,dense
7,5083,-200.0,200,24.678199768066406,-1.0,5.61803208256606e-05,0.0,DQN_RND,0.001,0.99,mountaincar,dense
7,5084,-200.0,200,8.027349472045898,-1.0,7.0947548920230474e-06,0.0,DQN_RND,0.001,0.99,mountaincar,dense
7,5085,-200.0,200,18.277103424072266,-1.0,4.3404175812611356e-05,0.0,DQN_RND,0.001,0.99,mountaincar,dense
7,5086,-200.0,200,21.336877822875977,-1.0,2.9245353289297782e-05,0.0,DQN_RND,0.001,0.99,mountaincar,dense
7,5087,-200.0,200,2.707958698272705,-1.0,3.3819851523730904e-05,0.0,DQN_RND,0.001,0.99,mountaincar,dense
7,5088,-200.0,200,5.400734901428223,-1.0,1.991683166124858e-05,0.0,DQN_RND,0.001,0.99,mountaincar,dense
7,5089,-200.0,200,13.51189136505127,-1.0,5.295101800584234e-06,0.0,DQN_RND,0.001,0.99,mountaincar,dense
7,5090,-200.0,200,8.186692237854004,-1.0,2.1359669517551083e-06,0.0,DQN_RND,0.001,0.99,mountaincar,dense
7,5091,-200.0,200,10.95876693725586,-1.0,2.432577639410738e-05,0.0,DQN_RND,0.001,0.99,mountaincar,dense
7,5092,-200.0,200,8.098423957824707,-1.0,5.5149750551208854e-05,0.0,DQN_RND,0.001,0.99,mountaincar,dense
7,5093,-200.0,200,16.16931915283203,-1.0,2.423697878839448e-06,0.0,DQN_RND,0.001,0.99,mountaincar,dense
7,5094,-200.0,200,13.630282402038574,-1.0,2.1239584384602495e-05,0.0,DQN_RND,0.001,0.99,mountaincar,dense
7,5095,-200.0,200,21.824607849121094,-1.0,7.839487079763785e-05,0.0,DQN_RND,0.001,0.99,mountaincar,dense
7,5096,-200.0,200,5.622588634490967,-1.0,8.41716755530797e-05,0.0,DQN_RND,0.001,0.99,mountaincar,dense
7,5097,-200.0,200,11.105895042419434,-1.0,2.2313333829515614e-06,0.0,DQN_RND,0.001,0.99,mountaincar,dense
7,5098,-200.0,200,13.866081237792969,-1.0,4.879719199379906e-06,0.0,DQN_RND,0.001,0.99,mountaincar,dense
7,5099,-200.0,200,8.301284790039062,-1.0,2.3561362468171865e-05,0.0,DQN_RND,0.001,0.99,mountaincar,dense
7,5100,-200.0,200,14.22106647491455,-1.0,6.933324038982391e-05,0.0,DQN_RND,0.001,0.99,mountaincar,dense
7,5101,-200.0,200,8.637099266052246,-1.0,5.9231624618405476e-05,0.0,DQN_RND,0.001,0.99,mountaincar,dense
7,5102,-200.0,200,8.70717716217041,-1.0,1.1249681847402826e-05,0.0,DQN_RND,0.001,0.99,mountaincar,dense
7,5103,-200.0,200,14.102197647094727,-1.0,2.3423999664373696e-06,0.0,DQN_RND,0.001,0.99,mountaincar,dense
7,5104,-200.0,200,0.019312843680381775,-1.0,7.643663411727175e-05,0.0,DQN_RND,0.001,0.99,mountaincar,dense
7,5105,-200.0,200,8.845142364501953,-1.0,6.753241905244067e-05,0.0,DQN_RND,0.001,0.99,mountaincar,dense
7,5106,-200.0,200,26.37673568725586,-1.0,2.1880648546357406e-06,0.0,DQN_RND,0.001,0.99,mountaincar,dense
7,5107,-200.0,200,20.605924606323242,-1.0,4.633423486666288e-06,0.0,DQN_RND,0.001,0.99,mountaincar,dense
7,5108,-200.0,200,5.9440507888793945,-1.0,5.017187504563481e-06,0.0,DQN_RND,0.001,0.99,mountaincar,dense
7,5109,-200.0,200,14.875675201416016,-1.0,3.465739382590982e-06,0.0,DQN_RND,0.001,0.99,mountaincar,dense
7,5110,-200.0,200,15.014410018920898,-1.0,2.010181560763158e-06,0.0,DQN_RND,0.001,0.99,mountaincar,dense
7,5111,-200.0,200,15.042789459228516,-1.0,6.6486745708971284e-06,0.0,DQN_RND,0.001,0.99,mountaincar,dense
7,5112,-200.0,200,5.917598724365234,-1.0,2.6533351046964526e-05,0.0,DQN_RND,0.001,0.99,mountaincar,dense
7,5113,-200.0,200,12.15510082244873,-1.0,2.8019940145895816e-05,0.0,DQN_RND,0.001,0.99,mountaincar,dense
7,5114,-200.0,200,18.286279678344727,-1.0,5.359183342079632e-05,0.0,DQN_RND,0.001,0.99,mountaincar,dense
7,5115,-200.0,200,15.210870742797852,-1.0,4.2587766984070186e-06,0.0,DQN_RND,0.001,0.99,mountaincar,dense
7,5116,-200.0,200,24.324600219726562,-1.0,6.293549813563004e-05,0.0,DQN_RND,0.001,0.99,mountaincar,dense
7,5117,-200.0,200,18.294322967529297,-1.0,7.141569767554756e-06,0.0,DQN_RND,0.001,0.99,mountaincar,dense
7,5118,-200.0,200,12.23245620727539,-1.0,1.8714627003646456e-05,0.0,DQN_RND,0.001,0.99,mountaincar,dense
7,5119,-200.0,200,21.136852264404297,-1.0,2.0872910226898966e-06,0.0,DQN_RND,0.001,0.99,mountaincar,dense
7,5120,-200.0,200,18.213645935058594,-1.0,1.4463320439972449e-05,0.0,DQN_RND,0.001,0.99,mountaincar,dense
7,5121,-200.0,200,6.182659149169922,-1.0,1.9676750525832176e-05,0.0,DQN_RND,0.001,0.99,mountaincar,dense
7,5122,-200.0,200,21.72005271911621,-1.0,3.8585032598348334e-05,0.0,DQN_RND,0.001,0.99,mountaincar,dense
7,5123,-200.0,200,6.082601547241211,-1.0,2.478260967109236e-06,0.0,DQN_RND,0.001,0.99,mountaincar,dense
7,5124,-200.0,200,3.1239607334136963,-1.0,0.00010369989468017593,0.0,DQN_RND,0.001,0.99,mountaincar,dense
7,5125,-200.0,200,15.421279907226562,-1.0,7.5770185503643e-05,0.0,DQN_RND,0.001,0.99,mountaincar,dense
7,5126,-200.0,200,12.296817779541016,-1.0,8.233533299062401e-05,0.0,DQN_RND,0.001,0.99,mountaincar,dense
7,5127,-200.0,200,9.237815856933594,-1.0,6.908257637405768e-05,0.0,DQN_RND,0.001,0.99,mountaincar,dense
7,5128,-200.0,200,18.39633560180664,-1.0,5.875273564015515e-05,0.0,DQN_RND,0.001,0.99,mountaincar,dense
7,5129,-200.0,200,15.436214447021484,-1.0,5.188225713936845e-06,0.0,DQN_RND,0.001,0.99,mountaincar,dense
7,5130,-200.0,200,24.559276580810547,-1.0,0.0001278158597415313,0.0,DQN_RND,0.001,0.99,mountaincar,dense
7,5131,-200.0,200,14.662012100219727,-1.0,2.1495094188139774e-05,0.0,DQN_RND,0.001,0.99,mountaincar,dense
7,5132,-200.0,200,8.827506065368652,-1.0,6.0321573982946575e-05,0.0,DQN_RND,0.001,0.99,mountaincar,dense
7,5133,-200.0,200,14.95370101928711,-1.0,3.6157172871753573e-05,0.0,DQN_RND,0.001,0.99,mountaincar,dense
7,5134,-200.0,200,12.156075477600098,-1.0,2.357151743126451e-06,0.0,DQN_RND,0.001,0.99,mountaincar,dense
7,5135,-200.0,200,11.917520523071289,-1.0,2.268762955282e-06,0.0,DQN_RND,0.001,0.99,mountaincar,dense
7,5136,-200.0,200,11.68088436126709,-1.0,2.850296914402861e-05,0.0,DQN_RND,0.001,0.99,mountaincar,dense
7,5137,-200.0,200,15.137470245361328,-1.0,6.001303336233832e-05,0.0,DQN_RND,0.001,0.99,mountaincar,dense
7,5138,-200.0,200,14.989500045776367,-1.0,4.8862420953810215e-05,0.0,DQN_RND,0.001,0.99,mountaincar,dense
7,5139,-200.0,200,24.263362884521484,-1.0,3.0917373806005344e-05,0.0,DQN_RND,0.001,0.99,mountaincar,dense
7,5140,-200.0,200,11.899530410766602,-1.0,1.0556484085100237e-05,0.0,DQN_RND,0.001,0.99,mountaincar,dense
7,5141,-200.0,200,6.2137627601623535,-1.0,9.291650349041447e-05,0.0,DQN_RND,0.001,0.99,mountaincar,dense
7,5142,-200.0,200,24.210060119628906,-1.0,5.055460496805608e-05,0.0,DQN_RND,0.001,0.99,mountaincar,dense
7,5143,-200.0,200,6.214336395263672,-1.0,6.503229815280065e-05,0.0,DQN_RND,0.001,0.99,mountaincar,dense
7,5144,-200.0,200,12.35617733001709,-1.0,3.506680059217615e-06,0.0,DQN_RND,0.001,0.99,mountaincar,dense
7,5145,-200.0,200,12.385019302368164,-1.0,7.524271495640278e-05,0.0,DQN_RND,0.001,0.99,mountaincar,dense
7,5146,-200.0,200,15.421073913574219,-1.0,2.2732738216291182e-05,0.0,DQN_RND,0.001,0.99,mountaincar,dense
7,5147,-200.0,200,9.38064193725586,-1.0,9.054074325831607e-06,0.0,DQN_RND,0.001,0.99,mountaincar,dense
7,5148,-200.0,200,9.362762451171875,-1.0,2.319662371519371e-06,0.0,DQN_RND,0.001,0.99,mountaincar,dense
7,5149,-200.0,200,12.446673393249512,-1.0,2.3394270101562142e-05,0.0,DQN_RND,0.001,0.99,mountaincar,dense
7,5150,-200.0,200,18.409433364868164,-1.0,3.5689947708306136e-06,0.0,DQN_RND,0.001,0.99,mountaincar,dense
7,5151,-200.0,200,18.337308883666992,-1.0,7.189457392087206e-05,0.0,DQN_RND,0.001,0.99,mountaincar,dense
7,5152,-200.0,200,6.1220197677612305,-1.0,0.00010257482063025236,0.0,DQN_RND,0.001,0.99,mountaincar,dense
7,5153,-200.0,200,3.1217257976531982,-1.0,2.749049963313155e-05,0.0,DQN_RND,0.001,0.99,mountaincar,dense
7,5154,-200.0,200,21.831092834472656,-1.0,3.4735759982140735e-05,0.0,DQN_RND,0.001,0.99,mountaincar,dense
7,5155,-200.0,200,22.28923797607422,-1.0,4.081010047229938e-06,0.0,DQN_RND,0.001,0.99,mountaincar,dense
7,5156,-200.0,200,17.767728805541992,-1.0,2.0308189050410874e-06,0.0,DQN_RND,0.001,0.99,mountaincar,dense
7,5157,-200.0,200,26.84757423400879,-1.0,6.669403228443116e-05,0.0,DQN_RND,0.001,0.99,mountaincar,dense
7,5158,-200.0,200,9.032715797424316,-1.0,2.004460657190066e-05,0.0,DQN_RND,0.001,0.99,mountaincar,dense
7,5159,-200.0,200,15.125574111938477,-1.0,2.2774849639972672e-05,0.0,DQN_RND,0.001,0.99,mountaincar,dense
7,5160,-200.0,200,12.250680923461914,-1.0,1.9054898075410165e-05,0.0,DQN_RND,0.001,0.99,mountaincar,dense
7,5161,-200.0,200,12.120970726013184,-1.0,3.1112849683267996e-05,0.0,DQN_RND,0.001,0.99,mountaincar,dense
7,5162,-200.0,200,9.030853271484375,-1.0,2.254085302411113e-05,0.0,DQN_RND,0.001,0.99,mountaincar,dense
7,5163,-200.0,200,26.815298080444336,-1.0,4.954600444762036e-05,0.0,DQN_RND,0.001,0.99,mountaincar,dense
7,5164,-200.0,200,8.967026710510254,-1.0,0.0001074310639523901,0.0,DQN_RND,0.001,0.99,mountaincar,dense
7,5165,-200.0,200,23.898441314697266,-1.0,9.928552026394755e-05,0.0,DQN_RND,0.001,0.99,mountaincar,dense
7,5166,-200.0,200,8.831671714782715,-1.0,4.0705026549403556e-06,0.0,DQN_RND,0.001,0.99,mountaincar,dense
7,5167,-200.0,200,8.871471405029297,-1.0,4.926378824166022e-05,0.0,DQN_RND,0.001,0.99,mountaincar,dense
7,5168,-200.0,200,20.657140731811523,-1.0,2.1421290057332953e-06,0.0,DQN_RND,0.001,0.99,mountaincar,dense
7,5169,-200.0,200,15.228362083435059,-1.0,3.3321030059596524e-06,0.0,DQN_RND,0.001,0.99,mountaincar,dense
7,5170,-200.0,200,21.037485122680664,-1.0,5.8343473938293755e-05,0.0,DQN_RND,0.001,0.99,mountaincar,dense
7,5171,-200.0,200,14.999889373779297,-1.0,1.861648888734635e-05,0.0,DQN_RND,0.001,0.99,mountaincar,dense
7,5172,-200.0,200,18.182575225830078,-1.0,5.6987799325725064e-05,0.0,DQN_RND,0.001,0.99,mountaincar,dense
7,5173,-200.0,200,12.139896392822266,-1.0,6.034959005773999e-05,0.0,DQN_RND,0.001,0.99,mountaincar,dense
7,5174,-200.0,200,27.63641357421875,-1.0,2.3706625142949633e-06,0.0,DQN_RND,0.001,0.99,mountaincar,dense
7,5175,-200.0,200,9.085331916809082,-1.0,3.837070380541263e-06,0.0,DQN_RND,0.001,0.99,mountaincar,dense
7,5176,-200.0,200,18.301755905151367,-1.0,0.00011674901907099411,0.0,DQN_RND,0.001,0.99,mountaincar,dense
7,5177,-200.0,200,30.689376831054688,-1.0,5.158344720257446e-05,0.0,DQN_RND,0.001,0.99,mountaincar,dense
7,5178,-200.0,200,21.34890365600586,-1.0,0.00012725066335406154,0.0,DQN_RND,0.001,0.99,mountaincar,dense
7,5179,-200.0,200,8.928889274597168,-1.0,1.9115902887278935e-06,0.0,DQN_RND,0.001,0.99,mountaincar,dense
7,5180,-200.0,200,12.023606300354004,-1.0,2.7447473257780075e-05,0.0,DQN_RND,0.001,0.99,mountaincar,dense
7,5181,-200.0,200,35.43461227416992,-1.0,1.9773847270698752e-06,0.0,DQN_RND,0.001,0.99,mountaincar,dense
7,5182,-200.0,200,11.861311912536621,-1.0,2.4073802705970593e-05,0.0,DQN_RND,0.001,0.99,mountaincar,dense
7,5183,-200.0,200,15.090492248535156,-1.0,2.107390173478052e-05,0.0,DQN_RND,0.001,0.99,mountaincar,dense
7,5184,-200.0,200,17.697206497192383,-1.0,2.9267321224324405e-06,0.0,DQN_RND,0.001,0.99,mountaincar,dense
7,5185,-200.0,200,9.04819107055664,-1.0,6.326365837594494e-05,0.0,DQN_RND,0.001,0.99,mountaincar,dense
7,5186,-200.0,200,9.076742172241211,-1.0,2.6908840027317638e-06,0.0,DQN_RND,0.001,0.99,mountaincar,dense
7,5187,-200.0,200,23.86480712890625,-1.0,6.933777513040695e-06,0.0,DQN_RND,0.001,0.99,mountaincar,dense
7,5188,-200.0,200,12.074756622314453,-1.0,2.38538868870819e-05,0.0,DQN_RND,0.001,0.99,mountaincar,dense
7,5189,-200.0,200,15.028341293334961,-1.0,3.553112765075639e-05,0.0,DQN_RND,0.001,0.99,mountaincar,dense
7,5190,-200.0,200,6.045457363128662,-1.0,7.564935367554426e-05,0.0,DQN_RND,0.001,0.99,mountaincar,dense
7,5191,-200.0,200,8.94824504852295,-1.0,5.919583418290131e-05,0.0,DQN_RND,0.001,0.99,mountaincar,dense
7,5192,-200.0,200,15.232135772705078,-1.0,9.372364729642868e-05,0.0,DQN_RND,0.001,0.99,mountaincar,dense
7,5193,-200.0,200,18.387344360351562,-1.0,1.8731954014583607e-06,0.0,DQN_RND,0.001,0.99,mountaincar,dense
7,5194,-200.0,200,26.759479522705078,-1.0,8.467547741020098e-05,0.0,DQN_RND,0.001,0.99,mountaincar,dense
7,5195,-200.0,200,9.1731595993042,-1.0,0.00013246230082586408,0.0,DQN_RND,0.001,0.99,mountaincar,dense
7,5196,-200.0,200,9.297680854797363,-1.0,2.0966688225598773e-06,0.0,DQN_RND,0.001,0.99,mountaincar,dense
7,5197,-200.0,200,12.437162399291992,-1.0,2.188013786508236e-05,0.0,DQN_RND,0.001,0.99,mountaincar,dense
7,5198,-200.0,200,18.71571159362793,-1.0,5.956906079518376e-06,0.0,DQN_RND,0.001,0.99,mountaincar,dense
7,5199,-200.0,200,27.14202880859375,-1.0,2.135377371814684e-06,0.0,DQN_RND,0.001,0.99,mountaincar,dense
7,5200,-200.0,200,18.538135528564453,-1.0,1.417200383002637e-05,0.0,DQN_RND,0.001,0.99,mountaincar,dense
7,5201,-200.0,200,15.135541915893555,-1.0,1.94349904631963e-05,0.0,DQN_RND,0.001,0.99,mountaincar,dense
7,5202,-200.0,200,12.301899909973145,-1.0,2.0090383259230293e-05,0.0,DQN_RND,0.001,0.99,mountaincar,dense
7,5203,-200.0,200,14.944354057312012,-1.0,2.486118501110468e-05,0.0,DQN_RND,0.001,0.99,mountaincar,dense
7,5204,-200.0,200,6.161598205566406,-1.0,5.4392203310271725e-05,0.0,DQN_RND,0.001,0.99,mountaincar,dense
7,5205,-200.0,200,27.826169967651367,-1.0,2.1283896785462275e-05,0.0,DQN_RND,0.001,0.99,mountaincar,dense
7,5206,-200.0,200,18.53343963623047,-1.0,6.537944136653095e-05,0.0,DQN_RND,0.001,0.99,mountaincar,dense
7,5207,-200.0,200,21.43669319152832,-1.0,2.0573548681568354e-05,0.0,DQN_RND,0.001,0.99,mountaincar,dense
7,5208,-200.0,200,12.233634948730469,-1.0,5.711784979212098e-05,0.0,DQN_RND,0.001,0.99,mountaincar,dense
7,5209,-200.0,200,15.072406768798828,-1.0,0.00014090647164266557,0.0,DQN_RND,0.001,0.99,mountaincar,dense
7,5210,-200.0,200,21.556791305541992,-1.0,8.756384886510205e-06,0.0,DQN_RND,0.001,0.99,mountaincar,dense
7,5211,-200.0,200,23.70248794555664,-1.0,6.787052552681416e-05,0.0,DQN_RND,0.001,0.99,mountaincar,dense
7,5212,-200.0,200,12.49236011505127,-1.0,6.961652979953215e-05,0.0,DQN_RND,0.001,0.99,mountaincar,dense
7,5213,-200.0,200,15.322896003723145,-1.0,2.3378783225780353e-05,0.0,DQN_RND,0.001,0.99,mountaincar,dense
7,5214,-200.0,200,15.156418800354004,-1.0,4.799232556251809e-05,0.0,DQN_RND,0.001,0.99,mountaincar,dense
7,5215,-200.0,200,15.289749145507812,-1.0,8.874809282133356e-06,0.0,DQN_RND,0.001,0.99,mountaincar,dense
7,5216,-200.0,200,11.977275848388672,-1.0,3.8028229027986526e-05,0.0,DQN_RND,0.001,0.99,mountaincar,dense
7,5217,-200.0,200,18.344161987304688,-1.0,2.339593629585579e-05,0.0,DQN_RND,0.001,0.99,mountaincar,dense
7,5218,-200.0,200,38.716819763183594,-1.0,4.119622099096887e-05,0.0,DQN_RND,0.001,0.99,mountaincar,dense
7,5219,-200.0,200,27.30596923828125,-1.0,8.66749178385362e-06,0.0,DQN_RND,0.001,0.99,mountaincar,dense
7,5220,-200.0,200,6.102206230163574,-1.0,1.9078156583418604e-06,0.0,DQN_RND,0.001,0.99,mountaincar,dense
7,5221,-200.0,200,24.299169540405273,-1.0,0.00010360585292801261,0.0,DQN_RND,0.001,0.99,mountaincar,dense
7,5222,-200.0,200,12.308311462402344,-1.0,5.759130999649642e-06,0.0,DQN_RND,0.001,0.99,mountaincar,dense
7,5223,-200.0,200,9.228850364685059,-1.0,5.398268694989383e-05,0.0,DQN_RND,0.001,0.99,mountaincar,dense
7,5224,-200.0,200,21.606975555419922,-1.0,2.0292707176849945e-06,0.0,DQN_RND,0.001,0.99,mountaincar,dense
7,5225,-200.0,200,12.347456932067871,-1.0,5.767034235759638e-05,0.0,DQN_RND,0.001,0.99,mountaincar,dense
7,5226,-200.0,200,15.731241226196289,-1.0,1.9731276097445516e-06,0.0,DQN_RND,0.001,0.99,mountaincar,dense
7,5227,-200.0,200,12.535785675048828,-1.0,1.859695430539432e-06,0.0,DQN_RND,0.001,0.99,mountaincar,dense
7,5228,-200.0,200,21.362478256225586,-1.0,6.0911912441952154e-05,0.0,DQN_RND,0.001,0.99,mountaincar,dense
7,5229,-200.0,200,9.36563777923584,-1.0,0.00012270497973077,0.0,DQN_RND,0.001,0.99,mountaincar,dense
7,5230,-200.0,200,24.780988693237305,-1.0,5.422281537903473e-05,0.0,DQN_RND,0.001,0.99,mountaincar,dense
7,5231,-200.0,200,15.108933448791504,-1.0,1.8658645331015578e-06,0.0,DQN_RND,0.001,0.99,mountaincar,dense
7,5232,-200.0,200,17.86195945739746,-1.0,4.841577720071655e-06,0.0,DQN_RND,0.001,0.99,mountaincar,dense
7,5233,-200.0,200,9.219938278198242,-1.0,9.683100506663322e-05,0.0,DQN_RND,0.001,0.99,mountaincar,dense
7,5234,-200.0,200,15.039984703063965,-1.0,1.6656139223414357e-06,0.0,DQN_RND,0.001,0.99,mountaincar,dense
7,5235,-200.0,200,20.770387649536133,-1.0,1.859138365034596e-06,0.0,DQN_RND,0.001,0.99,mountaincar,dense
7,5236,-200.0,200,8.877226829528809,-1.0,4.499897113419138e-05,0.0,DQN_RND,0.001,0.99,mountaincar,dense
7,5237,-200.0,200,11.862238883972168,-1.0,0.00013538403436541557,0.0,DQN_RND,0.001,0.99,mountaincar,dense
7,5238,-200.0,200,11.84403133392334,-1.0,5.9870511904591694e-05,0.0,DQN_RND,0.001,0.99,mountaincar,dense
7,5239,-200.0,200,3.1093966960906982,-1.0,2.61071963905124e-05,0.0,DQN_RND,0.001,0.99,mountaincar,dense
7,5240,-200.0,200,14.94214916229248,-1.0,1.3580876839114353e-05,0.0,DQN_RND,0.001,0.99,mountaincar,dense
7,5241,-200.0,200,23.670082092285156,-1.0,2.0661394955823198e-05,0.0,DQN_RND,0.001,0.99,mountaincar,dense
7,5242,-200.0,200,2.9984114170074463,-1.0,1.9012516077054897e-06,0.0,DQN_RND,0.001,0.99,mountaincar,dense
7,5243,-200.0,200,14.938823699951172,-1.0,2.33621358347591e-06,0.0,DQN_RND,0.001,0.99,mountaincar,dense
7,5244,-200.0,200,8.774102210998535,-1.0,7.891042514529545e-06,0.0,DQN_RND,0.001,0.99,mountaincar,dense
7,5245,-200.0,200,14.867633819580078,-1.0,8.716793672647327e-06,0.0,DQN_RND,0.001,0.99,mountaincar,dense
7,5246,-200.0,200,19.965234756469727,-1.0,4.281086876289919e-05,0.0,DQN_RND,0.001,0.99,mountaincar,dense
7,5247,-200.0,200,11.670784950256348,-1.0,5.517409954336472e-05,0.0,DQN_RND,0.001,0.99,mountaincar,dense
7,5248,-200.0,200,14.269536972045898,-1.0,2.9858517791581107e-06,0.0,DQN_RND,0.001,0.99,mountaincar,dense
7,5249,-200.0,200,28.815229415893555,-1.0,6.475916597992182e-05,0.0,DQN_RND,0.001,0.99,mountaincar,dense
7,5250,-200.0,200,23.34192657470703,-1.0,5.825330299558118e-05,0.0,DQN_RND,0.001,0.99,mountaincar,dense
7,5251,-200.0,200,14.5975980758667,-1.0,1.7508027667645365e-06,0.0,DQN_RND,0.001,0.99,mountaincar,dense
7,5252,-200.0,200,25.99764633178711,-1.0,3.195239696651697e-05,0.0,DQN_RND,0.001,0.99,mountaincar,dense
7,5253,-200.0,200,14.79564094543457,-1.0,0.00011337422620272264,0.0,DQN_RND,0.001,0.99,mountaincar,dense
7,5254,-200.0,200,5.946793556213379,-1.0,3.471790114417672e-05,0.0,DQN_RND,0.001,0.99,mountaincar,dense
7,5255,-200.0,200,17.460134506225586,-1.0,2.0277288058423437e-05,0.0,DQN_RND,0.001,0.99,mountaincar,dense
7,5256,-200.0,200,8.459973335266113,-1.0,7.69053258409258e-06,0.0,DQN_RND,0.001,0.99,mountaincar,dense
7,5257,-200.0,200,8.841954231262207,-1.0,6.305489660007879e-05,0.0,DQN_RND,0.001,0.99,mountaincar,dense
7,5258,-200.0,200,23.179235458374023,-1.0,6.357816891977564e-05,0.0,DQN_RND,0.001,0.99,mountaincar,dense
7,5259,-200.0,200,11.426349639892578,-1.0,4.066777182742953e-05,0.0,DQN_RND,0.001,0.99,mountaincar,dense
7,5260,-200.0,200,17.253711700439453,-1.0,4.179776442470029e-05,0.0,DQN_RND,0.001,0.99,mountaincar,dense
7,5261,-200.0,200,8.850298881530762,-1.0,1.6294563465635292e-05,0.0,DQN_RND,0.001,0.99,mountaincar,dense
7,5262,-200.0,200,20.110145568847656,-1.0,5.571628935285844e-05,0.0,DQN_RND,0.001,0.99,mountaincar,dense
7,5263,-200.0,200,8.627350807189941,-1.0,8.942085696617141e-05,0.0,DQN_RND,0.001,0.99,mountaincar,dense
7,5264,-200.0,200,20.61220359802246,-1.0,6.895605474710464e-05,0.0,DQN_RND,0.001,0.99,mountaincar,dense
7,5265,-200.0,200,20.788822174072266,-1.0,3.7975667510181665e-05,0.0,DQN_RND,0.001,0.99,mountaincar,dense
7,5266,-200.0,200,26.78085708618164,-1.0,5.477193553815596e-05,0.0,DQN_RND,0.001,0.99,mountaincar,dense
7,5267,-200.0,200,6.09370756149292,-1.0,5.046262594987638e-05,0.0,DQN_RND,0.001,0.99,mountaincar,dense
7,5268,-200.0,200,23.66124725341797,-1.0,9.07667345018126e-06,0.0,DQN_RND,0.001,0.99,mountaincar,dense
7,5269,-200.0,200,8.533031463623047,-1.0,0.000112830130092334,0.0,DQN_RND,0.001,0.99,mountaincar,dense
7,5270,-200.0,200,20.18920135498047,-1.0,5.628139115287922e-05,0.0,DQN_RND,0.001,0.99,mountaincar,dense
7,5271,-200.0,200,2.941507577896118,-1.0,4.071405783179216e-06,0.0,DQN_RND,0.001,0.99,mountaincar,dense
7,5272,-200.0,200,14.327966690063477,-1.0,6.289232260314748e-05,0.0,DQN_RND,0.001,0.99,mountaincar,dense
7,5273,-200.0,200,25.669782638549805,-1.0,1.7043930711224675e-06,0.0,DQN_RND,0.001,0.99,mountaincar,dense
7,5274,-200.0,200,11.590490341186523,-1.0,1.959049313882133e-06,0.0,DQN_RND,0.001,0.99,mountaincar,dense
7,5275,-200.0,200,23.134441375732422,-1.0,3.0145129130687565e-06,0.0,DQN_RND,0.001,0.99,mountaincar,dense
7,5276,-200.0,200,17.417606353759766,-1.0,2.0622317606466822e-05,0.0,DQN_RND,0.001,0.99,mountaincar,dense
7,5277,-200.0,200,14.540227890014648,-1.0,5.047357626608573e-05,0.0,DQN_RND,0.001,0.99,mountaincar,dense
7,5278,-200.0,200,11.44615364074707,-1.0,2.0454412151593715e-05,0.0,DQN_RND,0.001,0.99,mountaincar,dense
7,5279,-200.0,200,23.240581512451172,-1.0,2.0636641693272395e-06,0.0,DQN_RND,0.001,0.99,mountaincar,dense
7,5280,-200.0,200,14.492162704467773,-1.0,1.3783590475213714e-05,0.0,DQN_RND,0.001,0.99,mountaincar,dense
7,5281,-200.0,200,11.374570846557617,-1.0,3.6698208987218095e-06,0.0,DQN_RND,0.001,0.99,mountaincar,dense
7,5282,-200.0,200,11.081398963928223,-1.0,1.8016302192336298e-06,0.0,DQN_RND,0.001,0.99,mountaincar,dense
7,5283,-200.0,200,5.424860000610352,-1.0,0.00012281126691959798,0.0,DQN_RND,0.001,0.99,mountaincar,dense
7,5284,-200.0,200,11.346065521240234,-1.0,7.746574556222185e-05,0.0,DQN_RND,0.001,0.99,mountaincar,dense
7,5285,-200.0,200,19.67835807800293,-1.0,2.753891067186487e-06,0.0,DQN_RND,0.001,0.99,mountaincar,dense
7,5286,-200.0,200,17.290996551513672,-1.0,8.50902360980399e-05,0.0,DQN_RND,0.001,0.99,mountaincar,dense
7,5287,-200.0,200,20.382959365844727,-1.0,2.4874598238966428e-06,0.0,DQN_RND,0.001,0.99,mountaincar,dense
7,5288,-200.0,200,22.873565673828125,-1.0,5.164867252460681e-05,0.0,DQN_RND,0.001,0.99,mountaincar,dense
7,5289,-200.0,200,11.200057983398438,-1.0,5.832199167343788e-05,0.0,DQN_RND,0.001,0.99,mountaincar,dense
7,5290,-200.0,200,14.343360900878906,-1.0,2.8883372579002753e-05,0.0,DQN_RND,0.001,0.99,mountaincar,dense
7,5291,-200.0,200,5.64000129699707,-1.0,4.5685534132644534e-05,0.0,DQN_RND,0.001,0.99,mountaincar,dense
7,5292,-200.0,200,13.815923690795898,-1.0,2.093700459226966e-05,0.0,DQN_RND,0.001,0.99,mountaincar,dense
7,5293,-200.0,200,16.10773468017578,-1.0,5.1570532377809286e-05,0.0,DQN_RND,0.001,0.99,mountaincar,dense
7,5294,-200.0,200,5.694310188293457,-1.0,7.26663347450085e-05,0.0,DQN_RND,0.001,0.99,mountaincar,dense
7,5295,-200.0,200,19.396312713623047,-1.0,5.853765833307989e-05,0.0,DQN_RND,0.001,0.99,mountaincar,dense
7,5296,-200.0,200,16.38162612915039,-1.0,5.683359631802887e-05,0.0,DQN_RND,0.001,0.99,mountaincar,dense
7,5297,-200.0,200,2.714099884033203,-1.0,8.884867384040263e-06,0.0,DQN_RND,0.001,0.99,mountaincar,dense
7,5298,-200.0,200,5.654032230377197,-1.0,2.3864708964538295e-06,0.0,DQN_RND,0.001,0.99,mountaincar,dense
7,5299,-200.0,200,33.169158935546875,-1.0,2.680435954971472e-06,0.0,DQN_RND,0.001,0.99,mountaincar,dense
7,5300,-200.0,200,9.111255645751953,-1.0,0.00012819863331969827,0.0,DQN_RND,0.001,0.99,mountaincar,dense
7,5301,-200.0,200,16.923463821411133,-1.0,3.8887788832653314e-05,0.0,DQN_RND,0.001,0.99,mountaincar,dense
7,5302,-200.0,200,8.486160278320312,-1.0,1.996610535570653e-06,0.0,DQN_RND,0.001,0.99,mountaincar,dense
7,5303,-200.0,200,14.263962745666504,-1.0,3.051040584978182e-05,0.0,DQN_RND,0.001,0.99,mountaincar,dense
7,5304,-200.0,200,22.02634048461914,-1.0,3.057438561882009e-06,0.0,DQN_RND,0.001,0.99,mountaincar,dense
7,5305,-200.0,200,13.478021621704102,-1.0,2.4641511117806658e-05,0.0,DQN_RND,0.001,0.99,mountaincar,dense
7,5306,-200.0,200,23.93524169921875,-1.0,9.470138320466504e-05,0.0,DQN_RND,0.001,0.99,mountaincar,dense
7,5307,-200.0,200,21.41982650756836,-1.0,8.679238089825958e-05,0.0,DQN_RND,0.001,0.99,mountaincar,dense
7,5308,-200.0,200,18.69072914123535,-1.0,1.091426020138897e-05,0.0,DQN_RND,0.001,0.99,mountaincar,dense
7,5309,-200.0,200,8.198871612548828,-1.0,2.113878053933149e-06,0.0,DQN_RND,0.001,0.99,mountaincar,dense
7,5310,-200.0,200,12.877480506896973,-1.0,2.04923912860977e-06,0.0,DQN_RND,0.001,0.99,mountaincar,dense
7,5311,-200.0,200,16.079113006591797,-1.0,4.6565754018956795e-05,0.0,DQN_RND,0.001,0.99,mountaincar,dense
7,5312,-200.0,200,26.984724044799805,-1.0,3.558790012903046e-06,0.0,DQN_RND,0.001,0.99,mountaincar,dense
7,5313,-200.0,200,13.540990829467773,-1.0,4.694267772720195e-06,0.0,DQN_RND,0.001,0.99,mountaincar,dense
7,5314,-200.0,200,19.0496768951416,-1.0,1.0755131370387971e-05,0.0,DQN_RND,0.001,0.99,mountaincar,dense
7,5315,-200.0,200,21.447357177734375,-1.0,1.3377984032558743e-05,0.0,DQN_RND,0.001,0.99,mountaincar,dense
7,5316,-200.0,200,13.527289390563965,-1.0,2.2981525944487657e-06,0.0,DQN_RND,0.001,0.99,mountaincar,dense
7,5317,-200.0,200,26.668010711669922,-1.0,3.7498623441933887e-06,0.0,DQN_RND,0.001,0.99,mountaincar,dense
7,5318,-200.0,200,16.10902976989746,-1.0,6.019017382641323e-05,0.0,DQN_RND,0.001,0.99,mountaincar,dense
7,5319,-200.0,200,5.461338043212891,-1.0,1.6222336398641346e-06,0.0,DQN_RND,0.001,0.99,mountaincar,dense
7,5320,-200.0,200,13.738903045654297,-1.0,1.591493401065236e-06,0.0,DQN_RND,0.001,0.99,mountaincar,dense
7,5321,-200.0,200,5.15433406829834,-1.0,4.597697261488065e-05,0.0,DQN_RND,0.001,0.99,mountaincar,dense
7,5322,-200.0,200,10.906911849975586,-1.0,2.1774339984403923e-05,0.0,DQN_RND,0.001,0.99,mountaincar,dense
7,5323,-200.0,200,10.735857009887695,-1.0,8.801451258477755e-06,0.0,DQN_RND,0.001,0.99,mountaincar,dense
7,5324,-200.0,200,24.297405242919922,-1.0,4.087707566213794e-05,0.0,DQN_RND,0.001,0.99,mountaincar,dense
7,5325,-200.0,200,8.201003074645996,-1.0,1.950033038156107e-05,0.0,DQN_RND,0.001,0.99,mountaincar,dense
7,5326,-200.0,200,24.82221221923828,-1.0,6.234906322788447e-05,0.0,DQN_RND,0.001,0.99,mountaincar,dense
7,5327,-200.0,200,11.056971549987793,-1.0,3.7503450585063547e-06,0.0,DQN_RND,0.001,0.99,mountaincar,dense
7,5328,-200.0,200,0.023242760449647903,-1.0,4.548608194454573e-05,0.0,DQN_RND,0.001,0.99,mountaincar,dense
7,5329,-200.0,200,16.824623107910156,-1.0,3.5717552236747e-05,0.0,DQN_RND,0.001,0.99,mountaincar,dense
7,5330,-200.0,200,13.889485359191895,-1.0,2.7478366973809898e-05,0.0,DQN_RND,0.001,0.99,mountaincar,dense
7,5331,-200.0,200,19.18929672241211,-1.0,6.671258233836852e-06,0.0,DQN_RND,0.001,0.99,mountaincar,dense
7,5332,-200.0,200,13.734919548034668,-1.0,9.461279842071235e-05,0.0,DQN_RND,0.001,0.99,mountaincar,dense
7,5333,-200.0,200,16.709381103515625,-1.0,8.909210009733215e-05,0.0,DQN_RND,0.001,0.99,mountaincar,dense
7,5334,-200.0,200,11.21316146850586,-1.0,1.9572669771150686e-05,0.0,DQN_RND,0.001,0.99,mountaincar,dense
7,5335,-200.0,200,11.312159538269043,-1.0,1.888637780211866e-05,0.0,DQN_RND,0.001,0.99,mountaincar,dense
7,5336,-200.0,200,17.029407501220703,-1.0,7.287100015673786e-05,0.0,DQN_RND,0.001,0.99,mountaincar,dense
7,5337,-200.0,200,11.25924015045166,-1.0,5.705124749511015e-06,0.0,DQN_RND,0.001,0.99,mountaincar,dense
7,5338,-200.0,200,22.206369400024414,-1.0,8.919977699406445e-05,0.0,DQN_RND,0.001,0.99,mountaincar,dense
7,5339,-200.0,200,5.510436058044434,-1.0,5.5187087127706036e-05,0.0,DQN_RND,0.001,0.99,mountaincar,dense
7,5340,-200.0,200,16.823348999023438,-1.0,5.709147808374837e-05,0.0,DQN_RND,0.001,0.99,mountaincar,dense
7,5341,-200.0,200,22.34283447265625,-1.0,8.225163037423044e-05,0.0,DQN_RND,0.001,0.99,mountaincar,dense
7,5342,-200.0,200,25.312129974365234,-1.0,6.91277818987146e-05,0.0,DQN_RND,0.001,0.99,mountaincar,dense
7,5343,-200.0,200,22.726581573486328,-1.0,7.053597801132128e-05,0.0,DQN_RND,0.001,0.99,mountaincar,dense
7,5344,-200.0,200,13.86748218536377,-1.0,2.6148212782572955e-05,0.0,DQN_RND,0.001,0.99,mountaincar,dense
7,5345,-200.0,200,8.196964263916016,-1.0,3.260100129409693e-06,0.0,DQN_RND,0.001,0.99,mountaincar,dense
7,5346,-200.0,200,14.055052757263184,-1.0,7.510506111430004e-05,0.0,DQN_RND,0.001,0.99,mountaincar,dense
7,5347,-200.0,200,14.124055862426758,-1.0,2.1781497707706876e-06,0.0,DQN_RND,0.001,0.99,mountaincar,dense
7,5348,-200.0,200,17.09771728515625,-1.0,2.2724772861693054e-05,0.0,DQN_RND,0.001,0.99,mountaincar,dense
7,5349,-200.0,200,5.644439697265625,-1.0,5.320172931533307e-06,0.0,DQN_RND,0.001,0.99,mountaincar,dense
7,5350,-200.0,200,19.158878326416016,-1.0,2.2270501176535618e-06,0.0,DQN_RND,0.001,0.99,mountaincar,dense
7,5351,-200.0,200,22.093706130981445,-1.0,2.73783352895407e-05,0.0,DQN_RND,0.001,0.99,mountaincar,dense
7,5352,-200.0,200,10.779728889465332,-1.0,3.848737833322957e-05,0.0,DQN_RND,0.001,0.99,mountaincar,dense
7,5353,-200.0,200,5.524550437927246,-1.0,6.131071131676435e-05,0.0,DQN_RND,0.001,0.99,mountaincar,dense
7,5354,-200.0,200,11.078398704528809,-1.0,3.778793598030461e-06,0.0,DQN_RND,0.001,0.99,mountaincar,dense
7,5355,-200.0,200,21.960521697998047,-1.0,2.8743301299982704e-05,0.0,DQN_RND,0.001,0.99,mountaincar,dense
7,5356,-200.0,200,13.445672035217285,-1.0,2.2981976144365035e-05,0.0,DQN_RND,0.001,0.99,mountaincar,dense
7,5357,-200.0,200,15.857200622558594,-1.0,3.293595727882348e-05,0.0,DQN_RND,0.001,0.99,mountaincar,dense
7,5358,-200.0,200,26.496652603149414,-1.0,1.986667666642461e-05,0.0,DQN_RND,0.001,0.99,mountaincar,dense
7,5359,-200.0,200,13.275684356689453,-1.0,1.505742261542764e-06,0.0,DQN_RND,0.001,0.99,mountaincar,dense
7,5360,-200.0,200,12.708501815795898,-1.0,2.859051619452657e-06,0.0,DQN_RND,0.001,0.99,mountaincar,dense
7,5361,-200.0,200,16.138124465942383,-1.0,9.715774649521336e-05,0.0,DQN_RND,0.001,0.99,mountaincar,dense
7,5362,-200.0,200,10.799992561340332,-1.0,6.400257552741095e-05,0.0,DQN_RND,0.001,0.99,mountaincar,dense
7,5363,-200.0,200,13.463303565979004,-1.0,2.0950524231011514e-06,0.0,DQN_RND,0.001,0.99,mountaincar,dense
7,5364,-200.0,200,18.896533966064453,-1.0,6.496884452644736e-05,0.0,DQN_RND,0.001,0.99,mountaincar,dense
7,5365,-200.0,200,8.130703926086426,-1.0,5.825484186061658e-05,0.0,DQN_RND,0.001,0.99,mountaincar,dense
7,5366,-200.0,200,18.872140884399414,-1.0,2.6546138542471454e-05,0.0,DQN_RND,0.001,0.99,mountaincar,dense
7,5367,-200.0,200,16.210927963256836,-1.0,2.4032107830862515e-05,0.0,DQN_RND,0.001,0.99,mountaincar,dense
7,5368,-200.0,200,16.041471481323242,-1.0,4.218071262584999e-05,0.0,DQN_RND,0.001,0.99,mountaincar,dense
7,5369,-200.0,200,16.097152709960938,-1.0,5.5315631470875815e-05,0.0,DQN_RND,0.001,0.99,mountaincar,dense
7,5370,-200.0,200,16.004911422729492,-1.0,4.36072923548636e-06,0.0,DQN_RND,0.001,0.99,mountaincar,dense
7,5371,-200.0,200,32.7756233215332,-1.0,0.00011109292245237157,0.0,DQN_RND,0.001,0.99,mountaincar,dense
7,5372,-200.0,200,19.120208740234375,-1.0,3.361442213645205e-05,0.0,DQN_RND,0.001,0.99,mountaincar,dense
7,5373,-200.0,200,13.830382347106934,-1.0,8.762764628045261e-05,0.0,DQN_RND,0.001,0.99,mountaincar,dense
7,5374,-200.0,200,22.15714454650879,-1.0,2.5419460143893957e-05,0.0,DQN_RND,0.001,0.99,mountaincar,dense
7,5375,-200.0,200,16.685014724731445,-1.0,2.036424575635465e-06,0.0,DQN_RND,0.001,0.99,mountaincar,dense
7,5376,-200.0,200,8.352518081665039,-1.0,3.5718330764211714e-05,0.0,DQN_RND,0.001,0.99,mountaincar,dense
7,5377,-200.0,200,11.009437561035156,-1.0,4.3252657633274794e-05,0.0,DQN_RND,0.001,0.99,mountaincar,dense
7,5378,-200.0,200,24.575464248657227,-1.0,4.3684052798198536e-05,0.0,DQN_RND,0.001,0.99,mountaincar,dense
7,5379,-200.0,200,16.770265579223633,-1.0,3.34961005137302e-05,0.0,DQN_RND,0.001,0.99,mountaincar,dense
7,5380,-200.0,200,13.909643173217773,-1.0,2.7543925170903094e-05,0.0,DQN_RND,0.001,0.99,mountaincar,dense
7,5381,-200.0,200,8.665526390075684,-1.0,5.427974974736571e-05,0.0,DQN_RND,0.001,0.99,mountaincar,dense
7,5382,-200.0,200,14.088116645812988,-1.0,1.1885040294146165e-05,0.0,DQN_RND,0.001,0.99,mountaincar,dense
7,5383,-200.0,200,16.86554718017578,-1.0,1.7511900296085514e-05,0.0,DQN_RND,0.001,0.99,mountaincar,dense
7,5384,-200.0,200,13.944113731384277,-1.0,2.936398595920764e-05,0.0,DQN_RND,0.001,0.99,mountaincar,dense
7,5385,-200.0,200,19.253231048583984,-1.0,4.275719402357936e-05,0.0,DQN_RND,0.001,0.99,mountaincar,dense
7,5386,-200.0,200,10.903017044067383,-1.0,2.825171122822212e-06,0.0,DQN_RND,0.001,0.99,mountaincar,dense
7,5387,-200.0,200,27.6418399810791,-1.0,0.00012071560195181519,0.0,DQN_RND,0.001,0.99,mountaincar,dense
7,5388,-200.0,200,10.868481636047363,-1.0,1.7891676407089108e-06,0.0,DQN_RND,0.001,0.99,mountaincar,dense
7,5389,-200.0,200,24.444175720214844,-1.0,3.11966232402483e-06,0.0,DQN_RND,0.001,0.99,mountaincar,dense
7,5390,-200.0,200,13.6880464553833,-1.0,4.2665731598390266e-05,0.0,DQN_RND,0.001,0.99,mountaincar,dense
7,5391,-200.0,200,21.963857650756836,-1.0,6.540500180562958e-05,0.0,DQN_RND,0.001,0.99,mountaincar,dense
7,5392,-200.0,200,8.36855697631836,-1.0,4.2857871449086815e-05,0.0,DQN_RND,0.001,0.99,mountaincar,dense
7,5393,-200.0,200,5.456707954406738,-1.0,4.174934929324081e-06,0.0,DQN_RND,0.001,0.99,mountaincar,dense
7,5394,-200.0,200,13.94943618774414,-1.0,3.6752473988599377e-06,0.0,DQN_RND,0.001,0.99,mountaincar,dense
7,5395,-200.0,200,27.153345108032227,-1.0,1.098580196412513e-05,0.0,DQN_RND,0.001,0.99,mountaincar,dense
7,5396,-200.0,200,8.187270164489746,-1.0,2.9903771064709872e-05,0.0,DQN_RND,0.001,0.99,mountaincar,dense
7,5397,-200.0,200,16.308284759521484,-1.0,5.479942410602234e-05,0.0,DQN_RND,0.001,0.99,mountaincar,dense
7,5398,-200.0,200,5.680735111236572,-1.0,0.00013142505486030132,0.0,DQN_RND,0.001,0.99,mountaincar,dense
7,5399,-200.0,200,14.172527313232422,-1.0,1.472495569032617e-06,0.0,DQN_RND,0.001,0.99,mountaincar,dense
7,5400,-200.0,200,19.709331512451172,-1.0,2.4702909286133945e-05,0.0,DQN_RND,0.001,0.99,mountaincar,dense
7,5401,-200.0,200,14.16584300994873,-1.0,4.364204505691305e-05,0.0,DQN_RND,0.001,0.99,mountaincar,dense
7,5402,-200.0,200,16.617097854614258,-1.0,4.4413354771677405e-06,0.0,DQN_RND,0.001,0.99,mountaincar,dense
7,5403,-200.0,200,28.33196258544922,-1.0,5.6376280554104596e-05,0.0,DQN_RND,0.001,0.99,mountaincar,dense
7,5404,-200.0,200,11.382926940917969,-1.0,2.690529072424397e-06,0.0,DQN_RND,0.001,0.99,mountaincar,dense
7,5405,-200.0,200,20.016315460205078,-1.0,5.729971235268749e-05,0.0,DQN_RND,0.001,0.99,mountaincar,dense
7,5406,-200.0,200,8.627694129943848,-1.0,2.003832378250081e-06,0.0,DQN_RND,0.001,0.99,mountaincar,dense
7,5407,-200.0,200,33.6955451965332,-1.0,2.256109110021498e-05,0.0,DQN_RND,0.001,0.99,mountaincar,dense
7,5408,-200.0,200,14.291177749633789,-1.0,0.00013415598368737847,0.0,DQN_RND,0.001,0.99,mountaincar,dense
7,5409,-200.0,200,14.157787322998047,-1.0,3.0101913580438122e-05,0.0,DQN_RND,0.001,0.99,mountaincar,dense
7,5410,-200.0,200,8.543790817260742,-1.0,5.8115547290071845e-05,0.0,DQN_RND,0.001,0.99,mountaincar,dense
7,5411,-200.0,200,8.185693740844727,-1.0,3.551668214640813e-06,0.0,DQN_RND,0.001,0.99,mountaincar,dense
7,5412,-200.0,200,8.324216842651367,-1.0,3.709007432917133e-05,0.0,DQN_RND,0.001,0.99,mountaincar,dense
7,5413,-200.0,200,27.2189884185791,-1.0,3.231990149288322e-06,0.0,DQN_RND,0.001,0.99,mountaincar,dense
7,5414,-200.0,200,7.786583423614502,-1.0,7.316822302527726e-05,0.0,DQN_RND,0.001,0.99,mountaincar,dense
7,5415,-200.0,200,20.674015045166016,-1.0,7.976418419275433e-05,0.0,DQN_RND,0.001,0.99,mountaincar,dense
7,5416,-200.0,200,15.199468612670898,-1.0,1.511968889644777e-06,0.0,DQN_RND,0.001,0.99,mountaincar,dense
7,5417,-200.0,200,12.208359718322754,-1.0,1.660675252423971e-06,0.0,DQN_RND,0.001,0.99,mountaincar,dense
7,5418,-200.0,200,17.655372619628906,-1.0,6.66635824018158e-05,0.0,DQN_RND,0.001,0.99,mountaincar,dense
7,5419,-200.0,200,15.158587455749512,-1.0,5.436762876342982e-06,0.0,DQN_RND,0.001,0.99,mountaincar,dense
7,5420,-200.0,200,12.408332824707031,-1.0,3.3542119126650505e-06,0.0,DQN_RND,0.001,0.99,mountaincar,dense
7,5421,-200.0,200,20.078298568725586,-1.0,1.4917497992428252e-06,0.0,DQN_RND,0.001,0.99,mountaincar,dense
7,5422,-200.0,200,15.344545364379883,-1.0,2.0572344510583207e-05,0.0,DQN_RND,0.001,0.99,mountaincar,dense
7,5423,-200.0,200,12.464600563049316,-1.0,3.737525548785925e-05,0.0,DQN_RND,0.001,0.99,mountaincar,dense
7,5424,-200.0,200,7.799360752105713,-1.0,6.351071988319745e-06,0.0,DQN_RND,0.001,0.99,mountaincar,dense
7,5425,-200.0,200,12.568434715270996,-1.0,2.4809738533804193e-05,0.0,DQN_RND,0.001,0.99,mountaincar,dense
7,5426,-200.0,200,13.007481575012207,-1.0,4.948323839926161e-05,0.0,DQN_RND,0.001,0.99,mountaincar,dense
7,5427,-200.0,200,18.026090621948242,-1.0,5.210422023083083e-05,0.0,DQN_RND,0.001,0.99,mountaincar,dense
7,5428,-200.0,200,18.26749610900879,-1.0,6.712931644869968e-05,0.0,DQN_RND,0.001,0.99,mountaincar,dense
7,5429,-200.0,200,15.893942832946777,-1.0,4.142705802223645e-05,0.0,DQN_RND,0.001,0.99,mountaincar,dense
7,5430,-200.0,200,13.05872917175293,-1.0,2.7221927666687407e-05,0.0,DQN_RND,0.001,0.99,mountaincar,dense
7,5431,-200.0,200,7.739078521728516,-1.0,4.286132752895355e-05,0.0,DQN_RND,0.001,0.99,mountaincar,dense
7,5432,-200.0,200,7.896183490753174,-1.0,5.039170719101094e-05,0.0,DQN_RND,0.001,0.99,mountaincar,dense
7,5433,-200.0,200,13.261489868164062,-1.0,2.64573645836208e-05,0.0,DQN_RND,0.001,0.99,mountaincar,dense
7,5434,-200.0,200,13.34008502960205,-1.0,3.2348791137337685e-05,0.0,DQN_RND,0.001,0.99,mountaincar,dense
7,5435,-200.0,200,16.057153701782227,-1.0,1.6906666360227973e-06,0.0,DQN_RND,0.001,0.99,mountaincar,dense
7,5436,-200.0,200,5.431937217712402,-1.0,4.249241555953631e-06,0.0,DQN_RND,0.001,0.99,mountaincar,dense
7,5437,-200.0,200,16.01560401916504,-1.0,1.7355864656565245e-06,0.0,DQN_RND,0.001,0.99,mountaincar,dense
7,5438,-200.0,200,5.303284168243408,-1.0,4.733526657219045e-05,0.0,DQN_RND,0.001,0.99,mountaincar,dense
7,5439,-200.0,200,5.3484110832214355,-1.0,6.029345604474656e-05,0.0,DQN_RND,0.001,0.99,mountaincar,dense
7,5440,-200.0,200,18.856983184814453,-1.0,2.6564890504232608e-05,0.0,DQN_RND,0.001,0.99,mountaincar,dense
7,5441,-200.0,200,13.384895324707031,-1.0,2.635118471516762e-05,0.0,DQN_RND,0.001,0.99,mountaincar,dense
7,5442,-200.0,200,10.967306137084961,-1.0,0.00012612702266778797,0.0,DQN_RND,0.001,0.99,mountaincar,dense
7,5443,-200.0,200,10.756714820861816,-1.0,6.707819557050243e-05,0.0,DQN_RND,0.001,0.99,mountaincar,dense
7,5444,-200.0,200,13.484240531921387,-1.0,5.820989463245496e-05,0.0,DQN_RND,0.001,0.99,mountaincar,dense
7,5445,-200.0,200,16.726654052734375,-1.0,9.731190220918506e-05,0.0,DQN_RND,0.001,0.99,mountaincar,dense
7,5446,-200.0,200,11.1732177734375,-1.0,1.4299808981377282e-06,0.0,DQN_RND,0.001,0.99,mountaincar,dense
7,5447,-200.0,200,10.990361213684082,-1.0,5.701596091967076e-05,0.0,DQN_RND,0.001,0.99,mountaincar,dense
7,5448,-200.0,200,13.871949195861816,-1.0,5.9062753280159086e-05,0.0,DQN_RND,0.001,0.99,mountaincar,dense
7,5449,-200.0,200,16.388935089111328,-1.0,6.188255792949349e-05,0.0,DQN_RND,0.001,0.99,mountaincar,dense
7,5450,-200.0,200,21.61882209777832,-1.0,5.4094140068627894e-05,0.0,DQN_RND,0.001,0.99,mountaincar,dense
7,5451,-200.0,200,11.096282005310059,-1.0,6.438160198740661e-05,0.0,DQN_RND,0.001,0.99,mountaincar,dense
7,5452,-200.0,200,13.696097373962402,-1.0,4.699299097410403e-05,0.0,DQN_RND,0.001,0.99,mountaincar,dense
7,5453,-200.0,200,5.557295322418213,-1.0,5.688844248652458e-05,0.0,DQN_RND,0.001,0.99,mountaincar,dense
7,5454,-200.0,200,14.12674331665039,-1.0,0.00011537756654433906,0.0,DQN_RND,0.001,0.99,mountaincar,dense
7,5455,-200.0,200,17.13665008544922,-1.0,0.000117297655378934,0.0,DQN_RND,0.001,0.99,mountaincar,dense
7,5456,-200.0,200,16.731700897216797,-1.0,3.6381859445100417e-06,0.0,DQN_RND,0.001,0.99,mountaincar,dense
7,5457,-200.0,200,5.715090751647949,-1.0,1.2679181054409128e-05,0.0,DQN_RND,0.001,0.99,mountaincar,dense
7,5458,-200.0,200,11.307616233825684,-1.0,2.612400749057997e-05,0.0,DQN_RND,0.001,0.99,mountaincar,dense
7,5459,-200.0,200,5.756846904754639,-1.0,3.640258000814356e-05,0.0,DQN_RND,0.001,0.99,mountaincar,dense
7,5460,-200.0,200,14.250208854675293,-1.0,3.2273903798341053e-06,0.0,DQN_RND,0.001,0.99,mountaincar,dense
7,5461,-200.0,200,8.642289161682129,-1.0,3.217929588572588e-06,0.0,DQN_RND,0.001,0.99,mountaincar,dense
7,5462,-200.0,200,14.154407501220703,-1.0,3.06451584037859e-05,0.0,DQN_RND,0.001,0.99,mountaincar,dense
7,5463,-200.0,200,14.451127052307129,-1.0,0.00011105145676992834,0.0,DQN_RND,0.001,0.99,mountaincar,dense
7,5464,-200.0,200,11.476683616638184,-1.0,6.730130553478375e-05,0.0,DQN_RND,0.001,0.99,mountaincar,dense
7,5465,-200.0,200,19.95069122314453,-1.0,2.482888703525532e-05,0.0,DQN_RND,0.001,0.99,mountaincar,dense
7,5466,-200.0,200,8.439960479736328,-1.0,3.623450538725592e-05,0.0,DQN_RND,0.001,0.99,mountaincar,dense
7,5467,-200.0,200,8.661175727844238,-1.0,2.09921727218898e-05,0.0,DQN_RND,0.001,0.99,mountaincar,dense
7,5468,-200.0,200,14.275450706481934,-1.0,2.946087988675572e-05,0.0,DQN_RND,0.001,0.99,mountaincar,dense
7,5469,-200.0,200,11.205238342285156,-1.0,1.2591206541401334e-05,0.0,DQN_RND,0.001,0.99,mountaincar,dense
7,5470,-200.0,200,14.106511116027832,-1.0,3.2470416044816375e-06,0.0,DQN_RND,0.001,0.99,mountaincar,dense
7,5471,-200.0,200,11.167963027954102,-1.0,4.2905507143586874e-05,0.0,DQN_RND,0.001,0.99,mountaincar,dense
7,5472,-200.0,200,11.259710311889648,-1.0,5.8550096582621336e-05,0.0,DQN_RND,0.001,0.99,mountaincar,dense
7,5473,-200.0,200,14.018020629882812,-1.0,5.6606237194500864e-05,0.0,DQN_RND,0.001,0.99,mountaincar,dense
7,5474,-200.0,200,19.33631706237793,-1.0,2.010348907788284e-05,0.0,DQN_RND,0.001,0.99,mountaincar,dense
7,5475,-200.0,200,22.172866821289062,-1.0,5.672697807312943e-05,0.0,DQN_RND,0.001,0.99,mountaincar,dense
7,5476,-200.0,200,13.522965431213379,-1.0,1.4809663753112545e-06,0.0,DQN_RND,0.001,0.99,mountaincar,dense
7,5477,-200.0,200,13.50792121887207,-1.0,5.432856050902046e-05,0.0,DQN_RND,0.001,0.99,mountaincar,dense
7,5478,-200.0,200,24.179302215576172,-1.0,3.572313516997383e-06,0.0,DQN_RND,0.001,0.99,mountaincar,dense
7,5479,-200.0,200,8.252559661865234,-1.0,1.6337536408173037e-06,0.0,DQN_RND,0.001,0.99,mountaincar,dense
7,5480,-200.0,200,19.042402267456055,-1.0,1.4181982805894222e-05,0.0,DQN_RND,0.001,0.99,mountaincar,dense
7,5481,-200.0,200,27.311498641967773,-1.0,2.325837704120204e-05,0.0,DQN_RND,0.001,0.99,mountaincar,dense
7,5482,-200.0,200,13.799070358276367,-1.0,2.0662148017436266e-05,0.0,DQN_RND,0.001,0.99,mountaincar,dense
7,5483,-200.0,200,14.033734321594238,-1.0,0.00011107741011073813,0.0,DQN_RND,0.001,0.99,mountaincar,dense
7,5484,-200.0,200,11.374905586242676,-1.0,2.7906075956707355e-06,0.0,DQN_RND,0.001,0.99,mountaincar,dense
7,5485,-200.0,200,16.74618148803711,-1.0,5.413382950791856e-06,0.0,DQN_RND,0.001,0.99,mountaincar,dense
7,5486,-200.0,200,14.128676414489746,-1.0,5.052781489212066e-05,0.0,DQN_RND,0.001,0.99,mountaincar,dense
7,5487,-200.0,200,22.37696647644043,-1.0,2.2717755200574175e-05,0.0,DQN_RND,0.001,0.99,mountaincar,dense
7,5488,-200.0,200,19.762069702148438,-1.0,3.2985067264235113e-06,0.0,DQN_RND,0.001,0.99,mountaincar,dense
7,5489,-200.0,200,17.068286895751953,-1.0,4.289909611543408e-06,0.0,DQN_RND,0.001,0.99,mountaincar,dense
7,5490,-200.0,200,16.74459457397461,-1.0,5.094201242172858e-06,0.0,DQN_RND,0.001,0.99,mountaincar,dense
7,5491,-200.0,200,8.497432708740234,-1.0,6.906546332174912e-05,0.0,DQN_RND,0.001,0.99,mountaincar,dense
7,5492,-200.0,200,14.153379440307617,-1.0,9.428919292986393e-05,0.0,DQN_RND,0.001,0.99,mountaincar,dense
7,5493,-200.0,200,14.308342933654785,-1.0,6.213621236383915e-05,0.0,DQN_RND,0.001,0.99,mountaincar,dense
7,5494,-200.0,200,20.042940139770508,-1.0,8.659910236019641e-05,0.0,DQN_RND,0.001,0.99,mountaincar,dense
7,5495,-200.0,200,20.036685943603516,-1.0,7.624667887284886e-06,0.0,DQN_RND,0.001,0.99,mountaincar,dense
7,5496,-200.0,200,34.17741775512695,-1.0,5.401198723120615e-05,0.0,DQN_RND,0.001,0.99,mountaincar,dense
7,5497,-200.0,200,17.280529022216797,-1.0,2.0592298824340105e-05,0.0,DQN_RND,0.001,0.99,mountaincar,dense
7,5498,-200.0,200,14.477483749389648,-1.0,2.2647012883680873e-05,0.0,DQN_RND,0.001,0.99,mountaincar,dense
7,5499,-200.0,200,11.314751625061035,-1.0,4.199559953121934e-06,0.0,DQN_RND,0.001,0.99,mountaincar,dense
7,5500,-200.0,200,11.47540283203125,-1.0,6.420454883482307e-05,0.0,DQN_RND,0.001,0.99,mountaincar,dense
7,5501,-200.0,200,11.457497596740723,-1.0,8.019925007829443e-05,0.0,DQN_RND,0.001,0.99,mountaincar,dense
7,5502,-200.0,200,11.3212251663208,-1.0,2.169193066947628e-06,0.0,DQN_RND,0.001,0.99,mountaincar,dense
7,5503,-200.0,200,17.09066390991211,-1.0,2.8995516913710162e-05,0.0,DQN_RND,0.001,0.99,mountaincar,dense
7,5504,-200.0,200,11.718740463256836,-1.0,8.130307833198458e-05,0.0,DQN_RND,0.001,0.99,mountaincar,dense
7,5505,-200.0,200,8.722578048706055,-1.0,1.7383370050083613e-06,0.0,DQN_RND,0.001,0.99,mountaincar,dense
7,5506,-200.0,200,26.33544921875,-1.0,3.0223341127566528e-06,0.0,DQN_RND,0.001,0.99,mountaincar,dense
7,5507,-200.0,200,17.45145606994629,-1.0,1.8684256701817503e-06,0.0,DQN_RND,0.001,0.99,mountaincar,dense
7,5508,-200.0,200,11.412174224853516,-1.0,2.088891233142931e-05,0.0,DQN_RND,0.001,0.99,mountaincar,dense
7,5509,-200.0,200,22.839319229125977,-1.0,5.348469130694866e-05,0.0,DQN_RND,0.001,0.99,mountaincar,dense
7,5510,-200.0,200,8.48598575592041,-1.0,8.701930346433073e-05,0.0,DQN_RND,0.001,0.99,mountaincar,dense
7,5511,-200.0,200,29.02975845336914,-1.0,0.00012241172953508794,0.0,DQN_RND,0.001,0.99,mountaincar,dense
7,5512,-200.0,200,11.58415699005127,-1.0,1.4529903182847193e-06,0.0,DQN_RND,0.001,0.99,mountaincar,dense
7,5513,-200.0,200,8.791985511779785,-1.0,2.2128690034151077e-05,0.0,DQN_RND,0.001,0.99,mountaincar,dense
7,5514,-200.0,200,8.869990348815918,-1.0,2.7050720746046863e-05,0.0,DQN_RND,0.001,0.99,mountaincar,dense
7,5515,-200.0,200,11.466879844665527,-1.0,2.2036654627299868e-05,0.0,DQN_RND,0.001,0.99,mountaincar,dense
7,5516,-200.0,200,14.178973197937012,-1.0,2.663296618266031e-05,0.0,DQN_RND,0.001,0.99,mountaincar,dense
7,5517,-200.0,200,8.775903701782227,-1.0,0.00011090045882156119,0.0,DQN_RND,0.001,0.99,mountaincar,dense
7,5518,-200.0,200,11.91785717010498,-1.0,0.00013141705130692571,0.0,DQN_RND,0.001,0.99,mountaincar,dense
7,5519,-200.0,200,17.792198181152344,-1.0,3.297865305285086e-06,0.0,DQN_RND,0.001,0.99,mountaincar,dense
7,5520,-200.0,200,14.948674201965332,-1.0,4.2602212488418445e-05,0.0,DQN_RND,0.001,0.99,mountaincar,dense
7,5521,-200.0,200,17.706363677978516,-1.0,1.6770715092206956e-06,0.0,DQN_RND,0.001,0.99,mountaincar,dense
7,5522,-200.0,200,5.913349151611328,-1.0,3.9392376493196934e-05,0.0,DQN_RND,0.001,0.99,mountaincar,dense
7,5523,-200.0,200,14.997650146484375,-1.0,2.2403122784453444e-05,0.0,DQN_RND,0.001,0.99,mountaincar,dense
7,5524,-200.0,200,11.966219902038574,-1.0,2.0679949557234067e-06,0.0,DQN_RND,0.001,0.99,mountaincar,dense
7,5525,-200.0,200,11.802630424499512,-1.0,2.0222721559548518e-06,0.0,DQN_RND,0.001,0.99,mountaincar,dense
7,5526,-200.0,200,17.95139503479004,-1.0,4.629193790606223e-05,0.0,DQN_RND,0.001,0.99,mountaincar,dense
7,5527,-200.0,200,3.116065502166748,-1.0,3.461424057604745e-05,0.0,DQN_RND,0.001,0.99,mountaincar,dense
7,5528,-200.0,200,15.218059539794922,-1.0,1.8838469486581744e-06,0.0,DQN_RND,0.001,0.99,mountaincar,dense
7,5529,-200.0,200,5.891856670379639,-1.0,1.0038444088422693e-05,0.0,DQN_RND,0.001,0.99,mountaincar,dense
7,5530,-200.0,200,11.96579360961914,-1.0,5.212867836235091e-05,0.0,DQN_RND,0.001,0.99,mountaincar,dense
7,5531,-200.0,200,9.28003215789795,-1.0,6.32152587058954e-05,0.0,DQN_RND,0.001,0.99,mountaincar,dense
7,5532,-200.0,200,3.0161221027374268,-1.0,1.062038882082561e-05,0.0,DQN_RND,0.001,0.99,mountaincar,dense
7,5533,-200.0,200,15.032954216003418,-1.0,1.4400474128706264e-06,0.0,DQN_RND,0.001,0.99,mountaincar,dense
7,5534,-200.0,200,15.095330238342285,-1.0,4.747634648083476e-06,0.0,DQN_RND,0.001,0.99,mountaincar,dense
7,5535,-200.0,200,18.19688606262207,-1.0,2.592664532130584e-05,0.0,DQN_RND,0.001,0.99,mountaincar,dense
7,5536,-200.0,200,12.345968246459961,-1.0,2.0496738216024823e-05,0.0,DQN_RND,0.001,0.99,mountaincar,dense
7,5537,-200.0,200,12.351448059082031,-1.0,3.766506415558979e-05,0.0,DQN_RND,0.001,0.99,mountaincar,dense
7,5538,-200.0,200,24.634899139404297,-1.0,1.8368243672739482e-06,0.0,DQN_RND,0.001,0.99,mountaincar,dense
7,5539,-200.0,200,9.270112991333008,-1.0,5.100239377497928e-06,0.0,DQN_RND,0.001,0.99,mountaincar,dense
7,5540,-200.0,200,21.634483337402344,-1.0,4.0017224819166586e-05,0.0,DQN_RND,0.001,0.99,mountaincar,dense
7,5541,-200.0,200,15.669866561889648,-1.0,7.621983968419954e-06,0.0,DQN_RND,0.001,0.99,mountaincar,dense
7,5542,-200.0,200,18.64097023010254,-1.0,5.6810335991031025e-06,0.0,DQN_RND,0.001,0.99,mountaincar,dense
7,5543,-200.0,200,15.52392578125,-1.0,2.834348924807273e-05,0.0,DQN_RND,0.001,0.99,mountaincar,dense
7,5544,-200.0,200,15.321870803833008,-1.0,3.302401091787033e-05,0.0,DQN_RND,0.001,0.99,mountaincar,dense
7,5545,-200.0,200,15.50482177734375,-1.0,2.5593828468117863e-05,0.0,DQN_RND,0.001,0.99,mountaincar,dense
7,5546,-200.0,200,9.260117530822754,-1.0,2.9957441256556194e-06,0.0,DQN_RND,0.001,0.99,mountaincar,dense
7,5547,-200.0,200,15.423182487487793,-1.0,2.381564991082996e-05,0.0,DQN_RND,0.001,0.99,mountaincar,dense
7,5548,-200.0,200,30.413249969482422,-1.0,2.1188752725720406e-06,0.0,DQN_RND,0.001,0.99,mountaincar,dense
7,5549,-200.0,200,9.3663330078125,-1.0,6.010199285810813e-05,0.0,DQN_RND,0.001,0.99,mountaincar,dense
7,5550,-200.0,200,12.632352828979492,-1.0,8.98722282727249e-05,0.0,DQN_RND,0.001,0.99,mountaincar,dense
7,5551,-200.0,200,15.89263916015625,-1.0,9.396453970111907e-05,0.0,DQN_RND,0.001,0.99,mountaincar,dense
7,5552,-200.0,200,12.448602676391602,-1.0,2.4009448679862544e-05,0.0,DQN_RND,0.001,0.99,mountaincar,dense
7,5553,-200.0,200,18.801584243774414,-1.0,6.839889101684093e-05,0.0,DQN_RND,0.001,0.99,mountaincar,dense
7,5554,-200.0,200,12.75595760345459,-1.0,5.925911318627186e-05,0.0,DQN_RND,0.001,0.99,mountaincar,dense
7,5555,-200.0,200,28.53765106201172,-1.0,5.2016668632859364e-05,0.0,DQN_RND,0.001,0.99,mountaincar,dense
7,5556,-200.0,200,12.803435325622559,-1.0,4.0187973354477435e-05,0.0,DQN_RND,0.001,0.99,mountaincar,dense
7,5557,-200.0,200,9.500601768493652,-1.0,2.762972144410014e-06,0.0,DQN_RND,0.001,0.99,mountaincar,dense
7,5558,-200.0,200,12.616156578063965,-1.0,0.00012911226076539606,0.0,DQN_RND,0.001,0.99,mountaincar,dense
7,5559,-200.0,200,25.709959030151367,-1.0,7.487811672035605e-05,0.0,DQN_RND,0.001,0.99,mountaincar,dense
7,5560,-200.0,200,12.8583345413208,-1.0,3.895661848218879e-06,0.0,DQN_RND,0.001,0.99,mountaincar,dense
7,5561,-200.0,200,6.393784046173096,-1.0,5.821070317324484e-06,0.0,DQN_RND,0.001,0.99,mountaincar,dense
7,5562,-200.0,200,9.562507629394531,-1.0,8.685897228133399e-06,0.0,DQN_RND,0.001,0.99,mountaincar,dense
7,5563,-200.0,200,12.657174110412598,-1.0,1.348495402453409e-06,0.0,DQN_RND,0.001,0.99,mountaincar,dense
7,5564,-200.0,200,21.808494567871094,-1.0,2.117996700690128e-05,0.0,DQN_RND,0.001,0.99,mountaincar,dense
7,5565,-200.0,200,12.696691513061523,-1.0,0.00010055082384496927,0.0,DQN_RND,0.001,0.99,mountaincar,dense
7,5566,-200.0,200,22.036222457885742,-1.0,9.193608275381848e-05,0.0,DQN_RND,0.001,0.99,mountaincar,dense
7,5567,-200.0,200,12.31727123260498,-1.0,4.611011172528379e-05,0.0,DQN_RND,0.001,0.99,mountaincar,dense
7,5568,-200.0,200,19.011783599853516,-1.0,5.157198756933212e-05,0.0,DQN_RND,0.001,0.99,mountaincar,dense
7,5569,-200.0,200,9.718592643737793,-1.0,6.467622733907774e-05,0.0,DQN_RND,0.001,0.99,mountaincar,dense
7,5570,-200.0,200,16.060382843017578,-1.0,3.0119819712126628e-05,0.0,DQN_RND,0.001,0.99,mountaincar,dense
7,5571,-200.0,200,9.524787902832031,-1.0,3.4072115795424907e-06,0.0,DQN_RND,0.001,0.99,mountaincar,dense
7,5572,-200.0,200,6.600870132446289,-1.0,5.0842183554777876e-05,0.0,DQN_RND,0.001,0.99,mountaincar,dense
7,5573,-200.0,200,22.71790885925293,-1.0,6.379799015121534e-05,0.0,DQN_RND,0.001,0.99,mountaincar,dense
7,5574,-200.0,200,12.762504577636719,-1.0,1.2391033124004025e-05,0.0,DQN_RND,0.001,0.99,mountaincar,dense
7,5575,-200.0,200,26.053712844848633,-1.0,3.4134725865442306e-05,0.0,DQN_RND,0.001,0.99,mountaincar,dense
7,5576,-200.0,200,16.17989730834961,-1.0,4.2348128772573546e-06,0.0,DQN_RND,0.001,0.99,mountaincar,dense
7,5577,-200.0,200,25.711944580078125,-1.0,2.8642883989959955e-05,0.0,DQN_RND,0.001,0.99,mountaincar,dense
7,5578,-200.0,200,9.953941345214844,-1.0,5.526995300897397e-05,0.0,DQN_RND,0.001,0.99,mountaincar,dense
7,5579,-200.0,200,21.788747787475586,-1.0,2.276136183354538e-05,0.0,DQN_RND,0.001,0.99,mountaincar,dense
7,5580,-200.0,200,15.736588478088379,-1.0,6.33367890259251e-05,0.0,DQN_RND,0.001,0.99,mountaincar,dense
7,5581,-200.0,200,28.57066535949707,-1.0,0.0001146882277680561,0.0,DQN_RND,0.001,0.99,mountaincar,dense
7,5582,-200.0,200,18.841232299804688,-1.0,1.7200891306856647e-06,0.0,DQN_RND,0.001,0.99,mountaincar,dense
7,5583,-200.0,200,15.495841026306152,-1.0,5.6249027693411335e-05,0.0,DQN_RND,0.001,0.99,mountaincar,dense
7,5584,-200.0,200,18.36079978942871,-1.0,8.97772770258598e-05,0.0,DQN_RND,0.001,0.99,mountaincar,dense
7,5585,-200.0,200,18.987581253051758,-1.0,0.00010188788291998208,0.0,DQN_RND,0.001,0.99,mountaincar,dense
7,5586,-200.0,200,15.254158020019531,-1.0,2.2146417904878035e-05,0.0,DQN_RND,0.001,0.99,mountaincar,dense
7,5587,-200.0,200,6.140167713165283,-1.0,5.241146209300496e-05,0.0,DQN_RND,0.001,0.99,mountaincar,dense
7,5588,-200.0,200,18.626909255981445,-1.0,2.8064632715540938e-05,0.0,DQN_RND,0.001,0.99,mountaincar,dense
7,5589,-200.0,200,15.28982162475586,-1.0,5.024604433856439e-06,0.0,DQN_RND,0.001,0.99,mountaincar,dense
7,5590,-200.0,200,12.3812894821167,-1.0,3.7826397601747885e-05,0.0,DQN_RND,0.001,0.99,mountaincar,dense
7,5591,-200.0,200,15.598736763000488,-1.0,1.407822992405272e-06,0.0,DQN_RND,0.001,0.99,mountaincar,dense
7,5592,-200.0,200,18.31521987915039,-1.0,1.3659953310707351e-06,0.0,DQN_RND,0.001,0.99,mountaincar,dense
7,5593,-200.0,200,12.28466510772705,-1.0,2.3664124455535784e-05,0.0,DQN_RND,0.001,0.99,mountaincar,dense
7,5594,-200.0,200,6.179646015167236,-1.0,9.485379268880934e-05,0.0,DQN_RND,0.001,0.99,mountaincar,dense
7,5595,-200.0,200,6.330067157745361,-1.0,2.006104841711931e-05,0.0,DQN_RND,0.001,0.99,mountaincar,dense
7,5596,-200.0,200,12.36410903930664,-1.0,3.6106110201217234e-05,0.0,DQN_RND,0.001,0.99,mountaincar,dense
7,5597,-200.0,200,18.792783737182617,-1.0,0.00011797934712376446,0.0,DQN_RND,0.001,0.99,mountaincar,dense
7,5598,-200.0,200,18.834501266479492,-1.0,1.293385594181018e-05,0.0,DQN_RND,0.001,0.99,mountaincar,dense
7,5599,-200.0,200,6.392882347106934,-1.0,2.495662192814052e-05,0.0,DQN_RND,0.001,0.99,mountaincar,dense
7,5600,-200.0,200,12.712078094482422,-1.0,3.373200524947606e-05,0.0,DQN_RND,0.001,0.99,mountaincar,dense
7,5601,-200.0,200,9.555889129638672,-1.0,3.415697574382648e-05,0.0,DQN_RND,0.001,0.99,mountaincar,dense
7,5602,-200.0,200,6.0863037109375,-1.0,2.8085894882678986e-05,0.0,DQN_RND,0.001,0.99,mountaincar,dense
7,5603,-200.0,200,18.862520217895508,-1.0,4.020909545943141e-05,0.0,DQN_RND,0.001,0.99,mountaincar,dense
7,5604,-200.0,200,9.53105354309082,-1.0,2.391768703091657e-06,0.0,DQN_RND,0.001,0.99,mountaincar,dense
7,5605,-200.0,200,12.799944877624512,-1.0,1.1594039278861601e-05,0.0,DQN_RND,0.001,0.99,mountaincar,dense
7,5606,-200.0,200,12.267492294311523,-1.0,4.2008898162748665e-05,0.0,DQN_RND,0.001,0.99,mountaincar,dense
7,5607,-200.0,200,16.071317672729492,-1.0,0.00010469678818481043,0.0,DQN_RND,0.001,0.99,mountaincar,dense
7,5608,-200.0,200,6.403829097747803,-1.0,3.34923061018344e-05,0.0,DQN_RND,0.001,0.99,mountaincar,dense
7,5609,-200.0,200,12.730489730834961,-1.0,3.634063205026905e-06,0.0,DQN_RND,0.001,0.99,mountaincar,dense
7,5610,-200.0,200,3.288578987121582,-1.0,2.7470667191664688e-05,0.0,DQN_RND,0.001,0.99,mountaincar,dense
7,5611,-200.0,200,19.542295455932617,-1.0,1.419868226548715e-06,0.0,DQN_RND,0.001,0.99,mountaincar,dense
7,5612,-200.0,200,22.514968872070312,-1.0,2.1172612832742743e-05,0.0,DQN_RND,0.001,0.99,mountaincar,dense
7,5613,-200.0,200,19.295528411865234,-1.0,3.3778007491491735e-05,0.0,DQN_RND,0.001,0.99,mountaincar,dense
7,5614,-200.0,200,6.422606945037842,-1.0,5.7069693866651505e-05,0.0,DQN_RND,0.001,0.99,mountaincar,dense
7,5615,-200.0,200,6.489218235015869,-1.0,2.495447733963374e-05,0.0,DQN_RND,0.001,0.99,mountaincar,dense
7,5616,-200.0,200,22.580995559692383,-1.0,7.239360274979845e-05,0.0,DQN_RND,0.001,0.99,mountaincar,dense
7,5617,-200.0,200,3.326545000076294,-1.0,1.4146499779599253e-05,0.0,DQN_RND,0.001,0.99,mountaincar,dense
7,5618,-200.0,200,6.114828586578369,-1.0,1.6404987945861649e-06,0.0,DQN_RND,0.001,0.99,mountaincar,dense
7,5619,-200.0,200,6.563321590423584,-1.0,0.00010172680777031928,0.0,DQN_RND,0.001,0.99,mountaincar,dense
7,5620,-200.0,200,18.916759490966797,-1.0,1.8380853816779563e-06,0.0,DQN_RND,0.001,0.99,mountaincar,dense
7,5621,-200.0,200,12.432330131530762,-1.0,5.3189600293990225e-05,0.0,DQN_RND,0.001,0.99,mountaincar,dense
7,5622,-200.0,200,15.530927658081055,-1.0,2.0887422579107806e-05,0.0,DQN_RND,0.001,0.99,mountaincar,dense
7,5623,-200.0,200,12.482460021972656,-1.0,1.5615746633557137e-06,0.0,DQN_RND,0.001,0.99,mountaincar,dense
7,5624,-200.0,200,18.54336166381836,-1.0,6.453796959249303e-05,0.0,DQN_RND,0.001,0.99,mountaincar,dense
7,5625,-200.0,200,15.402912139892578,-1.0,2.8092172215110622e-06,0.0,DQN_RND,0.001,0.99,mountaincar,dense
7,5626,-200.0,200,18.411312103271484,-1.0,1.0613507583911996e-05,0.0,DQN_RND,0.001,0.99,mountaincar,dense
7,5627,-200.0,200,12.444150924682617,-1.0,8.2839187598438e-06,0.0,DQN_RND,0.001,0.99,mountaincar,dense
7,5628,-200.0,200,33.725669860839844,-1.0,4.043427452415926e-06,0.0,DQN_RND,0.001,0.99,mountaincar,dense
7,5629,-200.0,200,6.218077182769775,-1.0,1.914263293656404e-06,0.0,DQN_RND,0.001,0.99,mountaincar,dense
7,5630,-200.0,200,18.183313369750977,-1.0,3.1989811759558506e-06,0.0,DQN_RND,0.001,0.99,mountaincar,dense
7,5631,-200.0,200,9.002313613891602,-1.0,5.5030264775268734e-05,0.0,DQN_RND,0.001,0.99,mountaincar,dense
7,5632,-200.0,200,17.892736434936523,-1.0,2.9284485208336264e-05,0.0,DQN_RND,0.001,0.99,mountaincar,dense
7,5633,-200.0,200,15.021133422851562,-1.0,4.798192549060332e-06,0.0,DQN_RND,0.001,0.99,mountaincar,dense
7,5634,-200.0,200,15.239460945129395,-1.0,2.8883492632303387e-05,0.0,DQN_RND,0.001,0.99,mountaincar,dense
7,5635,-200.0,200,11.906152725219727,-1.0,3.7464462366187945e-05,0.0,DQN_RND,0.001,0.99,mountaincar,dense
7,5636,-200.0,200,5.886796951293945,-1.0,2.7663099899655208e-05,0.0,DQN_RND,0.001,0.99,mountaincar,dense
7,5637,-200.0,200,11.769908905029297,-1.0,4.363752668723464e-05,0.0,DQN_RND,0.001,0.99,mountaincar,dense
7,5638,-200.0,200,11.888132095336914,-1.0,3.6103323509451e-05,0.0,DQN_RND,0.001,0.99,mountaincar,dense
7,5639,-200.0,200,17.98800277709961,-1.0,3.1019558264233638e-06,0.0,DQN_RND,0.001,0.99,mountaincar,dense
7,5640,-200.0,200,11.858390808105469,-1.0,2.4150745957740583e-05,0.0,DQN_RND,0.001,0.99,mountaincar,dense
7,5641,-200.0,200,17.58310317993164,-1.0,1.2829233355660108e-06,0.0,DQN_RND,0.001,0.99,mountaincar,dense
7,5642,-200.0,200,11.674449920654297,-1.0,1.3867505003872793e-05,0.0,DQN_RND,0.001,0.99,mountaincar,dense
7,5643,-200.0,200,5.829054832458496,-1.0,7.033989277260844e-06,0.0,DQN_RND,0.001,0.99,mountaincar,dense
7,5644,-200.0,200,24.068103790283203,-1.0,2.8807198759750463e-06,0.0,DQN_RND,0.001,0.99,mountaincar,dense
7,5645,-200.0,200,9.106119155883789,-1.0,2.1086385459057055e-05,0.0,DQN_RND,0.001,0.99,mountaincar,dense
7,5646,-200.0,200,9.117571830749512,-1.0,5.2117502491455525e-05,0.0,DQN_RND,0.001,0.99,mountaincar,dense
7,5647,-200.0,200,21.31320571899414,-1.0,4.343349428381771e-05,0.0,DQN_RND,0.001,0.99,mountaincar,dense
7,5648,-200.0,200,15.41468334197998,-1.0,2.092483191518113e-05,0.0,DQN_RND,0.001,0.99,mountaincar,dense
7,5649,-200.0,200,18.147258758544922,-1.0,5.567111657001078e-06,0.0,DQN_RND,0.001,0.99,mountaincar,dense
7,5650,-200.0,200,3.252528190612793,-1.0,0.0001182253472507,0.0,DQN_RND,0.001,0.99,mountaincar,dense
7,5651,-200.0,200,15.84702205657959,-1.0,2.1226005628705025e-05,0.0,DQN_RND,0.001,0.99,mountaincar,dense
7,5652,-200.0,200,15.604928016662598,-1.0,4.022943357995246e-06,0.0,DQN_RND,0.001,0.99,mountaincar,dense
7,5653,-200.0,200,27.927440643310547,-1.0,4.9245696573052555e-05,0.0,DQN_RND,0.001,0.99,mountaincar,dense
7,5654,-200.0,200,18.347816467285156,-1.0,4.747299317386933e-05,0.0,DQN_RND,0.001,0.99,mountaincar,dense
7,5655,-200.0,200,6.344405651092529,-1.0,1.3369506632443517e-05,0.0,DQN_RND,0.001,0.99,mountaincar,dense
7,5656,-200.0,200,22.17311668395996,-1.0,8.69754785526311e-06,0.0,DQN_RND,0.001,0.99,mountaincar,dense
7,5657,-200.0,200,9.483949661254883,-1.0,1.3247278729977552e-05,0.0,DQN_RND,0.001,0.99,mountaincar,dense
7,5658,-200.0,200,9.280060768127441,-1.0,4.559748049359769e-06,0.0,DQN_RND,0.001,0.99,mountaincar,dense
7,5659,-200.0,200,9.588626861572266,-1.0,9.757238876773044e-05,0.0,DQN_RND,0.001,0.99,mountaincar,dense
7,5660,-200.0,200,12.568620681762695,-1.0,1.709709977149032e-06,0.0,DQN_RND,0.001,0.99,mountaincar,dense
7,5661,-200.0,200,22.080615997314453,-1.0,4.989103217667434e-06,0.0,DQN_RND,0.001,0.99,mountaincar,dense
7,5662,-200.0,200,25.22834014892578,-1.0,1.931293581947102e-06,0.0,DQN_RND,0.001,0.99,mountaincar,dense
7,5663,-200.0,200,25.221614837646484,-1.0,1.415807332705299e-06,0.0,DQN_RND,0.001,0.99,mountaincar,dense
7,5664,-200.0,200,21.411191940307617,-1.0,3.7271849578246474e-05,0.0,DQN_RND,0.001,0.99,mountaincar,dense
7,5665,-200.0,200,15.525035858154297,-1.0,5.859389148099581e-06,0.0,DQN_RND,0.001,0.99,mountaincar,dense
7,5666,-200.0,200,21.882038116455078,-1.0,2.8973987355129793e-05,0.0,DQN_RND,0.001,0.99,mountaincar,dense
7,5667,-200.0,200,12.532963752746582,-1.0,3.0052864531171508e-05,0.0,DQN_RND,0.001,0.99,mountaincar,dense
7,5668,-200.0,200,21.596515655517578,-1.0,4.52750209660735e-05,0.0,DQN_RND,0.001,0.99,mountaincar,dense
7,5669,-200.0,200,9.359418869018555,-1.0,7.849412213545293e-05,0.0,DQN_RND,0.001,0.99,mountaincar,dense
7,5670,-200.0,200,12.555946350097656,-1.0,6.254445179365575e-05,0.0,DQN_RND,0.001,0.99,mountaincar,dense
7,5671,-200.0,200,18.928871154785156,-1.0,2.137282172043342e-05,0.0,DQN_RND,0.001,0.99,mountaincar,dense
7,5672,-200.0,200,6.4977874755859375,-1.0,2.8222652872500475e-06,0.0,DQN_RND,0.001,0.99,mountaincar,dense
7,5673,-200.0,200,18.946643829345703,-1.0,1.2905115909234155e-06,0.0,DQN_RND,0.001,0.99,mountaincar,dense
7,5674,-200.0,200,0.020377298817038536,-1.0,1.4926845324225724e-06,0.0,DQN_RND,0.001,0.99,mountaincar,dense
7,5675,-200.0,200,18.797632217407227,-1.0,4.523269672063179e-05,0.0,DQN_RND,0.001,0.99,mountaincar,dense
7,5676,-200.0,200,29.01534652709961,-1.0,0.00011678693408612162,0.0,DQN_RND,0.001,0.99,mountaincar,dense
7,5677,-200.0,200,22.30103874206543,-1.0,7.226944489957532e-06,0.0,DQN_RND,0.001,0.99,mountaincar,dense
7,5678,-200.0,200,9.856493949890137,-1.0,5.628047802019864e-05,0.0,DQN_RND,0.001,0.99,mountaincar,dense
7,5679,-200.0,200,9.570143699645996,-1.0,6.544190455315402e-06,0.0,DQN_RND,0.001,0.99,mountaincar,dense
7,5680,-200.0,200,12.760055541992188,-1.0,3.7374811654444784e-06,0.0,DQN_RND,0.001,0.99,mountaincar,dense
7,5681,-200.0,200,16.12697410583496,-1.0,2.2706894014845602e-05,0.0,DQN_RND,0.001,0.99,mountaincar,dense
7,5682,-200.0,200,15.948290824890137,-1.0,5.616756607196294e-05,0.0,DQN_RND,0.001,0.99,mountaincar,dense
7,5683,-200.0,200,19.203693389892578,-1.0,3.820043730229372e-06,0.0,DQN_RND,0.001,0.99,mountaincar,dense
7,5684,-200.0,200,25.148242950439453,-1.0,1.722022261674283e-06,0.0,DQN_RND,0.001,0.99,mountaincar,dense
7,5685,-200.0,200,15.935650825500488,-1.0,6.000040957587771e-05,0.0,DQN_RND,0.001,0.99,mountaincar,dense
7,5686,-200.0,200,3.2029805183410645,-1.0,1.2165680800535483e-06,0.0,DQN_RND,0.001,0.99,mountaincar,dense
7,5687,-200.0,200,21.87535285949707,-1.0,2.9387176709860796e-06,0.0,DQN_RND,0.001,0.99,mountaincar,dense
7,5688,-200.0,200,18.64139175415039,-1.0,7.431086487486027e-06,0.0,DQN_RND,0.001,0.99,mountaincar,dense
7,5689,-200.0,200,9.033635139465332,-1.0,2.678765304153785e-05,0.0,DQN_RND,0.001,0.99,mountaincar,dense
7,5690,-200.0,200,14.887928009033203,-1.0,3.07788432110101e-05,0.0,DQN_RND,0.001,0.99,mountaincar,dense
7,5691,-200.0,200,11.677286148071289,-1.0,3.123471833532676e-05,0.0,DQN_RND,0.001,0.99,mountaincar,dense
7,5692,-200.0,200,17.928613662719727,-1.0,7.831285620341077e-05,0.0,DQN_RND,0.001,0.99,mountaincar,dense
7,5693,-200.0,200,6.161611557006836,-1.0,9.83232312137261e-05,0.0,DQN_RND,0.001,0.99,mountaincar,dense
7,5694,-200.0,200,15.406196594238281,-1.0,2.578413113951683e-05,0.0,DQN_RND,0.001,0.99,mountaincar,dense
7,5695,-200.0,200,18.240768432617188,-1.0,8.500044714310206e-06,0.0,DQN_RND,0.001,0.99,mountaincar,dense
7,5696,-200.0,200,29.804166793823242,-1.0,2.8828591894125566e-05,0.0,DQN_RND,0.001,0.99,mountaincar,dense
7,5697,-200.0,200,33.40959167480469,-1.0,0.00012705853441730142,0.0,DQN_RND,0.001,0.99,mountaincar,dense
7,5698,-200.0,200,21.352846145629883,-1.0,4.255616295267828e-05,0.0,DQN_RND,0.001,0.99,mountaincar,dense
7,5699,-200.0,200,15.289841651916504,-1.0,1.4918240367478575e-06,0.0,DQN_RND,0.001,0.99,mountaincar,dense
7,5700,-200.0,200,20.96090316772461,-1.0,6.513618427561596e-05,0.0,DQN_RND,0.001,0.99,mountaincar,dense
7,5701,-200.0,200,17.98427391052246,-1.0,6.760280666640028e-05,0.0,DQN_RND,0.001,0.99,mountaincar,dense
7,5702,-200.0,200,14.823503494262695,-1.0,2.1052728698123246e-05,0.0,DQN_RND,0.001,0.99,mountaincar,dense
7,5703,-200.0,200,5.883120536804199,-1.0,1.2217108178447234e-06,0.0,DQN_RND,0.001,0.99,mountaincar,dense
7,5704,-200.0,200,17.507518768310547,-1.0,6.273313920246437e-05,0.0,DQN_RND,0.001,0.99,mountaincar,dense
7,5705,-200.0,200,12.19466495513916,-1.0,5.52622223040089e-05,0.0,DQN_RND,0.001,0.99,mountaincar,dense
7,5706,-200.0,200,23.693140029907227,-1.0,1.236858224729076e-06,0.0,DQN_RND,0.001,0.99,mountaincar,dense
7,5707,-200.0,200,8.904281616210938,-1.0,3.7660178350051865e-05,0.0,DQN_RND,0.001,0.99,mountaincar,dense
7,5708,-200.0,200,5.9009246826171875,-1.0,1.2032418453600258e-05,0.0,DQN_RND,0.001,0.99,mountaincar,dense
7,5709,-200.0,200,5.791423797607422,-1.0,1.3403084722085623e-06,0.0,DQN_RND,0.001,0.99,mountaincar,dense
7,5710,-200.0,200,14.545042037963867,-1.0,2.7966261768597178e-05,0.0,DQN_RND,0.001,0.99,mountaincar,dense
7,5711,-200.0,200,26.174278259277344,-1.0,2.1844452930963598e-05,0.0,DQN_RND,0.001,0.99,mountaincar,dense
7,5712,-200.0,200,14.829520225524902,-1.0,3.851675137411803e-05,0.0,DQN_RND,0.001,0.99,mountaincar,dense
7,5713,-200.0,200,8.984039306640625,-1.0,1.3809333268000046e-06,0.0,DQN_RND,0.001,0.99,mountaincar,dense
7,5714,-200.0,200,15.10222339630127,-1.0,3.4199895253550494e-06,0.0,DQN_RND,0.001,0.99,mountaincar,dense
7,5715,-200.0,200,20.600265502929688,-1.0,2.7652736207528505e-06,0.0,DQN_RND,0.001,0.99,mountaincar,dense
7,5716,-200.0,200,12.041876792907715,-1.0,2.990826396853663e-05,0.0,DQN_RND,0.001,0.99,mountaincar,dense
7,5717,-200.0,200,23.80619239807129,-1.0,2.816789310600143e-05,0.0,DQN_RND,0.001,0.99,mountaincar,dense
7,5718,-200.0,200,15.133126258850098,-1.0,2.0896677597193047e-05,0.0,DQN_RND,0.001,0.99,mountaincar,dense
7,5719,-200.0,200,26.879846572875977,-1.0,2.229785968665965e-05,0.0,DQN_RND,0.001,0.99,mountaincar,dense
7,5720,-200.0,200,9.065967559814453,-1.0,9.450585821468849e-06,0.0,DQN_RND,0.001,0.99,mountaincar,dense
7,5721,-200.0,200,9.207111358642578,-1.0,1.2723544386972208e-06,0.0,DQN_RND,0.001,0.99,mountaincar,dense
7,5722,-200.0,200,21.536575317382812,-1.0,6.701992788293865e-06,0.0,DQN_RND,0.001,0.99,mountaincar,dense
7,5723,-200.0,200,15.256454467773438,-1.0,2.433418922009878e-05,0.0,DQN_RND,0.001,0.99,mountaincar,dense
7,5724,-200.0,200,17.9574031829834,-1.0,2.1977377855364466e-06,0.0,DQN_RND,0.001,0.99,mountaincar,dense
7,5725,-200.0,200,9.096009254455566,-1.0,4.279024324205238e-06,0.0,DQN_RND,0.001,0.99,mountaincar,dense
7,5726,-200.0,200,23.84194564819336,-1.0,5.8625013480195776e-05,0.0,DQN_RND,0.001,0.99,mountaincar,dense
7,5727,-200.0,200,20.883779525756836,-1.0,2.0272598703741096e-05,0.0,DQN_RND,0.001,0.99,mountaincar,dense
7,5728,-200.0,200,20.77911376953125,-1.0,1.5904334986771573e-06,0.0,DQN_RND,0.001,0.99,mountaincar,dense
7,5729,-200.0,200,23.26862907409668,-1.0,5.5610442359466106e-05,0.0,DQN_RND,0.001,0.99,mountaincar,dense
7,5730,-200.0,200,17.39167594909668,-1.0,9.307198342867196e-05,0.0,DQN_RND,0.001,0.99,mountaincar,dense
7,5731,-200.0,200,14.71902084350586,-1.0,5.907703234697692e-05,0.0,DQN_RND,0.001,0.99,mountaincar,dense
7,5732,-200.0,200,23.276695251464844,-1.0,5.7275217841379344e-05,0.0,DQN_RND,0.001,0.99,mountaincar,dense
7,5733,-200.0,200,14.937673568725586,-1.0,7.410613761749119e-05,0.0,DQN_RND,0.001,0.99,mountaincar,dense
7,5734,-200.0,200,3.0352022647857666,-1.0,3.420283292143722e-06,0.0,DQN_RND,0.001,0.99,mountaincar,dense
7,5735,-200.0,200,11.924654960632324,-1.0,1.2439758165783132e-06,0.0,DQN_RND,0.001,0.99,mountaincar,dense
7,5736,-200.0,200,8.772672653198242,-1.0,9.520309504296165e-06,0.0,DQN_RND,0.001,0.99,mountaincar,dense
7,5737,-200.0,200,23.730966567993164,-1.0,4.606187212630175e-05,0.0,DQN_RND,0.001,0.99,mountaincar,dense
7,5738,-200.0,200,15.024487495422363,-1.0,2.555544051574543e-05,0.0,DQN_RND,0.001,0.99,mountaincar,dense
7,5739,-200.0,200,14.919666290283203,-1.0,2.750157591435709e-06,0.0,DQN_RND,0.001,0.99,mountaincar,dense
7,5740,-200.0,200,20.91133689880371,-1.0,5.581087407335872e-06,0.0,DQN_RND,0.001,0.99,mountaincar,dense
7,5741,-200.0,200,21.09263038635254,-1.0,2.5153063688776456e-05,0.0,DQN_RND,0.001,0.99,mountaincar,dense
7,5742,-200.0,200,9.13977336883545,-1.0,8.404525578953326e-05,0.0,DQN_RND,0.001,0.99,mountaincar,dense
7,5743,-200.0,200,17.7802791595459,-1.0,1.401459303451702e-05,0.0,DQN_RND,0.001,0.99,mountaincar,dense
7,5744,-200.0,200,21.434627532958984,-1.0,5.908625098527409e-05,0.0,DQN_RND,0.001,0.99,mountaincar,dense
7,5745,-200.0,200,6.204594612121582,-1.0,2.9749239729426336e-06,0.0,DQN_RND,0.001,0.99,mountaincar,dense
7,5746,-200.0,200,27.185489654541016,-1.0,2.5566719159542117e-06,0.0,DQN_RND,0.001,0.99,mountaincar,dense
7,5747,-200.0,200,21.07097816467285,-1.0,2.3294522179639898e-05,0.0,DQN_RND,0.001,0.99,mountaincar,dense
7,5748,-200.0,200,15.194438934326172,-1.0,5.2323663112474605e-05,0.0,DQN_RND,0.001,0.99,mountaincar,dense
7,5749,-200.0,200,0.02924748696386814,-1.0,2.4750026568653993e-05,0.0,DQN_RND,0.001,0.99,mountaincar,dense
7,5750,-200.0,200,20.838863372802734,-1.0,2.3172548026195727e-05,0.0,DQN_RND,0.001,0.99,mountaincar,dense
7,5751,-200.0,200,11.826950073242188,-1.0,4.338568942330312e-06,0.0,DQN_RND,0.001,0.99,mountaincar,dense
7,5752,-200.0,200,21.23665428161621,-1.0,5.024248457630165e-05,0.0,DQN_RND,0.001,0.99,mountaincar,dense
7,5753,-200.0,200,17.650928497314453,-1.0,3.245441257604398e-05,0.0,DQN_RND,0.001,0.99,mountaincar,dense
7,5754,-200.0,200,5.748618125915527,-1.0,9.436441177967936e-05,0.0,DQN_RND,0.001,0.99,mountaincar,dense
7,5755,-200.0,200,23.3436222076416,-1.0,2.492015710231499e-06,0.0,DQN_RND,0.001,0.99,mountaincar,dense
7,5756,-200.0,200,11.701886177062988,-1.0,6.662763189524412e-05,0.0,DQN_RND,0.001,0.99,mountaincar,dense
7,5757,-200.0,200,8.720986366271973,-1.0,3.7859342683077557e-06,0.0,DQN_RND,0.001,0.99,mountaincar,dense
7,5758,-200.0,200,26.644588470458984,-1.0,5.342106305761263e-05,0.0,DQN_RND,0.001,0.99,mountaincar,dense
7,5759,-200.0,200,20.6337833404541,-1.0,1.289069018639566e-06,0.0,DQN_RND,0.001,0.99,mountaincar,dense
7,5760,-200.0,200,17.51760482788086,-1.0,6.121493788668886e-05,0.0,DQN_RND,0.001,0.99,mountaincar,dense
7,5761,-200.0,200,29.256885528564453,-1.0,5.158019484952092e-05,0.0,DQN_RND,0.001,0.99,mountaincar,dense
7,5762,-200.0,200,15.128253936767578,-1.0,6.517208385048434e-05,0.0,DQN_RND,0.001,0.99,mountaincar,dense
7,5763,-200.0,200,12.30091381072998,-1.0,5.052563938079402e-05,0.0,DQN_RND,0.001,0.99,mountaincar,dense
7,5764,-200.0,200,14.536784172058105,-1.0,6.467845378210768e-05,0.0,DQN_RND,0.001,0.99,mountaincar,dense
7,5765,-200.0,200,8.795694351196289,-1.0,6.310375465545803e-05,0.0,DQN_RND,0.001,0.99,mountaincar,dense
7,5766,-200.0,200,14.340753555297852,-1.0,2.410728848190047e-05,0.0,DQN_RND,0.001,0.99,mountaincar,dense
7,5767,-200.0,200,14.74874210357666,-1.0,1.2494034535848186e-06,0.0,DQN_RND,0.001,0.99,mountaincar,dense
7,5768,-200.0,200,11.761711120605469,-1.0,3.826128704531584e-06,0.0,DQN_RND,0.001,0.99,mountaincar,dense
7,5769,-200.0,200,20.043682098388672,-1.0,1.3240714906714857e-05,0.0,DQN_RND,0.001,0.99,mountaincar,dense
7,5770,-200.0,200,14.662077903747559,-1.0,7.015972369117662e-05,0.0,DQN_RND,0.001,0.99,mountaincar,dense
7,5771,-200.0,200,8.783805847167969,-1.0,5.272036560199922e-06,0.0,DQN_RND,0.001,0.99,mountaincar,dense
7,5772,-200.0,200,17.294628143310547,-1.0,8.413020623265766e-06,0.0,DQN_RND,0.001,0.99,mountaincar,dense
7,5773,-200.0,200,5.828836441040039,-1.0,2.4530118025722913e-05,0.0,DQN_RND,0.001,0.99,mountaincar,dense
7,5774,-200.0,200,5.8679633140563965,-1.0,1.2926642511956743e-06,0.0,DQN_RND,0.001,0.99,mountaincar,dense
7,5775,-200.0,200,8.728939056396484,-1.0,2.710375611059135e-06,0.0,DQN_RND,0.001,0.99,mountaincar,dense
7,5776,-200.0,200,14.32232666015625,-1.0,9.24522610148415e-05,0.0,DQN_RND,0.001,0.99,mountaincar,dense
7,5777,-200.0,200,17.40687370300293,-1.0,7.215032383101061e-05,0.0,DQN_RND,0.001,0.99,mountaincar,dense
7,5778,-200.0,200,11.278424263000488,-1.0,0.00012369493197184056,0.0,DQN_RND,0.001,0.99,mountaincar,dense
7,5779,-200.0,200,19.990188598632812,-1.0,5.216123099671677e-05,0.0,DQN_RND,0.001,0.99,mountaincar,dense
7,5780,-200.0,200,19.718280792236328,-1.0,1.5648112139388104e-06,0.0,DQN_RND,0.001,0.99,mountaincar,dense
7,5781,-200.0,200,14.045519828796387,-1.0,5.244761996436864e-05,0.0,DQN_RND,0.001,0.99,mountaincar,dense
7,5782,-200.0,200,11.093923568725586,-1.0,9.505206253379583e-05,0.0,DQN_RND,0.001,0.99,mountaincar,dense
7,5783,-200.0,200,8.289011001586914,-1.0,9.2079681053292e-05,0.0,DQN_RND,0.001,0.99,mountaincar,dense
7,5784,-200.0,200,13.866994857788086,-1.0,4.6941539039835334e-05,0.0,DQN_RND,0.001,0.99,mountaincar,dense
7,5785,-200.0,200,11.208035469055176,-1.0,0.0001126453498727642,0.0,DQN_RND,0.001,0.99,mountaincar,dense
7,5786,-200.0,200,14.429203987121582,-1.0,5.325620440999046e-05,0.0,DQN_RND,0.001,0.99,mountaincar,dense
7,5787,-200.0,200,5.651883602142334,-1.0,2.393386694166111e-06,0.0,DQN_RND,0.001,0.99,mountaincar,dense
7,5788,-200.0,200,14.43542194366455,-1.0,2.204384827564354e-06,0.0,DQN_RND,0.001,0.99,mountaincar,dense
7,5789,-200.0,200,22.46332550048828,-1.0,8.177068593795411e-06,0.0,DQN_RND,0.001,0.99,mountaincar,dense
7,5790,-200.0,200,8.686762809753418,-1.0,9.617214527679607e-05,0.0,DQN_RND,0.001,0.99,mountaincar,dense
7,5791,-200.0,200,23.004419326782227,-1.0,3.4208667784696445e-05,0.0,DQN_RND,0.001,0.99,mountaincar,dense
7,5792,-200.0,200,11.608785629272461,-1.0,2.9720864404225722e-05,0.0,DQN_RND,0.001,0.99,mountaincar,dense
7,5793,-200.0,200,14.307153701782227,-1.0,2.878902250813553e-06,0.0,DQN_RND,0.001,0.99,mountaincar,dense
7,5794,-200.0,200,0.02335458993911743,-1.0,5.743462315876968e-05,0.0,DQN_RND,0.001,0.99,mountaincar,dense
7,5795,-200.0,200,20.085020065307617,-1.0,2.2601569071412086e-05,0.0,DQN_RND,0.001,0.99,mountaincar,dense
7,5796,-200.0,200,11.438677787780762,-1.0,4.250865913490998e-06,0.0,DQN_RND,0.001,0.99,mountaincar,dense
7,5797,-200.0,200,11.425885200500488,-1.0,6.62277452647686e-05,0.0,DQN_RND,0.001,0.99,mountaincar,dense
7,5798,-200.0,200,8.6858491897583,-1.0,2.1626143279718235e-05,0.0,DQN_RND,0.001,0.99,mountaincar,dense
7,5799,-200.0,200,14.293100357055664,-1.0,2.4566361389588565e-05,0.0,DQN_RND,0.001,0.99,mountaincar,dense
7,5800,-200.0,200,14.287642478942871,-1.0,6.102476618252695e-06,0.0,DQN_RND,0.001,0.99,mountaincar,dense
7,5801,-200.0,200,5.860965728759766,-1.0,5.752304059569724e-05,0.0,DQN_RND,0.001,0.99,mountaincar,dense
7,5802,-200.0,200,25.626882553100586,-1.0,1.6360542076654383e-06,0.0,DQN_RND,0.001,0.99,mountaincar,dense
7,5803,-200.0,200,14.324111938476562,-1.0,7.643976277904585e-05,0.0,DQN_RND,0.001,0.99,mountaincar,dense
7,5804,-200.0,200,22.937936782836914,-1.0,2.2199377781362273e-05,0.0,DQN_RND,0.001,0.99,mountaincar,dense
7,5805,-200.0,200,17.302093505859375,-1.0,5.845627674716525e-05,0.0,DQN_RND,0.001,0.99,mountaincar,dense
7,5806,-200.0,200,2.8833343982696533,-1.0,4.384178464533761e-05,0.0,DQN_RND,0.001,0.99,mountaincar,dense
7,5807,-200.0,200,17.347270965576172,-1.0,2.2072479623602703e-05,0.0,DQN_RND,0.001,0.99,mountaincar,dense
7,5808,-200.0,200,2.869743585586548,-1.0,1.5877004670983297e-06,0.0,DQN_RND,0.001,0.99,mountaincar,dense
7,5809,-200.0,200,8.912262916564941,-1.0,6.133472197689116e-05,0.0,DQN_RND,0.001,0.99,mountaincar,dense
7,5810,-200.0,200,8.630447387695312,-1.0,4.364455890026875e-05,0.0,DQN_RND,0.001,0.99,mountaincar,dense
7,5811,-200.0,200,11.46771240234375,-1.0,4.773484397446737e-05,0.0,DQN_RND,0.001,0.99,mountaincar,dense
7,5812,-200.0,200,14.598541259765625,-1.0,1.554364530420571e-06,0.0,DQN_RND,0.001,0.99,mountaincar,dense
7,5813,-200.0,200,5.905613422393799,-1.0,7.495324098272249e-06,0.0,DQN_RND,0.001,0.99,mountaincar,dense
7,5814,-200.0,200,11.89629077911377,-1.0,1.2169094816272263e-06,0.0,DQN_RND,0.001,0.99,mountaincar,dense
7,5815,-200.0,200,14.583330154418945,-1.0,2.812751517922152e-05,0.0,DQN_RND,0.001,0.99,mountaincar,dense
7,5816,-200.0,200,11.470684051513672,-1.0,5.579827120527625e-05,0.0,DQN_RND,0.001,0.99,mountaincar,dense
7,5817,-200.0,200,25.892423629760742,-1.0,5.123942901263945e-05,0.0,DQN_RND,0.001,0.99,mountaincar,dense
7,5818,-200.0,200,11.572421073913574,-1.0,5.939394031884149e-05,0.0,DQN_RND,0.001,0.99,mountaincar,dense
7,5819,-200.0,200,20.06272315979004,-1.0,4.971229282091372e-05,0.0,DQN_RND,0.001,0.99,mountaincar,dense
7,5820,-200.0,200,23.014015197753906,-1.0,6.23013183940202e-05,0.0,DQN_RND,0.001,0.99,mountaincar,dense
7,5821,-200.0,200,2.7266547679901123,-1.0,2.188521102652885e-05,0.0,DQN_RND,0.001,0.99,mountaincar,dense
7,5822,-200.0,200,11.217812538146973,-1.0,4.586005525197834e-05,0.0,DQN_RND,0.001,0.99,mountaincar,dense
7,5823,-200.0,200,5.791592597961426,-1.0,0.00010931854922091588,0.0,DQN_RND,0.001,0.99,mountaincar,dense
7,5824,-200.0,200,8.53266429901123,-1.0,1.6006694067982608e-06,0.0,DQN_RND,0.001,0.99,mountaincar,dense
7,5825,-200.0,200,8.540225982666016,-1.0,4.3149608245585114e-05,0.0,DQN_RND,0.001,0.99,mountaincar,dense
7,5826,-200.0,200,14.270241737365723,-1.0,2.56510465987958e-05,0.0,DQN_RND,0.001,0.99,mountaincar,dense
7,5827,-200.0,200,14.409478187561035,-1.0,4.391342736198567e-05,0.0,DQN_RND,0.001,0.99,mountaincar,dense
7,5828,-200.0,200,11.247146606445312,-1.0,5.505504759639734e-06,0.0,DQN_RND,0.001,0.99,mountaincar,dense
7,5829,-200.0,200,11.584795951843262,-1.0,4.71399471280165e-05,0.0,DQN_RND,0.001,0.99,mountaincar,dense
7,5830,-200.0,200,8.589689254760742,-1.0,2.7220155971008353e-05,0.0,DQN_RND,0.001,0.99,mountaincar,dense
7,5831,-200.0,200,19.915245056152344,-1.0,4.299053762224503e-05,0.0,DQN_RND,0.001,0.99,mountaincar,dense
7,5832,-200.0,200,17.222158432006836,-1.0,5.35084618604742e-05,0.0,DQN_RND,0.001,0.99,mountaincar,dense
7,5833,-200.0,200,14.218274116516113,-1.0,4.750323569169268e-06,0.0,DQN_RND,0.001,0.99,mountaincar,dense
7,5834,-200.0,200,8.548385620117188,-1.0,1.4148312175166211e-06,0.0,DQN_RND,0.001,0.99,mountaincar,dense
7,5835,-200.0,200,11.471488952636719,-1.0,5.8453002566238865e-05,0.0,DQN_RND,0.001,0.99,mountaincar,dense
7,5836,-200.0,200,8.6431245803833,-1.0,1.2620021152542904e-06,0.0,DQN_RND,0.001,0.99,mountaincar,dense
7,5837,-200.0,200,30.73752212524414,-1.0,4.028345301776426e-06,0.0,DQN_RND,0.001,0.99,mountaincar,dense
7,5838,-200.0,200,5.837964057922363,-1.0,1.1775471193686826e-06,0.0,DQN_RND,0.001,0.99,mountaincar,dense
7,5839,-200.0,200,11.613046646118164,-1.0,2.483199068592512e-06,0.0,DQN_RND,0.001,0.99,mountaincar,dense
7,5840,-200.0,200,19.552982330322266,-1.0,1.3731656736126752e-06,0.0,DQN_RND,0.001,0.99,mountaincar,dense
7,5841,-200.0,200,17.0744686126709,-1.0,4.805599746759981e-05,0.0,DQN_RND,0.001,0.99,mountaincar,dense
7,5842,-200.0,200,14.288251876831055,-1.0,1.6698227227607276e-06,0.0,DQN_RND,0.001,0.99,mountaincar,dense
7,5843,-200.0,200,8.677248001098633,-1.0,3.174936500727199e-05,0.0,DQN_RND,0.001,0.99,mountaincar,dense
7,5844,-200.0,200,17.425514221191406,-1.0,3.4979311749339104e-05,0.0,DQN_RND,0.001,0.99,mountaincar,dense
7,5845,-200.0,200,11.493741035461426,-1.0,3.6704579542856663e-05,0.0,DQN_RND,0.001,0.99,mountaincar,dense
7,5846,-200.0,200,17.105464935302734,-1.0,1.0634884347382467e-05,0.0,DQN_RND,0.001,0.99,mountaincar,dense
7,5847,-200.0,200,20.185489654541016,-1.0,2.4264123567263596e-05,0.0,DQN_RND,0.001,0.99,mountaincar,dense
7,5848,-200.0,200,14.446454048156738,-1.0,9.814726581680588e-06,0.0,DQN_RND,0.001,0.99,mountaincar,dense
7,5849,-200.0,200,8.92077922821045,-1.0,3.613992521422915e-05,0.0,DQN_RND,0.001,0.99,mountaincar,dense
7,5850,-200.0,200,14.739310264587402,-1.0,1.8185471617471194e-06,0.0,DQN_RND,0.001,0.99,mountaincar,dense
7,5851,-200.0,200,20.79996109008789,-1.0,4.741143584396923e-06,0.0,DQN_RND,0.001,0.99,mountaincar,dense
7,5852,-200.0,200,6.003056049346924,-1.0,3.2870728318812326e-05,0.0,DQN_RND,0.001,0.99,mountaincar,dense
7,5853,-200.0,200,20.73113250732422,-1.0,2.862857854779577e-06,0.0,DQN_RND,0.001,0.99,mountaincar,dense
7,5854,-200.0,200,14.892419815063477,-1.0,2.2813414034317248e-05,0.0,DQN_RND,0.001,0.99,mountaincar,dense
7,5855,-200.0,200,17.735275268554688,-1.0,2.471974312356906e-06,0.0,DQN_RND,0.001,0.99,mountaincar,dense
7,5856,-200.0,200,8.944557189941406,-1.0,5.828600114909932e-05,0.0,DQN_RND,0.001,0.99,mountaincar,dense
7,5857,-200.0,200,21.1376953125,-1.0,5.698554014088586e-05,0.0,DQN_RND,0.001,0.99,mountaincar,dense
7,5858,-200.0,200,8.86588191986084,-1.0,2.174396968257497e-06,0.0,DQN_RND,0.001,0.99,mountaincar,dense
7,5859,-200.0,200,12.366127014160156,-1.0,5.437678555608727e-05,0.0,DQN_RND,0.001,0.99,mountaincar,dense
7,5860,-200.0,200,21.421977996826172,-1.0,3.6090008507017046e-05,0.0,DQN_RND,0.001,0.99,mountaincar,dense
7,5861,-200.0,200,21.470991134643555,-1.0,1.6645743698973092e-06,0.0,DQN_RND,0.001,0.99,mountaincar,dense
7,5862,-200.0,200,12.262971878051758,-1.0,1.1745756864911527e-06,0.0,DQN_RND,0.001,0.99,mountaincar,dense
7,5863,-200.0,200,21.85774803161621,-1.0,0.00011858442303491756,0.0,DQN_RND,0.001,0.99,mountaincar,dense
7,5864,-200.0,200,6.311391830444336,-1.0,4.950294169248082e-06,0.0,DQN_RND,0.001,0.99,mountaincar,dense
7,5865,-200.0,200,9.326106071472168,-1.0,5.27085067005828e-05,0.0,DQN_RND,0.001,0.99,mountaincar,dense
7,5866,-200.0,200,21.982860565185547,-1.0,1.7446755009586923e-06,0.0,DQN_RND,0.001,0.99,mountaincar,dense
7,5867,-200.0,200,18.864072799682617,-1.0,2.0471494281082414e-05,0.0,DQN_RND,0.001,0.99,mountaincar,dense
7,5868,-200.0,200,0.06767026335000992,-1.0,0.00011200902372365817,0.0,DQN_RND,0.001,0.99,mountaincar,dense
7,5869,-200.0,200,19.143966674804688,-1.0,1.43171826039179e-06,0.0,DQN_RND,0.001,0.99,mountaincar,dense
7,5870,-200.0,200,15.960033416748047,-1.0,1.4511742847389542e-06,0.0,DQN_RND,0.001,0.99,mountaincar,dense
7,5871,-200.0,200,12.839496612548828,-1.0,7.382635521935299e-05,0.0,DQN_RND,0.001,0.99,mountaincar,dense
7,5872,-200.0,200,19.565040588378906,-1.0,1.3251849395601312e-06,0.0,DQN_RND,0.001,0.99,mountaincar,dense
7,5873,-200.0,200,13.13326358795166,-1.0,4.552341579255881e-06,0.0,DQN_RND,0.001,0.99,mountaincar,dense
7,5874,-200.0,200,19.578874588012695,-1.0,2.453133220114978e-06,0.0,DQN_RND,0.001,0.99,mountaincar,dense
7,5875,-200.0,200,6.641821384429932,-1.0,2.558648020567489e-06,0.0,DQN_RND,0.001,0.99,mountaincar,dense
7,5876,-200.0,200,32.88982009887695,-1.0,1.1704303233273095e-06,0.0,DQN_RND,0.001,0.99,mountaincar,dense
7,5877,-200.0,200,13.205955505371094,-1.0,2.108001126543968e-06,0.0,DQN_RND,0.001,0.99,mountaincar,dense
7,5878,-200.0,200,16.703195571899414,-1.0,4.627602265827591e-06,0.0,DQN_RND,0.001,0.99,mountaincar,dense
7,5879,-200.0,200,10.07338809967041,-1.0,1.3586590057457215e-06,0.0,DQN_RND,0.001,0.99,mountaincar,dense
7,5880,-200.0,200,16.783876419067383,-1.0,3.067333818762563e-05,0.0,DQN_RND,0.001,0.99,mountaincar,dense
7,5881,-200.0,200,20.25118637084961,-1.0,2.1496207409654744e-05,0.0,DQN_RND,0.001,0.99,mountaincar,dense
7,5882,-200.0,200,16.85786247253418,-1.0,2.7058815248892643e-05,0.0,DQN_RND,0.001,0.99,mountaincar,dense
7,5883,-200.0,200,16.871017456054688,-1.0,1.946098336702562e-06,0.0,DQN_RND,0.001,0.99,mountaincar,dense
7,5884,-200.0,200,16.481447219848633,-1.0,4.543000613921322e-05,0.0,DQN_RND,0.001,0.99,mountaincar,dense
7,5885,-200.0,200,13.4595947265625,-1.0,7.359980372712016e-05,0.0,DQN_RND,0.001,0.99,mountaincar,dense
7,5886,-200.0,200,13.500094413757324,-1.0,7.347876817220822e-05,0.0,DQN_RND,0.001,0.99,mountaincar,dense
7,5887,-200.0,200,26.501487731933594,-1.0,1.0054258382297121e-05,0.0,DQN_RND,0.001,0.99,mountaincar,dense
7,5888,-200.0,200,6.903050422668457,-1.0,3.314609421067871e-05,0.0,DQN_RND,0.001,0.99,mountaincar,dense
7,5889,-200.0,200,30.992053985595703,-1.0,6.374459917424247e-05,0.0,DQN_RND,0.001,0.99,mountaincar,dense
7,5890,-200.0,200,13.608794212341309,-1.0,6.80020748404786e-05,0.0,DQN_RND,0.001,0.99,mountaincar,dense
7,5891,-200.0,200,17.01520538330078,-1.0,5.704398427042179e-05,0.0,DQN_RND,0.001,0.99,mountaincar,dense
7,5892,-200.0,200,33.89118957519531,-1.0,1.4130634554021526e-05,0.0,DQN_RND,0.001,0.99,mountaincar,dense
7,5893,-200.0,200,13.910440444946289,-1.0,2.1335672499844804e-06,0.0,DQN_RND,0.001,0.99,mountaincar,dense
7,5894,-200.0,200,10.093045234680176,-1.0,5.76626052861684e-06,0.0,DQN_RND,0.001,0.99,mountaincar,dense
7,5895,-200.0,200,13.626810073852539,-1.0,0.00010947564442176372,0.0,DQN_RND,0.001,0.99,mountaincar,dense
7,5896,-200.0,200,36.330528259277344,-1.0,5.46505325473845e-05,0.0,DQN_RND,0.001,0.99,mountaincar,dense
7,5897,-200.0,200,19.842321395874023,-1.0,1.1359175914549269e-05,0.0,DQN_RND,0.001,0.99,mountaincar,dense
7,5898,-200.0,200,19.705455780029297,-1.0,1.493601871516148e-06,0.0,DQN_RND,0.001,0.99,mountaincar,dense
7,5899,-200.0,200,13.211215019226074,-1.0,3.72852518921718e-05,0.0,DQN_RND,0.001,0.99,mountaincar,dense
7,5900,-200.0,200,9.906012535095215,-1.0,2.3246422642841935e-05,0.0,DQN_RND,0.001,0.99,mountaincar,dense
7,5901,-200.0,200,36.528297424316406,-1.0,2.203631765951286e-06,0.0,DQN_RND,0.001,0.99,mountaincar,dense
7,5902,-200.0,200,23.060165405273438,-1.0,1.4317099612526363e-06,0.0,DQN_RND,0.001,0.99,mountaincar,dense
7,5903,-200.0,200,26.59995460510254,-1.0,5.5435993999708444e-05,0.0,DQN_RND,0.001,0.99,mountaincar,dense
7,5904,-200.0,200,20.026880264282227,-1.0,1.2617999800568214e-06,0.0,DQN_RND,0.001,0.99,mountaincar,dense
7,5905,-200.0,200,13.169095993041992,-1.0,1.419628915755311e-06,0.0,DQN_RND,0.001,0.99,mountaincar,dense
7,5906,-200.0,200,39.733299255371094,-1.0,3.1889936508378014e-05,0.0,DQN_RND,0.001,0.99,mountaincar,dense
7,5907,-200.0,200,23.295494079589844,-1.0,5.215521468926454e-06,0.0,DQN_RND,0.001,0.99,mountaincar,dense
7,5908,-200.0,200,29.815956115722656,-1.0,1.200524138766923e-06,0.0,DQN_RND,0.001,0.99,mountaincar,dense
7,5909,-200.0,200,15.922689437866211,-1.0,1.6489682366227498e-06,0.0,DQN_RND,0.001,0.99,mountaincar,dense
7,5910,-200.0,200,15.75961971282959,-1.0,8.62005526869325e-06,0.0,DQN_RND,0.001,0.99,mountaincar,dense
7,5911,-200.0,200,22.187191009521484,-1.0,3.72155373042915e-05,0.0,DQN_RND,0.001,0.99,mountaincar,dense
7,5912,-200.0,200,9.346549987792969,-1.0,6.97317736921832e-05,0.0,DQN_RND,0.001,0.99,mountaincar,dense
7,5913,-200.0,200,19.354074478149414,-1.0,0.0001374779239995405,0.0,DQN_RND,0.001,0.99,mountaincar,dense
7,5914,-200.0,200,12.750121116638184,-1.0,2.3900813175714575e-05,0.0,DQN_RND,0.001,0.99,mountaincar,dense
7,5915,-200.0,200,25.797801971435547,-1.0,4.701633224613033e-05,0.0,DQN_RND,0.001,0.99,mountaincar,dense
7,5916,-200.0,200,22.148757934570312,-1.0,5.970125857857056e-05,0.0,DQN_RND,0.001,0.99,mountaincar,dense
7,5917,-200.0,200,16.158945083618164,-1.0,4.966654523741454e-05,0.0,DQN_RND,0.001,0.99,mountaincar,dense
7,5918,-200.0,200,12.74659252166748,-1.0,8.86236666701734e-05,0.0,DQN_RND,0.001,0.99,mountaincar,dense
7,5919,-200.0,200,12.546367645263672,-1.0,3.85250459657982e-05,0.0,DQN_RND,0.001,0.99,mountaincar,dense
7,5920,-200.0,200,25.632997512817383,-1.0,4.157786679570563e-05,0.0,DQN_RND,0.001,0.99,mountaincar,dense
7,5921,-200.0,200,12.897546768188477,-1.0,1.7884819953906117e-06,0.0,DQN_RND,0.001,0.99,mountaincar,dense
7,5922,-200.0,200,28.378128051757812,-1.0,1.360757437396387e-06,0.0,DQN_RND,0.001,0.99,mountaincar,dense
7,5923,-200.0,200,12.745471954345703,-1.0,6.22902880422771e-05,0.0,DQN_RND,0.001,0.99,mountaincar,dense
7,5924,-200.0,200,18.92601776123047,-1.0,6.147162366687553e-06,0.0,DQN_RND,0.001,0.99,mountaincar,dense
7,5925,-200.0,200,22.066423416137695,-1.0,3.868177373078652e-05,0.0,DQN_RND,0.001,0.99,mountaincar,dense
7,5926,-200.0,200,9.425783157348633,-1.0,2.2484067812911235e-05,0.0,DQN_RND,0.001,0.99,mountaincar,dense
7,5927,-200.0,200,15.490034103393555,-1.0,1.2470605952330516e-06,0.0,DQN_RND,0.001,0.99,mountaincar,dense
7,5928,-200.0,200,24.944734573364258,-1.0,4.572656507662032e-06,0.0,DQN_RND,0.001,0.99,mountaincar,dense
7,5929,-200.0,200,9.470388412475586,-1.0,3.917175126844086e-05,0.0,DQN_RND,0.001,0.99,mountaincar,dense
7,5930,-200.0,200,3.123312473297119,-1.0,2.591753400338348e-06,0.0,DQN_RND,0.001,0.99,mountaincar,dense
7,5931,-200.0,200,9.083984375,-1.0,4.065582743351115e-06,0.0,DQN_RND,0.001,0.99,mountaincar,dense
7,5932,-200.0,200,24.18765640258789,-1.0,4.833045386476442e-05,0.0,DQN_RND,0.001,0.99,mountaincar,dense
7,5933,-200.0,200,15.234864234924316,-1.0,3.766290319617838e-05,0.0,DQN_RND,0.001,0.99,mountaincar,dense
7,5934,-200.0,200,15.192676544189453,-1.0,3.223115345463157e-05,0.0,DQN_RND,0.001,0.99,mountaincar,dense
7,5935,-200.0,200,12.615777969360352,-1.0,5.795799370389432e-05,0.0,DQN_RND,0.001,0.99,mountaincar,dense
7,5936,-200.0,200,18.762479782104492,-1.0,5.927918664383469e-06,0.0,DQN_RND,0.001,0.99,mountaincar,dense
7,5937,-200.0,200,15.613914489746094,-1.0,6.238351488718763e-05,0.0,DQN_RND,0.001,0.99,mountaincar,dense
7,5938,-200.0,200,6.314375877380371,-1.0,1.2329604714977904e-06,0.0,DQN_RND,0.001,0.99,mountaincar,dense
7,5939,-200.0,200,9.401578903198242,-1.0,1.0378826118540019e-05,0.0,DQN_RND,0.001,0.99,mountaincar,dense
7,5940,-200.0,200,21.89874839782715,-1.0,2.9462633392540738e-05,0.0,DQN_RND,0.001,0.99,mountaincar,dense
7,5941,-200.0,200,9.573004722595215,-1.0,6.151000707177445e-05,0.0,DQN_RND,0.001,0.99,mountaincar,dense
7,5942,-200.0,200,22.416353225708008,-1.0,3.186469984939322e-05,0.0,DQN_RND,0.001,0.99,mountaincar,dense
7,5943,-200.0,200,9.62452220916748,-1.0,1.6214024753935519e-06,0.0,DQN_RND,0.001,0.99,mountaincar,dense
7,5944,-200.0,200,0.020726600661873817,-1.0,8.48875570227392e-05,0.0,DQN_RND,0.001,0.99,mountaincar,dense
7,5945,-200.0,200,18.782819747924805,-1.0,6.586279778275639e-05,0.0,DQN_RND,0.001,0.99,mountaincar,dense
7,5946,-200.0,200,19.026838302612305,-1.0,4.727240957436152e-05,0.0,DQN_RND,0.001,0.99,mountaincar,dense
7,5947,-200.0,200,9.58537483215332,-1.0,9.500529813522007e-06,0.0,DQN_RND,0.001,0.99,mountaincar,dense
7,5948,-200.0,200,15.968016624450684,-1.0,4.8595502448733896e-05,0.0,DQN_RND,0.001,0.99,mountaincar,dense
7,5949,-200.0,200,12.410181045532227,-1.0,5.5729768064338714e-05,0.0,DQN_RND,0.001,0.99,mountaincar,dense
7,5950,-200.0,200,25.32859230041504,-1.0,4.044100933242589e-06,0.0,DQN_RND,0.001,0.99,mountaincar,dense
7,5951,-200.0,200,19.305761337280273,-1.0,1.362981493002735e-06,0.0,DQN_RND,0.001,0.99,mountaincar,dense
7,5952,-200.0,200,15.83547592163086,-1.0,7.84862095315475e-06,0.0,DQN_RND,0.001,0.99,mountaincar,dense
7,5953,-200.0,200,12.514339447021484,-1.0,4.2524925447651185e-06,0.0,DQN_RND,0.001,0.99,mountaincar,dense
7,5954,-200.0,200,9.385610580444336,-1.0,3.218605706933886e-05,0.0,DQN_RND,0.001,0.99,mountaincar,dense
7,5955,-200.0,200,12.245055198669434,-1.0,2.1014038793509826e-06,0.0,DQN_RND,0.001,0.99,mountaincar,dense
7,5956,-200.0,200,12.559381484985352,-1.0,5.460863758344203e-05,0.0,DQN_RND,0.001,0.99,mountaincar,dense
7,5957,-200.0,200,30.51925277709961,-1.0,6.711034075124189e-05,0.0,DQN_RND,0.001,0.99,mountaincar,dense
7,5958,-200.0,200,12.647879600524902,-1.0,7.750600343570113e-05,0.0,DQN_RND,0.001,0.99,mountaincar,dense
7,5959,-200.0,200,18.944643020629883,-1.0,3.1297244277084246e-05,0.0,DQN_RND,0.001,0.99,mountaincar,dense
7,5960,-200.0,200,22.264726638793945,-1.0,6.11462673987262e-05,0.0,DQN_RND,0.001,0.99,mountaincar,dense
7,5961,-200.0,200,9.477079391479492,-1.0,9.345749276690185e-05,0.0,DQN_RND,0.001,0.99,mountaincar,dense
7,5962,-200.0,200,12.996068954467773,-1.0,5.667528967023827e-05,0.0,DQN_RND,0.001,0.99,mountaincar,dense
7,5963,-200.0,200,16.02648162841797,-1.0,1.4570301800631569e-06,0.0,DQN_RND,0.001,0.99,mountaincar,dense
7,5964,-200.0,200,13.094003677368164,-1.0,2.222169132437557e-05,0.0,DQN_RND,0.001,0.99,mountaincar,dense
7,5965,-200.0,200,15.932458877563477,-1.0,3.0739382054889575e-05,0.0,DQN_RND,0.001,0.99,mountaincar,dense
7,5966,-200.0,200,22.7127742767334,-1.0,8.441857062280178e-05,0.0,DQN_RND,0.001,0.99,mountaincar,dense
7,5967,-200.0,200,9.583574295043945,-1.0,2.6696137865656056e-05,0.0,DQN_RND,0.001,0.99,mountaincar,dense
7,5968,-200.0,200,9.734760284423828,-1.0,5.455833161249757e-05,0.0,DQN_RND,0.001,0.99,mountaincar,dense
7,5969,-200.0,200,12.998248100280762,-1.0,2.0548301108647138e-05,0.0,DQN_RND,0.001,0.99,mountaincar,dense
7,5970,-200.0,200,9.703920364379883,-1.0,6.375192606355995e-05,0.0,DQN_RND,0.001,0.99,mountaincar,dense
7,5971,-200.0,200,25.625383377075195,-1.0,1.3177511846151901e-06,0.0,DQN_RND,0.001,0.99,mountaincar,dense
7,5972,-200.0,200,19.510417938232422,-1.0,0.00010787602514028549,0.0,DQN_RND,0.001,0.99,mountaincar,dense
7,5973,-200.0,200,6.547163963317871,-1.0,5.246890850685304e-06,0.0,DQN_RND,0.001,0.99,mountaincar,dense
7,5974,-200.0,200,13.092582702636719,-1.0,3.6350627397041535e-06,0.0,DQN_RND,0.001,0.99,mountaincar,dense
7,5975,-200.0,200,16.227645874023438,-1.0,2.1948291760054417e-05,0.0,DQN_RND,0.001,0.99,mountaincar,dense
7,5976,-200.0,200,13.177959442138672,-1.0,1.4682743767480133e-06,0.0,DQN_RND,0.001,0.99,mountaincar,dense
7,5977,-200.0,200,22.532426834106445,-1.0,1.2865709777543088e-06,0.0,DQN_RND,0.001,0.99,mountaincar,dense
7,5978,-200.0,200,9.562933921813965,-1.0,5.1144776080036536e-05,0.0,DQN_RND,0.001,0.99,mountaincar,dense
7,5979,-200.0,200,19.37099266052246,-1.0,2.198822949139867e-05,0.0,DQN_RND,0.001,0.99,mountaincar,dense
7,5980,-200.0,200,9.510078430175781,-1.0,4.278160122339614e-05,0.0,DQN_RND,0.001,0.99,mountaincar,dense
7,5981,-200.0,200,22.874897003173828,-1.0,3.935184213332832e-05,0.0,DQN_RND,0.001,0.99,mountaincar,dense
7,5982,-200.0,200,3.2223739624023438,-1.0,1.1236261343583465e-05,0.0,DQN_RND,0.001,0.99,mountaincar,dense
7,5983,-200.0,200,22.775657653808594,-1.0,2.8149544959887862e-05,0.0,DQN_RND,0.001,0.99,mountaincar,dense
7,5984,-200.0,200,31.268362045288086,-1.0,3.457952061580727e-06,0.0,DQN_RND,0.001,0.99,mountaincar,dense
7,5985,-200.0,200,9.502659797668457,-1.0,4.1969095036620274e-05,0.0,DQN_RND,0.001,0.99,mountaincar,dense
7,5986,-200.0,200,21.68712043762207,-1.0,2.4139260858646594e-05,0.0,DQN_RND,0.001,0.99,mountaincar,dense
7,5987,-200.0,200,25.10379981994629,-1.0,4.554610495688394e-05,0.0,DQN_RND,0.001,0.99,mountaincar,dense
7,5988,-200.0,200,9.595512390136719,-1.0,3.423461748752743e-05,0.0,DQN_RND,0.001,0.99,mountaincar,dense
7,5989,-200.0,200,32.14043426513672,-1.0,2.29585657507414e-05,0.0,DQN_RND,0.001,0.99,mountaincar,dense
7,5990,-200.0,200,9.792470932006836,-1.0,2.9020646252320148e-05,0.0,DQN_RND,0.001,0.99,mountaincar,dense
7,5991,-200.0,200,19.709949493408203,-1.0,2.3621814762009308e-06,0.0,DQN_RND,0.001,0.99,mountaincar,dense
7,5992,-200.0,200,19.551069259643555,-1.0,1.2867251371062594e-06,0.0,DQN_RND,0.001,0.99,mountaincar,dense
7,5993,-200.0,200,13.045913696289062,-1.0,1.1306586202408653e-05,0.0,DQN_RND,0.001,0.99,mountaincar,dense
7,5994,-200.0,200,22.81770133972168,-1.0,5.690146645065397e-05,0.0,DQN_RND,0.001,0.99,mountaincar,dense
7,5995,-200.0,200,23.508180618286133,-1.0,5.1235230785096064e-05,0.0,DQN_RND,0.001,0.99,mountaincar,dense
7,5996,-200.0,200,0.019992873072624207,-1.0,3.4209099339932436e-06,0.0,DQN_RND,0.001,0.99,mountaincar,dense
7,5997,-200.0,200,16.386474609375,-1.0,3.5466780445858603e-06,0.0,DQN_RND,0.001,0.99,mountaincar,dense
7,5998,-200.0,200,26.422592163085938,-1.0,3.199484490323812e-05,0.0,DQN_RND,0.001,0.99,mountaincar,dense
7,5999,-200.0,200,13.294862747192383,-1.0,1.2669636362261372e-06,0.0,DQN_RND,0.001,0.99,mountaincar,dense
7,6000,-200.0,200,6.738930702209473,-1.0,3.2815089070936665e-05,0.0,DQN_RND,0.001,0.99,mountaincar,dense
7,6001,-200.0,200,42.537574768066406,-1.0,2.2074127628002316e-06,0.0,DQN_RND,0.001,0.99,mountaincar,dense
7,6002,-200.0,200,26.035802841186523,-1.0,2.546532232372556e-05,0.0,DQN_RND,0.001,0.99,mountaincar,dense
7,6003,-200.0,200,16.428298950195312,-1.0,3.5022392694372684e-05,0.0,DQN_RND,0.001,0.99,mountaincar,dense
7,6004,-200.0,200,22.277589797973633,-1.0,1.8861186390495277e-06,0.0,DQN_RND,0.001,0.99,mountaincar,dense
7,6005,-200.0,200,6.563353538513184,-1.0,2.5977115001296625e-05,0.0,DQN_RND,0.001,0.99,mountaincar,dense
7,6006,-200.0,200,13.246258735656738,-1.0,3.2180530979530886e-05,0.0,DQN_RND,0.001,0.99,mountaincar,dense
7,6007,-200.0,200,3.333441734313965,-1.0,4.308423740440048e-06,0.0,DQN_RND,0.001,0.99,mountaincar,dense
7,6008,-200.0,200,16.246749877929688,-1.0,5.3763811592943966e-05,0.0,DQN_RND,0.001,0.99,mountaincar,dense
7,6009,-200.0,200,13.274499893188477,-1.0,2.816022970364429e-05,0.0,DQN_RND,0.001,0.99,mountaincar,dense
7,6010,-200.0,200,23.178098678588867,-1.0,2.9007947887293994e-05,0.0,DQN_RND,0.001,0.99,mountaincar,dense
7,6011,-200.0,200,36.14955139160156,-1.0,3.1634299375582486e-05,0.0,DQN_RND,0.001,0.99,mountaincar,dense
7,6012,-200.0,200,16.717018127441406,-1.0,3.466239650151692e-05,0.0,DQN_RND,0.001,0.99,mountaincar,dense
7,6013,-200.0,200,16.537708282470703,-1.0,1.5535371176156332e-06,0.0,DQN_RND,0.001,0.99,mountaincar,dense
7,6014,-200.0,200,6.834819316864014,-1.0,1.2867648138126242e-06,0.0,DQN_RND,0.001,0.99,mountaincar,dense
7,6015,-200.0,200,20.313295364379883,-1.0,1.4150177776173223e-06,0.0,DQN_RND,0.001,0.99,mountaincar,dense
7,6016,-200.0,200,20.217422485351562,-1.0,3.1565082281304058e-06,0.0,DQN_RND,0.001,0.99,mountaincar,dense
7,6017,-200.0,200,16.95057487487793,-1.0,2.1776455469080247e-05,0.0,DQN_RND,0.001,0.99,mountaincar,dense
7,6018,-200.0,200,30.713727951049805,-1.0,4.9585731176193804e-05,0.0,DQN_RND,0.001,0.99,mountaincar,dense
7,6019,-200.0,200,13.764715194702148,-1.0,6.552301783813164e-05,0.0,DQN_RND,0.001,0.99,mountaincar,dense
7,6020,-200.0,200,10.20694637298584,-1.0,2.6535253709880635e-06,0.0,DQN_RND,0.001,0.99,mountaincar,dense
7,6021,-200.0,200,13.600929260253906,-1.0,7.342560274992138e-05,0.0,DQN_RND,0.001,0.99,mountaincar,dense
7,6022,-200.0,200,27.425065994262695,-1.0,5.504449291038327e-05,0.0,DQN_RND,0.001,0.99,mountaincar,dense
7,6023,-200.0,200,16.738750457763672,-1.0,5.572953159571625e-05,0.0,DQN_RND,0.001,0.99,mountaincar,dense
7,6024,-200.0,200,23.591733932495117,-1.0,9.089267405215651e-05,0.0,DQN_RND,0.001,0.99,mountaincar,dense
7,6025,-200.0,200,17.068872451782227,-1.0,9.342556586489081e-05,0.0,DQN_RND,0.001,0.99,mountaincar,dense
7,6026,-200.0,200,19.857431411743164,-1.0,8.147099833877292e-06,0.0,DQN_RND,0.001,0.99,mountaincar,dense
7,6027,-200.0,200,13.76261043548584,-1.0,6.164939986774698e-05,0.0,DQN_RND,0.001,0.99,mountaincar,dense
7,6028,-200.0,200,27.481365203857422,-1.0,4.774927219841629e-06,0.0,DQN_RND,0.001,0.99,mountaincar,dense
7,6029,-200.0,200,16.503826141357422,-1.0,8.607843483332545e-06,0.0,DQN_RND,0.001,0.99,mountaincar,dense
7,6030,-200.0,200,19.86159896850586,-1.0,2.5177841962431557e-05,0.0,DQN_RND,0.001,0.99,mountaincar,dense
7,6031,-200.0,200,13.518754005432129,-1.0,5.6600780226290226e-05,0.0,DQN_RND,0.001,0.99,mountaincar,dense
7,6032,-200.0,200,20.20206642150879,-1.0,9.015965042635798e-05,0.0,DQN_RND,0.001,0.99,mountaincar,dense
7,6033,-200.0,200,13.671422958374023,-1.0,2.230256359325722e-05,0.0,DQN_RND,0.001,0.99,mountaincar,dense
7,6034,-200.0,200,26.55984115600586,-1.0,6.31723232800141e-05,0.0,DQN_RND,0.001,0.99,mountaincar,dense
7,6035,-200.0,200,13.648029327392578,-1.0,6.384565494954586e-05,0.0,DQN_RND,0.001,0.99,mountaincar,dense
7,6036,-200.0,200,6.6573615074157715,-1.0,0.00011770595301641151,0.0,DQN_RND,0.001,0.99,mountaincar,dense
7,6037,-200.0,200,3.4500982761383057,-1.0,5.437693835119717e-05,0.0,DQN_RND,0.001,0.99,mountaincar,dense
7,6038,-200.0,200,24.425811767578125,-1.0,6.457100244006142e-05,0.0,DQN_RND,0.001,0.99,mountaincar,dense
7,6039,-200.0,200,27.65886878967285,-1.0,4.930669547320576e-06,0.0,DQN_RND,0.001,0.99,mountaincar,dense
7,6040,-200.0,200,20.509174346923828,-1.0,1.1612912203418091e-05,0.0,DQN_RND,0.001,0.99,mountaincar,dense
7,6041,-200.0,200,19.8272647857666,-1.0,2.4819526515784673e-05,0.0,DQN_RND,0.001,0.99,mountaincar,dense
7,6042,-200.0,200,23.05931854248047,-1.0,0.0001191373958135955,0.0,DQN_RND,0.001,0.99,mountaincar,dense
7,6043,-200.0,200,22.845312118530273,-1.0,9.301512363890652e-06,0.0,DQN_RND,0.001,0.99,mountaincar,dense
7,6044,-200.0,200,16.086223602294922,-1.0,6.142327765701339e-05,0.0,DQN_RND,0.001,0.99,mountaincar,dense
7,6045,-200.0,200,28.826671600341797,-1.0,2.2109275960247032e-05,0.0,DQN_RND,0.001,0.99,mountaincar,dense
7,6046,-200.0,200,6.512199878692627,-1.0,4.258334229234606e-05,0.0,DQN_RND,0.001,0.99,mountaincar,dense
7,6047,-200.0,200,12.758028030395508,-1.0,2.8162135095044505e-06,0.0,DQN_RND,0.001,0.99,mountaincar,dense
7,6048,-200.0,200,22.583473205566406,-1.0,1.4216132058209041e-06,0.0,DQN_RND,0.001,0.99,mountaincar,dense
7,6049,-200.0,200,15.962064743041992,-1.0,1.0464873412274756e-05,0.0,DQN_RND,0.001,0.99,mountaincar,dense
7,6050,-200.0,200,19.485946655273438,-1.0,6.024188223818783e-06,0.0,DQN_RND,0.001,0.99,mountaincar,dense
7,6051,-200.0,200,9.57361888885498,-1.0,1.1270117283856962e-06,0.0,DQN_RND,0.001,0.99,mountaincar,dense
7,6052,-200.0,200,12.688098907470703,-1.0,7.051635475363582e-05,0.0,DQN_RND,0.001,0.99,mountaincar,dense
7,6053,-200.0,200,19.148408889770508,-1.0,0.00010555667540756986,0.0,DQN_RND,0.001,0.99,mountaincar,dense
7,6054,-200.0,200,12.750227928161621,-1.0,8.05102608865127e-05,0.0,DQN_RND,0.001,0.99,mountaincar,dense
7,6055,-200.0,200,12.588883399963379,-1.0,5.5124768550740555e-05,0.0,DQN_RND,0.001,0.99,mountaincar,dense
7,6056,-200.0,200,6.4422783851623535,-1.0,9.57750035013305e-06,0.0,DQN_RND,0.001,0.99,mountaincar,dense
7,6057,-200.0,200,15.5243501663208,-1.0,2.9309380806807894e-06,0.0,DQN_RND,0.001,0.99,mountaincar,dense
7,6058,-200.0,200,12.748044967651367,-1.0,4.263552182237618e-05,0.0,DQN_RND,0.001,0.99,mountaincar,dense
7,6059,-200.0,200,24.82335662841797,-1.0,1.6922319900913863e-06,0.0,DQN_RND,0.001,0.99,mountaincar,dense
7,6060,-200.0,200,15.431317329406738,-1.0,4.793634434463456e-05,0.0,DQN_RND,0.001,0.99,mountaincar,dense
7,6061,-200.0,200,19.120906829833984,-1.0,4.262693983037025e-05,0.0,DQN_RND,0.001,0.99,mountaincar,dense
7,6062,-200.0,200,18.861408233642578,-1.0,6.337866216199473e-05,0.0,DQN_RND,0.001,0.99,mountaincar,dense
7,6063,-200.0,200,22.2457218170166,-1.0,7.684568845434114e-05,0.0,DQN_RND,0.001,0.99,mountaincar,dense
7,6064,-200.0,200,27.788713455200195,-1.0,4.9630834837444127e-05,0.0,DQN_RND,0.001,0.99,mountaincar,dense
7,6065,-200.0,200,18.58768653869629,-1.0,0.00010243408178212121,0.0,DQN_RND,0.001,0.99,mountaincar,dense
7,6066,-200.0,200,9.542957305908203,-1.0,2.8413873224053532e-05,0.0,DQN_RND,0.001,0.99,mountaincar,dense
7,6067,-200.0,200,9.64568042755127,-1.0,2.7304600735078566e-05,0.0,DQN_RND,0.001,0.99,mountaincar,dense
7,6068,-200.0,200,15.68687629699707,-1.0,1.6324746638929355e-06,0.0,DQN_RND,0.001,0.99,mountaincar,dense
7,6069,-200.0,200,12.859138488769531,-1.0,8.345370588358492e-05,0.0,DQN_RND,0.001,0.99,mountaincar,dense
7,6070,-200.0,200,12.834676742553711,-1.0,5.509757829713635e-05,0.0,DQN_RND,0.001,0.99,mountaincar,dense
7,6071,-200.0,200,12.744149208068848,-1.0,5.3166213547228836e-06,0.0,DQN_RND,0.001,0.99,mountaincar,dense
7,6072,-200.0,200,12.7337646484375,-1.0,8.991835784399882e-06,0.0,DQN_RND,0.001,0.99,mountaincar,dense
7,6073,-200.0,200,6.234063625335693,-1.0,8.998306839202996e-06,0.0,DQN_RND,0.001,0.99,mountaincar,dense
7,6074,-200.0,200,25.575145721435547,-1.0,5.71248892811127e-05,0.0,DQN_RND,0.001,0.99,mountaincar,dense
7,6075,-200.0,200,9.448851585388184,-1.0,4.041857664560666e-06,0.0,DQN_RND,0.001,0.99,mountaincar,dense
7,6076,-200.0,200,22.610736846923828,-1.0,4.5215045247459784e-05,0.0,DQN_RND,0.001,0.99,mountaincar,dense
7,6077,-200.0,200,6.64277982711792,-1.0,8.347404218511656e-06,0.0,DQN_RND,0.001,0.99,mountaincar,dense
7,6078,-200.0,200,22.538700103759766,-1.0,9.332729860034306e-06,0.0,DQN_RND,0.001,0.99,mountaincar,dense
7,6079,-200.0,200,28.293445587158203,-1.0,2.558304913691245e-06,0.0,DQN_RND,0.001,0.99,mountaincar,dense
7,6080,-200.0,200,0.1156032383441925,-1.0,5.311621862347238e-05,0.0,DQN_RND,0.001,0.99,mountaincar,dense
7,6081,-200.0,200,13.081452369689941,-1.0,1.170022528640402e-06,0.0,DQN_RND,0.001,0.99,mountaincar,dense
7,6082,-200.0,200,9.839052200317383,-1.0,5.9061952924821526e-05,0.0,DQN_RND,0.001,0.99,mountaincar,dense
7,6083,-200.0,200,19.53558921813965,-1.0,1.380493699798535e-06,0.0,DQN_RND,0.001,0.99,mountaincar,dense
7,6084,-200.0,200,19.254669189453125,-1.0,1.5732555311842589e-06,0.0,DQN_RND,0.001,0.99,mountaincar,dense
7,6085,-200.0,200,12.904206275939941,-1.0,4.725841790786944e-05,0.0,DQN_RND,0.001,0.99,mountaincar,dense
7,6086,-200.0,200,3.2934975624084473,-1.0,1.9714386780833593e-06,0.0,DQN_RND,0.001,0.99,mountaincar,dense
7,6087,-200.0,200,12.886277198791504,-1.0,5.005810453440063e-05,0.0,DQN_RND,0.001,0.99,mountaincar,dense
7,6088,-200.0,200,28.924840927124023,-1.0,5.050188701716252e-05,0.0,DQN_RND,0.001,0.99,mountaincar,dense
7,6089,-200.0,200,6.646046161651611,-1.0,2.2585315946344053e-06,0.0,DQN_RND,0.001,0.99,mountaincar,dense
7,6090,-200.0,200,16.416641235351562,-1.0,1.6524166994713596e-06,0.0,DQN_RND,0.001,0.99,mountaincar,dense
7,6091,-200.0,200,22.51392936706543,-1.0,1.9422891455178615e-06,0.0,DQN_RND,0.001,0.99,mountaincar,dense
7,6092,-200.0,200,9.562253952026367,-1.0,5.513752330443822e-05,0.0,DQN_RND,0.001,0.99,mountaincar,dense
7,6093,-200.0,200,19.4574031829834,-1.0,2.9899418223067187e-05,0.0,DQN_RND,0.001,0.99,mountaincar,dense
7,6094,-200.0,200,12.587800979614258,-1.0,6.95925518812146e-06,0.0,DQN_RND,0.001,0.99,mountaincar,dense
7,6095,-200.0,200,12.862464904785156,-1.0,4.074886965099722e-05,0.0,DQN_RND,0.001,0.99,mountaincar,dense
7,6096,-200.0,200,6.526549339294434,-1.0,8.90933079062961e-05,0.0,DQN_RND,0.001,0.99,mountaincar,dense
7,6097,-200.0,200,16.46443748474121,-1.0,5.1194940169807523e-05,0.0,DQN_RND,0.001,0.99,mountaincar,dense
7,6098,-200.0,200,19.171459197998047,-1.0,1.2676708138315007e-05,0.0,DQN_RND,0.001,0.99,mountaincar,dense
7,6099,-200.0,200,12.619646072387695,-1.0,0.0001169466195278801,0.0,DQN_RND,0.001,0.99,mountaincar,dense
7,6100,-200.0,200,12.97076416015625,-1.0,8.763532241573557e-05,0.0,DQN_RND,0.001,0.99,mountaincar,dense
7,6101,-200.0,200,26.340784072875977,-1.0,6.389827467501163e-05,0.0,DQN_RND,0.001,0.99,mountaincar,dense
7,6102,-200.0,200,16.46218490600586,-1.0,6.147625390440226e-05,0.0,DQN_RND,0.001,0.99,mountaincar,dense
7,6103,-200.0,200,16.352073669433594,-1.0,2.0858105926890858e-06,0.0,DQN_RND,0.001,0.99,mountaincar,dense
7,6104,-200.0,200,10.075843811035156,-1.0,0.00012168589455541223,0.0,DQN_RND,0.001,0.99,mountaincar,dense
7,6105,-200.0,200,16.323219299316406,-1.0,3.912083684554091e-06,0.0,DQN_RND,0.001,0.99,mountaincar,dense
7,6106,-200.0,200,19.574392318725586,-1.0,5.4515730880666524e-05,0.0,DQN_RND,0.001,0.99,mountaincar,dense
7,6107,-200.0,200,6.721102237701416,-1.0,1.3789363038085867e-05,0.0,DQN_RND,0.001,0.99,mountaincar,dense
7,6108,-200.0,200,12.963908195495605,-1.0,9.91635079117259e-06,0.0,DQN_RND,0.001,0.99,mountaincar,dense
7,6109,-200.0,200,6.709320068359375,-1.0,5.240166137809865e-05,0.0,DQN_RND,0.001,0.99,mountaincar,dense
7,6110,-200.0,200,9.917798042297363,-1.0,3.909729275619611e-05,0.0,DQN_RND,0.001,0.99,mountaincar,dense
7,6111,-200.0,200,19.61797523498535,-1.0,5.132503792992793e-05,0.0,DQN_RND,0.001,0.99,mountaincar,dense
7,6112,-200.0,200,13.447845458984375,-1.0,5.878926458535716e-05,0.0,DQN_RND,0.001,0.99,mountaincar,dense
7,6113,-200.0,200,29.92731475830078,-1.0,8.037366933422163e-05,0.0,DQN_RND,0.001,0.99,mountaincar,dense
7,6114,-200.0,200,30.648834228515625,-1.0,1.0363092997067724e-06,0.0,DQN_RND,0.001,0.99,mountaincar,dense
7,6115,-200.0,200,6.857880592346191,-1.0,5.2650862926384434e-05,0.0,DQN_RND,0.001,0.99,mountaincar,dense
7,6116,-200.0,200,13.407743453979492,-1.0,2.0422605757630663e-06,0.0,DQN_RND,0.001,0.99,mountaincar,dense
7,6117,-200.0,200,20.2213191986084,-1.0,3.636140172602609e-05,0.0,DQN_RND,0.001,0.99,mountaincar,dense
7,6118,-200.0,200,6.727873802185059,-1.0,0.00010459568147780374,0.0,DQN_RND,0.001,0.99,mountaincar,dense
7,6119,-200.0,200,23.56951904296875,-1.0,4.529347279458307e-06,0.0,DQN_RND,0.001,0.99,mountaincar,dense
7,6120,-200.0,200,30.45340347290039,-1.0,2.4787120764813153e-06,0.0,DQN_RND,0.001,0.99,mountaincar,dense
7,6121,-200.0,200,22.959203720092773,-1.0,3.3481601349194534e-06,0.0,DQN_RND,0.001,0.99,mountaincar,dense
7,6122,-200.0,200,16.417646408081055,-1.0,2.761450014077127e-05,0.0,DQN_RND,0.001,0.99,mountaincar,dense
7,6123,-200.0,200,19.87820816040039,-1.0,4.662409264710732e-05,0.0,DQN_RND,0.001,0.99,mountaincar,dense
7,6124,-200.0,200,22.92208480834961,-1.0,3.227283013984561e-05,0.0,DQN_RND,0.001,0.99,mountaincar,dense
7,6125,-200.0,200,6.710793495178223,-1.0,4.1886523831635714e-05,0.0,DQN_RND,0.001,0.99,mountaincar,dense
7,6126,-200.0,200,9.994065284729004,-1.0,8.699131285538897e-06,0.0,DQN_RND,0.001,0.99,mountaincar,dense
7,6127,-200.0,200,12.892396926879883,-1.0,5.3951509471517056e-05,0.0,DQN_RND,0.001,0.99,mountaincar,dense
7,6128,-200.0,200,23.491485595703125,-1.0,6.484649202320725e-05,0.0,DQN_RND,0.001,0.99,mountaincar,dense
7,6129,-200.0,200,16.529273986816406,-1.0,8.843722753226757e-06,0.0,DQN_RND,0.001,0.99,mountaincar,dense
7,6130,-200.0,200,30.366071701049805,-1.0,1.1557170864762156e-06,0.0,DQN_RND,0.001,0.99,mountaincar,dense
7,6131,-200.0,200,23.023174285888672,-1.0,3.58843271897058e-06,0.0,DQN_RND,0.001,0.99,mountaincar,dense
7,6132,-200.0,200,27.066287994384766,-1.0,3.75654999515973e-05,0.0,DQN_RND,0.001,0.99,mountaincar,dense
7,6133,-200.0,200,10.179144859313965,-1.0,9.866070286079776e-06,0.0,DQN_RND,0.001,0.99,mountaincar,dense
7,6134,-200.0,200,27.279285430908203,-1.0,2.8449087494664127e-06,0.0,DQN_RND,0.001,0.99,mountaincar,dense
7,6135,-200.0,200,20.336889266967773,-1.0,3.1106497772270814e-05,0.0,DQN_RND,0.001,0.99,mountaincar,dense
7,6136,-200.0,200,19.94287872314453,-1.0,3.456160629866645e-05,0.0,DQN_RND,0.001,0.99,mountaincar,dense
7,6137,-200.0,200,16.840761184692383,-1.0,4.841486952500418e-05,0.0,DQN_RND,0.001,0.99,mountaincar,dense
7,6138,-200.0,200,13.265830039978027,-1.0,2.1136025679879822e-05,0.0,DQN_RND,0.001,0.99,mountaincar,dense
7,6139,-200.0,200,16.886539459228516,-1.0,2.364200190640986e-05,0.0,DQN_RND,0.001,0.99,mountaincar,dense
7,6140,-200.0,200,23.40392303466797,-1.0,5.211447205510922e-05,0.0,DQN_RND,0.001,0.99,mountaincar,dense
7,6141,-200.0,200,20.51287269592285,-1.0,4.859568434767425e-05,0.0,DQN_RND,0.001,0.99,mountaincar,dense
7,6142,-200.0,200,10.055373191833496,-1.0,5.329908162821084e-05,0.0,DQN_RND,0.001,0.99,mountaincar,dense
7,6143,-200.0,200,10.545601844787598,-1.0,2.3799020709702745e-05,0.0,DQN_RND,0.001,0.99,mountaincar,dense
7,6144,-200.0,200,10.416841506958008,-1.0,1.934806959980051e-06,0.0,DQN_RND,0.001,0.99,mountaincar,dense
7,6145,-200.0,200,30.75157356262207,-1.0,1.148490241575928e-06,0.0,DQN_RND,0.001,0.99,mountaincar,dense
7,6146,-200.0,200,26.634998321533203,-1.0,1.0666470871001366e-06,0.0,DQN_RND,0.001,0.99,mountaincar,dense
7,6147,-200.0,200,26.71568489074707,-1.0,6.919325824128464e-05,0.0,DQN_RND,0.001,0.99,mountaincar,dense
7,6148,-200.0,200,16.649871826171875,-1.0,1.2659023013839033e-05,0.0,DQN_RND,0.001,0.99,mountaincar,dense
7,6149,-200.0,200,9.521841049194336,-1.0,5.04262134199962e-05,0.0,DQN_RND,0.001,0.99,mountaincar,dense
7,6150,-200.0,200,28.995460510253906,-1.0,8.710227120900527e-05,0.0,DQN_RND,0.001,0.99,mountaincar,dense
7,6151,-200.0,200,15.71728515625,-1.0,6.649375427514315e-05,0.0,DQN_RND,0.001,0.99,mountaincar,dense
7,6152,-200.0,200,12.731684684753418,-1.0,1.1024602599718492e-06,0.0,DQN_RND,0.001,0.99,mountaincar,dense
7,6153,-200.0,200,24.990896224975586,-1.0,1.2373014897093526e-06,0.0,DQN_RND,0.001,0.99,mountaincar,dense
7,6154,-200.0,200,15.317062377929688,-1.0,6.518916779896244e-05,0.0,DQN_RND,0.001,0.99,mountaincar,dense
7,6155,-200.0,200,12.308799743652344,-1.0,6.337099330266938e-05,0.0,DQN_RND,0.001,0.99,mountaincar,dense
7,6156,-200.0,200,21.472871780395508,-1.0,0.00012829212937504053,0.0,DQN_RND,0.001,0.99,mountaincar,dense
7,6157,-200.0,200,9.461996078491211,-1.0,7.760239532217383e-05,0.0,DQN_RND,0.001,0.99,mountaincar,dense
7,6158,-200.0,200,6.340760707855225,-1.0,1.3004740821997984e-06,0.0,DQN_RND,0.001,0.99,mountaincar,dense
7,6159,-200.0,200,12.27015495300293,-1.0,7.67697474657325e-06,0.0,DQN_RND,0.001,0.99,mountaincar,dense
7,6160,-200.0,200,9.252867698669434,-1.0,1.3074886737740599e-06,0.0,DQN_RND,0.001,0.99,mountaincar,dense
7,6161,-200.0,200,21.407554626464844,-1.0,7.082947558956221e-05,0.0,DQN_RND,0.001,0.99,mountaincar,dense
7,6162,-200.0,200,18.30179786682129,-1.0,3.101674337813165e-06,0.0,DQN_RND,0.001,0.99,mountaincar,dense
7,6163,-200.0,200,12.285954475402832,-1.0,4.531442391453311e-05,0.0,DQN_RND,0.001,0.99,mountaincar,dense
7,6164,-200.0,200,21.91831398010254,-1.0,5.248120578471571e-05,0.0,DQN_RND,0.001,0.99,mountaincar,dense
7,6165,-200.0,200,6.306548118591309,-1.0,1.3651887229571003e-06,0.0,DQN_RND,0.001,0.99,mountaincar,dense
7,6166,-200.0,200,18.940902709960938,-1.0,6.50655638310127e-05,0.0,DQN_RND,0.001,0.99,mountaincar,dense
7,6167,-200.0,200,15.898221969604492,-1.0,5.2650048019131646e-05,0.0,DQN_RND,0.001,0.99,mountaincar,dense
7,6168,-200.0,200,9.39186954498291,-1.0,3.270272645750083e-05,0.0,DQN_RND,0.001,0.99,mountaincar,dense
7,6169,-200.0,200,18.871809005737305,-1.0,1.0751305126177613e-05,0.0,DQN_RND,0.001,0.99,mountaincar,dense
7,6170,-200.0,200,22.27388572692871,-1.0,9.955962241292582e-07,0.0,DQN_RND,0.001,0.99,mountaincar,dense
7,6171,-200.0,200,22.371177673339844,-1.0,1.051382014338742e-06,0.0,DQN_RND,0.001,0.99,mountaincar,dense
7,6172,-200.0,200,21.654150009155273,-1.0,2.791760152831557e-06,0.0,DQN_RND,0.001,0.99,mountaincar,dense
7,6173,-200.0,200,12.829886436462402,-1.0,4.955252370564267e-05,0.0,DQN_RND,0.001,0.99,mountaincar,dense
7,6174,-200.0,200,31.800350189208984,-1.0,1.2441284980013734e-06,0.0,DQN_RND,0.001,0.99,mountaincar,dense
7,6175,-200.0,200,32.33633041381836,-1.0,6.497742288047448e-05,0.0,DQN_RND,0.001,0.99,mountaincar,dense
7,6176,-200.0,200,9.585836410522461,-1.0,2.6686477667681174e-06,0.0,DQN_RND,0.001,0.99,mountaincar,dense
7,6177,-200.0,200,13.01289176940918,-1.0,1.0999301593983546e-06,0.0,DQN_RND,0.001,0.99,mountaincar,dense
7,6178,-200.0,200,15.674184799194336,-1.0,6.5242729760939255e-06,0.0,DQN_RND,0.001,0.99,mountaincar,dense
7,6179,-200.0,200,18.835878372192383,-1.0,5.1299713959451765e-05,0.0,DQN_RND,0.001,0.99,mountaincar,dense
7,6180,-200.0,200,3.245170831680298,-1.0,5.220153616392054e-05,0.0,DQN_RND,0.001,0.99,mountaincar,dense
7,6181,-200.0,200,16.273883819580078,-1.0,1.3637641131936107e-06,0.0,DQN_RND,0.001,0.99,mountaincar,dense
7,6182,-200.0,200,9.7869234085083,-1.0,7.811780960764736e-05,0.0,DQN_RND,0.001,0.99,mountaincar,dense
7,6183,-200.0,200,12.813692092895508,-1.0,1.7394435189999058e-06,0.0,DQN_RND,0.001,0.99,mountaincar,dense
7,6184,-200.0,200,9.621309280395508,-1.0,1.7813443946579355e-06,0.0,DQN_RND,0.001,0.99,mountaincar,dense
7,6185,-200.0,200,22.3482666015625,-1.0,9.215029876941117e-07,0.0,DQN_RND,0.001,0.99,mountaincar,dense
7,6186,-200.0,200,21.93657112121582,-1.0,2.801706432364881e-05,0.0,DQN_RND,0.001,0.99,mountaincar,dense
7,6187,-200.0,200,6.435401916503906,-1.0,3.390404162928462e-05,0.0,DQN_RND,0.001,0.99,mountaincar,dense
7,6188,-200.0,200,31.260730743408203,-1.0,2.9458517474267865e-06,0.0,DQN_RND,0.001,0.99,mountaincar,dense
7,6189,-200.0,200,15.208728790283203,-1.0,6.014933387632482e-05,0.0,DQN_RND,0.001,0.99,mountaincar,dense
7,6190,-200.0,200,15.311500549316406,-1.0,5.456156941363588e-05,0.0,DQN_RND,0.001,0.99,mountaincar,dense
7,6191,-200.0,200,28.12807846069336,-1.0,2.8683341952273622e-05,0.0,DQN_RND,0.001,0.99,mountaincar,dense
7,6192,-200.0,200,6.402453422546387,-1.0,1.1047743555536726e-06,0.0,DQN_RND,0.001,0.99,mountaincar,dense
7,6193,-200.0,200,12.439130783081055,-1.0,2.1425410068331985e-06,0.0,DQN_RND,0.001,0.99,mountaincar,dense
7,6194,-200.0,200,18.49547004699707,-1.0,1.914348831633106e-05,0.0,DQN_RND,0.001,0.99,mountaincar,dense
7,6195,-200.0,200,6.282872200012207,-1.0,3.391719474166166e-06,0.0,DQN_RND,0.001,0.99,mountaincar,dense
7,6196,-200.0,200,19.100494384765625,-1.0,5.6221484555862844e-05,0.0,DQN_RND,0.001,0.99,mountaincar,dense
7,6197,-200.0,200,18.884716033935547,-1.0,1.1041988727811258e-05,0.0,DQN_RND,0.001,0.99,mountaincar,dense
7,6198,-200.0,200,22.4244327545166,-1.0,8.344556590600405e-06,0.0,DQN_RND,0.001,0.99,mountaincar,dense
7,6199,-200.0,200,6.385371685028076,-1.0,4.1250063077313825e-05,0.0,DQN_RND,0.001,0.99,mountaincar,dense
7,6200,-200.0,200,12.740437507629395,-1.0,3.964576171711087e-05,0.0,DQN_RND,0.001,0.99,mountaincar,dense
7,6201,-200.0,200,12.907608985900879,-1.0,1.6839185263961554e-05,0.0,DQN_RND,0.001,0.99,mountaincar,dense
7,6202,-200.0,200,22.23501205444336,-1.0,2.2309750420390628e-05,0.0,DQN_RND,0.001,0.99,mountaincar,dense
7,6203,-200.0,200,19.437023162841797,-1.0,4.588791853166185e-05,0.0,DQN_RND,0.001,0.99,mountaincar,dense
7,6204,-200.0,200,16.1309814453125,-1.0,2.7155987481819466e-05,0.0,DQN_RND,0.001,0.99,mountaincar,dense
7,6205,-200.0,200,32.68113708496094,-1.0,3.690291487146169e-05,0.0,DQN_RND,0.001,0.99,mountaincar,dense
7,6206,-200.0,200,16.534799575805664,-1.0,8.275097570731305e-06,0.0,DQN_RND,0.001,0.99,mountaincar,dense
7,6207,-200.0,200,19.757099151611328,-1.0,3.265692157583544e-06,0.0,DQN_RND,0.001,0.99,mountaincar,dense
7,6208,-200.0,200,19.702957153320312,-1.0,1.4444728549278807e-05,0.0,DQN_RND,0.001,0.99,mountaincar,dense
7,6209,-200.0,200,19.405031204223633,-1.0,5.570303983404301e-05,0.0,DQN_RND,0.001,0.99,mountaincar,dense
7,6210,-200.0,200,26.436643600463867,-1.0,2.2265909137786366e-05,0.0,DQN_RND,0.001,0.99,mountaincar,dense
7,6211,-200.0,200,9.68734073638916,-1.0,2.1267912870825967e-06,0.0,DQN_RND,0.001,0.99,mountaincar,dense
7,6212,-200.0,200,29.423673629760742,-1.0,5.6166107242461294e-05,0.0,DQN_RND,0.001,0.99,mountaincar,dense
7,6213,-200.0,200,16.29680061340332,-1.0,2.8858914447482675e-05,0.0,DQN_RND,0.001,0.99,mountaincar,dense
7,6214,-200.0,200,23.34994888305664,-1.0,5.1995815738337114e-05,0.0,DQN_RND,0.001,0.99,mountaincar,dense
7,6215,-200.0,200,16.541259765625,-1.0,1.1982883734162897e-06,0.0,DQN_RND,0.001,0.99,mountaincar,dense
7,6216,-200.0,200,19.83150291442871,-1.0,4.258766784914769e-05,0.0,DQN_RND,0.001,0.99,mountaincar,dense
7,6217,-200.0,200,12.930112838745117,-1.0,3.62019709427841e-05,0.0,DQN_RND,0.001,0.99,mountaincar,dense
7,6218,-200.0,200,16.297035217285156,-1.0,2.878879604395479e-05,0.0,DQN_RND,0.001,0.99,mountaincar,dense
7,6219,-200.0,200,20.07691764831543,-1.0,3.0395836802199483e-05,0.0,DQN_RND,0.001,0.99,mountaincar,dense
7,6220,-200.0,200,23.30195426940918,-1.0,2.5180190732498886e-06,0.0,DQN_RND,0.001,0.99,mountaincar,dense
7,6221,-200.0,200,16.46651840209961,-1.0,1.0662078011591802e-06,0.0,DQN_RND,0.001,0.99,mountaincar,dense
7,6222,-200.0,200,16.260202407836914,-1.0,8.594233804615214e-06,0.0,DQN_RND,0.001,0.99,mountaincar,dense
7,6223,-200.0,200,26.36705780029297,-1.0,2.022624130404438e-06,0.0,DQN_RND,0.001,0.99,mountaincar,dense
7,6224,-200.0,200,12.906448364257812,-1.0,1.3239415466159699e-06,0.0,DQN_RND,0.001,0.99,mountaincar,dense
7,6225,-200.0,200,25.381717681884766,-1.0,4.742709734273376e-06,0.0,DQN_RND,0.001,0.99,mountaincar,dense
7,6226,-200.0,200,6.049158096313477,-1.0,1.6890784308998263e-06,0.0,DQN_RND,0.001,0.99,mountaincar,dense
7,6227,-200.0,200,3.242185354232788,-1.0,5.0226579332957044e-05,0.0,DQN_RND,0.001,0.99,mountaincar,dense
7,6228,-200.0,200,22.0632266998291,-1.0,4.196253485133639e-06,0.0,DQN_RND,0.001,0.99,mountaincar,dense
7,6229,-200.0,200,6.4442219734191895,-1.0,4.735994662041776e-05,0.0,DQN_RND,0.001,0.99,mountaincar,dense
7,6230,-200.0,200,9.408308982849121,-1.0,8.712407725397497e-05,0.0,DQN_RND,0.001,0.99,mountaincar,dense
7,6231,-200.0,200,19.353269577026367,-1.0,3.3292970329057425e-05,0.0,DQN_RND,0.001,0.99,mountaincar,dense
7,6232,-200.0,200,9.351808547973633,-1.0,5.864731065230444e-05,0.0,DQN_RND,0.001,0.99,mountaincar,dense
7,6233,-200.0,200,9.633637428283691,-1.0,3.4921642509289086e-05,0.0,DQN_RND,0.001,0.99,mountaincar,dense
7,6234,-200.0,200,12.640918731689453,-1.0,5.8356345107313246e-05,0.0,DQN_RND,0.001,0.99,mountaincar,dense
7,6235,-200.0,200,19.515945434570312,-1.0,6.13159136264585e-05,0.0,DQN_RND,0.001,0.99,mountaincar,dense
7,6236,-200.0,200,30.900850296020508,-1.0,6.37283010291867e-05,0.0,DQN_RND,0.001,0.99,mountaincar,dense
7,6237,-200.0,200,19.12697410583496,-1.0,2.677970041986555e-05,0.0,DQN_RND,0.001,0.99,mountaincar,dense
7,6238,-200.0,200,12.262089729309082,-1.0,4.677739070757525e-06,0.0,DQN_RND,0.001,0.99,mountaincar,dense
7,6239,-200.0,200,15.839543342590332,-1.0,2.9074139092699625e-05,0.0,DQN_RND,0.001,0.99,mountaincar,dense
7,6240,-200.0,200,22.156509399414062,-1.0,5.471466283779591e-05,0.0,DQN_RND,0.001,0.99,mountaincar,dense
7,6241,-200.0,200,16.089468002319336,-1.0,5.52845885977149e-05,0.0,DQN_RND,0.001,0.99,mountaincar,dense
7,6242,-200.0,200,9.617691040039062,-1.0,5.123656592331827e-05,0.0,DQN_RND,0.001,0.99,mountaincar,dense
7,6243,-200.0,200,9.566956520080566,-1.0,3.453204044490121e-05,0.0,DQN_RND,0.001,0.99,mountaincar,dense
7,6244,-200.0,200,3.291804075241089,-1.0,3.3507324133097427e-06,0.0,DQN_RND,0.001,0.99,mountaincar,dense
7,6245,-200.0,200,16.254623413085938,-1.0,5.9845991927431896e-05,0.0,DQN_RND,0.001,0.99,mountaincar,dense
7,6246,-200.0,200,12.962456703186035,-1.0,9.484427891948144e-07,0.0,DQN_RND,0.001,0.99,mountaincar,dense
7,6247,-200.0,200,9.686983108520508,-1.0,4.130836168769747e-05,0.0,DQN_RND,0.001,0.99,mountaincar,dense
7,6248,-200.0,200,15.930610656738281,-1.0,4.313307726988569e-05,0.0,DQN_RND,0.001,0.99,mountaincar,dense
7,6249,-200.0,200,18.793149948120117,-1.0,5.406244963523932e-05,0.0,DQN_RND,0.001,0.99,mountaincar,dense
7,6250,-200.0,200,6.376837253570557,-1.0,4.672578870668076e-05,0.0,DQN_RND,0.001,0.99,mountaincar,dense
7,6251,-200.0,200,9.698281288146973,-1.0,3.468499562586658e-05,0.0,DQN_RND,0.001,0.99,mountaincar,dense
7,6252,-200.0,200,16.217365264892578,-1.0,2.617888640088495e-05,0.0,DQN_RND,0.001,0.99,mountaincar,dense
7,6253,-200.0,200,9.61266040802002,-1.0,3.608195129345404e-06,0.0,DQN_RND,0.001,0.99,mountaincar,dense
7,6254,-200.0,200,3.223672389984131,-1.0,3.581434066290967e-05,0.0,DQN_RND,0.001,0.99,mountaincar,dense
7,6255,-200.0,200,9.685864448547363,-1.0,2.2887286831974052e-05,0.0,DQN_RND,0.001,0.99,mountaincar,dense
7,6256,-200.0,200,13.067975997924805,-1.0,9.268959729524795e-06,0.0,DQN_RND,0.001,0.99,mountaincar,dense
7,6257,-200.0,200,15.91148853302002,-1.0,2.9072984943923075e-06,0.0,DQN_RND,0.001,0.99,mountaincar,dense
7,6258,-200.0,200,12.852507591247559,-1.0,4.423674909048714e-05,0.0,DQN_RND,0.001,0.99,mountaincar,dense
7,6259,-200.0,200,29.27214813232422,-1.0,0.00011922954581677914,0.0,DQN_RND,0.001,0.99,mountaincar,dense
7,6260,-200.0,200,13.097521781921387,-1.0,2.76440891866514e-06,0.0,DQN_RND,0.001,0.99,mountaincar,dense
7,6261,-200.0,200,16.21042251586914,-1.0,8.455058377876412e-07,0.0,DQN_RND,0.001,0.99,mountaincar,dense
7,6262,-200.0,200,9.824958801269531,-1.0,4.212341082165949e-06,0.0,DQN_RND,0.001,0.99,mountaincar,dense
7,6263,-200.0,200,13.015829086303711,-1.0,1.6956767012743512e-06,0.0,DQN_RND,0.001,0.99,mountaincar,dense
7,6264,-200.0,200,6.769139766693115,-1.0,5.009911546949297e-05,0.0,DQN_RND,0.001,0.99,mountaincar,dense
7,6265,-200.0,200,22.961082458496094,-1.0,4.301542048779083e-06,0.0,DQN_RND,0.001,0.99,mountaincar,dense
7,6266,-200.0,200,23.041641235351562,-1.0,3.421073779463768e-05,0.0,DQN_RND,0.001,0.99,mountaincar,dense
7,6267,-200.0,200,10.054006576538086,-1.0,3.436164843151346e-05,0.0,DQN_RND,0.001,0.99,mountaincar,dense
7,6268,-200.0,200,3.4261417388916016,-1.0,2.2907910533831455e-05,0.0,DQN_RND,0.001,0.99,mountaincar,dense
7,6269,-200.0,200,13.343225479125977,-1.0,4.548286960925907e-05,0.0,DQN_RND,0.001,0.99,mountaincar,dense
7,6270,-200.0,200,16.6599063873291,-1.0,5.738031541113742e-05,0.0,DQN_RND,0.001,0.99,mountaincar,dense
7,6271,-200.0,200,16.602821350097656,-1.0,6.229010614333674e-05,0.0,DQN_RND,0.001,0.99,mountaincar,dense
7,6272,-200.0,200,20.162582397460938,-1.0,4.491919753490947e-06,0.0,DQN_RND,0.001,0.99,mountaincar,dense
7,6273,-200.0,200,19.963830947875977,-1.0,4.12206572946161e-05,0.0,DQN_RND,0.001,0.99,mountaincar,dense
7,6274,-200.0,200,16.420751571655273,-1.0,5.018876436224673e-06,0.0,DQN_RND,0.001,0.99,mountaincar,dense
7,6275,-200.0,200,13.560800552368164,-1.0,3.2507141440873966e-05,0.0,DQN_RND,0.001,0.99,mountaincar,dense
7,6276,-200.0,200,16.665138244628906,-1.0,2.804220684993197e-06,0.0,DQN_RND,0.001,0.99,mountaincar,dense
7,6277,-200.0,200,10.272676467895508,-1.0,1.8100708985002711e-06,0.0,DQN_RND,0.001,0.99,mountaincar,dense
7,6278,-200.0,200,13.169477462768555,-1.0,8.471472028759308e-06,0.0,DQN_RND,0.001,0.99,mountaincar,dense
7,6279,-200.0,200,23.061466217041016,-1.0,3.196979014319368e-05,0.0,DQN_RND,0.001,0.99,mountaincar,dense
7,6280,-200.0,200,9.890497207641602,-1.0,2.3488359147449955e-05,0.0,DQN_RND,0.001,0.99,mountaincar,dense
7,6281,-200.0,200,10.134434700012207,-1.0,3.262855898356065e-05,0.0,DQN_RND,0.001,0.99,mountaincar,dense
7,6282,-200.0,200,13.750951766967773,-1.0,3.556917727109976e-05,0.0,DQN_RND,0.001,0.99,mountaincar,dense
7,6283,-200.0,200,20.404102325439453,-1.0,3.3301084840786643e-06,0.0,DQN_RND,0.001,0.99,mountaincar,dense
7,6284,-200.0,200,16.670547485351562,-1.0,8.82879362507083e-07,0.0,DQN_RND,0.001,0.99,mountaincar,dense
7,6285,-200.0,200,26.747163772583008,-1.0,0.00012986987712793052,0.0,DQN_RND,0.001,0.99,mountaincar,dense
7,6286,-200.0,200,28.737648010253906,-1.0,4.9468682846054435e-05,0.0,DQN_RND,0.001,0.99,mountaincar,dense
7,6287,-200.0,200,9.185065269470215,-1.0,2.9981245461385697e-05,0.0,DQN_RND,0.001,0.99,mountaincar,dense
7,6288,-200.0,200,19.726476669311523,-1.0,6.216528709046543e-05,0.0,DQN_RND,0.001,0.99,mountaincar,dense
7,6289,-200.0,200,19.235271453857422,-1.0,1.570372319292801e-06,0.0,DQN_RND,0.001,0.99,mountaincar,dense
7,6290,-200.0,200,6.644313335418701,-1.0,9.007508197100833e-06,0.0,DQN_RND,0.001,0.99,mountaincar,dense
7,6291,-200.0,200,29.503170013427734,-1.0,1.215506017615553e-06,0.0,DQN_RND,0.001,0.99,mountaincar,dense
7,6292,-200.0,200,19.422576904296875,-1.0,3.717492290888913e-05,0.0,DQN_RND,0.001,0.99,mountaincar,dense
7,6293,-200.0,200,23.12831687927246,-1.0,2.404856240900699e-05,0.0,DQN_RND,0.001,0.99,mountaincar,dense
7,6294,-200.0,200,10.105626106262207,-1.0,4.568565418594517e-05,0.0,DQN_RND,0.001,0.99,mountaincar,dense
7,6295,-200.0,200,26.014345169067383,-1.0,1.1538847502379213e-05,0.0,DQN_RND,0.001,0.99,mountaincar,dense
7,6296,-200.0,200,22.173410415649414,-1.0,2.5751562134246342e-05,0.0,DQN_RND,0.001,0.99,mountaincar,dense
7,6297,-200.0,200,15.998722076416016,-1.0,4.0253034967463464e-05,0.0,DQN_RND,0.001,0.99,mountaincar,dense
7,6298,-200.0,200,19.405841827392578,-1.0,6.266983109526336e-05,0.0,DQN_RND,0.001,0.99,mountaincar,dense
7,6299,-200.0,200,19.41651153564453,-1.0,2.68058884103084e-05,0.0,DQN_RND,0.001,0.99,mountaincar,dense
7,6300,-200.0,200,9.837244987487793,-1.0,2.93651714855514e-06,0.0,DQN_RND,0.001,0.99,mountaincar,dense
7,6301,-200.0,200,22.56814956665039,-1.0,2.7126683562528342e-05,0.0,DQN_RND,0.001,0.99,mountaincar,dense
7,6302,-200.0,200,13.029004096984863,-1.0,8.375793186132796e-06,0.0,DQN_RND,0.001,0.99,mountaincar,dense
7,6303,-200.0,200,16.047828674316406,-1.0,2.4681830836925656e-05,0.0,DQN_RND,0.001,0.99,mountaincar,dense
7,6304,-200.0,200,35.04696273803711,-1.0,5.869321830687113e-05,0.0,DQN_RND,0.001,0.99,mountaincar,dense
7,6305,-200.0,200,15.918512344360352,-1.0,4.089287540409714e-05,0.0,DQN_RND,0.001,0.99,mountaincar,dense
7,6306,-200.0,200,15.728357315063477,-1.0,2.1018367988290265e-06,0.0,DQN_RND,0.001,0.99,mountaincar,dense
7,6307,-200.0,200,15.837102890014648,-1.0,3.583389116101898e-05,0.0,DQN_RND,0.001,0.99,mountaincar,dense
7,6308,-200.0,200,12.600395202636719,-1.0,2.5471532353549264e-05,0.0,DQN_RND,0.001,0.99,mountaincar,dense
7,6309,-200.0,200,31.27298927307129,-1.0,2.4613635105197318e-05,0.0,DQN_RND,0.001,0.99,mountaincar,dense
7,6310,-200.0,200,27.91520118713379,-1.0,3.44223053616588e-06,0.0,DQN_RND,0.001,0.99,mountaincar,dense
7,6311,-200.0,200,6.158588409423828,-1.0,2.7982618121313863e-05,0.0,DQN_RND,0.001,0.99,mountaincar,dense
7,6312,-200.0,200,14.657355308532715,-1.0,2.840486331479042e-06,0.0,DQN_RND,0.001,0.99,mountaincar,dense
7,6313,-200.0,200,9.327127456665039,-1.0,4.783936674357392e-05,0.0,DQN_RND,0.001,0.99,mountaincar,dense
7,6314,-200.0,200,9.319934844970703,-1.0,3.0870805858285166e-06,0.0,DQN_RND,0.001,0.99,mountaincar,dense
7,6315,-200.0,200,9.0079984664917,-1.0,5.882635014131665e-05,0.0,DQN_RND,0.001,0.99,mountaincar,dense
7,6316,-200.0,200,9.073513984680176,-1.0,5.633838372887112e-05,0.0,DQN_RND,0.001,0.99,mountaincar,dense
7,6317,-200.0,200,6.194795608520508,-1.0,2.787540142890066e-05,0.0,DQN_RND,0.001,0.99,mountaincar,dense
7,6318,-200.0,200,12.015503883361816,-1.0,1.3383937584876548e-06,0.0,DQN_RND,0.001,0.99,mountaincar,dense
7,6319,-200.0,200,12.129484176635742,-1.0,2.2228656234801747e-05,0.0,DQN_RND,0.001,0.99,mountaincar,dense
7,6320,-200.0,200,33.519996643066406,-1.0,6.17667828919366e-05,0.0,DQN_RND,0.001,0.99,mountaincar,dense
7,6321,-200.0,200,14.76052188873291,-1.0,2.99374369205907e-06,0.0,DQN_RND,0.001,0.99,mountaincar,dense
7,6322,-200.0,200,6.046308994293213,-1.0,2.2778907805331983e-05,0.0,DQN_RND,0.001,0.99,mountaincar,dense
7,6323,-200.0,200,12.10823917388916,-1.0,1.3906152389608906e-06,0.0,DQN_RND,0.001,0.99,mountaincar,dense
7,6324,-200.0,200,18.481643676757812,-1.0,1.796816945898172e-06,0.0,DQN_RND,0.001,0.99,mountaincar,dense
7,6325,-200.0,200,8.947997093200684,-1.0,3.441705121076666e-05,0.0,DQN_RND,0.001,0.99,mountaincar,dense
7,6326,-200.0,200,27.96792984008789,-1.0,2.8528467737487517e-05,0.0,DQN_RND,0.001,0.99,mountaincar,dense
7,6327,-200.0,200,25.4819393157959,-1.0,6.773391214665025e-05,0.0,DQN_RND,0.001,0.99,mountaincar,dense
7,6328,-200.0,200,15.763654708862305,-1.0,3.926966655853903e-06,0.0,DQN_RND,0.001,0.99,mountaincar,dense
7,6329,-200.0,200,18.45937156677246,-1.0,8.052449265960604e-05,0.0,DQN_RND,0.001,0.99,mountaincar,dense
7,6330,-200.0,200,9.085725784301758,-1.0,1.2957209492014954e-06,0.0,DQN_RND,0.001,0.99,mountaincar,dense
7,6331,-200.0,200,18.536542892456055,-1.0,2.8163540264358744e-05,0.0,DQN_RND,0.001,0.99,mountaincar,dense
7,6332,-200.0,200,18.599138259887695,-1.0,5.772664007963613e-05,0.0,DQN_RND,0.001,0.99,mountaincar,dense
7,6333,-200.0,200,12.837994575500488,-1.0,0.00010686249879654497,0.0,DQN_RND,0.001,0.99,mountaincar,dense
7,6334,-200.0,200,21.963993072509766,-1.0,6.293816113611683e-05,0.0,DQN_RND,0.001,0.99,mountaincar,dense
7,6335,-200.0,200,21.780303955078125,-1.0,5.258168312138878e-05,0.0,DQN_RND,0.001,0.99,mountaincar,dense
7,6336,-200.0,200,25.102386474609375,-1.0,0.00011099830589955673,0.0,DQN_RND,0.001,0.99,mountaincar,dense
7,6337,-200.0,200,15.359410285949707,-1.0,5.125129064253997e-06,0.0,DQN_RND,0.001,0.99,mountaincar,dense
7,6338,-200.0,200,37.7371826171875,-1.0,3.3300989343842957e-06,0.0,DQN_RND,0.001,0.99,mountaincar,dense
7,6339,-200.0,200,18.300729751586914,-1.0,2.1541386558965314e-06,0.0,DQN_RND,0.001,0.99,mountaincar,dense
7,6340,-200.0,200,18.791776657104492,-1.0,7.117361383279786e-05,0.0,DQN_RND,0.001,0.99,mountaincar,dense
7,6341,-200.0,200,9.622331619262695,-1.0,2.6551557311904617e-05,0.0,DQN_RND,0.001,0.99,mountaincar,dense
7,6342,-200.0,200,15.45745849609375,-1.0,8.481600275445089e-07,0.0,DQN_RND,0.001,0.99,mountaincar,dense
7,6343,-200.0,200,15.457239151000977,-1.0,4.7227291361195967e-05,0.0,DQN_RND,0.001,0.99,mountaincar,dense
7,6344,-200.0,200,17.528352737426758,-1.0,6.264592229854316e-05,0.0,DQN_RND,0.001,0.99,mountaincar,dense
7,6345,-200.0,200,9.113930702209473,-1.0,4.031573098473018e-06,0.0,DQN_RND,0.001,0.99,mountaincar,dense
7,6346,-200.0,200,33.327213287353516,-1.0,1.0336806326449732e-06,0.0,DQN_RND,0.001,0.99,mountaincar,dense
7,6347,-200.0,200,15.248703956604004,-1.0,1.1817347740361583e-06,0.0,DQN_RND,0.001,0.99,mountaincar,dense
7,6348,-200.0,200,11.979320526123047,-1.0,4.36272466686205e-06,0.0,DQN_RND,0.001,0.99,mountaincar,dense
7,6349,-200.0,200,12.056488037109375,-1.0,4.5408596633933485e-06,0.0,DQN_RND,0.001,0.99,mountaincar,dense
7,6350,-200.0,200,8.977205276489258,-1.0,4.088498099008575e-05,0.0,DQN_RND,0.001,0.99,mountaincar,dense
7,6351,-200.0,200,14.935768127441406,-1.0,4.308985444367863e-05,0.0,DQN_RND,0.001,0.99,mountaincar,dense
7,6352,-200.0,200,15.007295608520508,-1.0,2.0101879272260703e-06,0.0,DQN_RND,0.001,0.99,mountaincar,dense
7,6353,-200.0,200,11.830992698669434,-1.0,4.992159301764332e-05,0.0,DQN_RND,0.001,0.99,mountaincar,dense
7,6354,-200.0,200,14.954058647155762,-1.0,4.776514106197283e-05,0.0,DQN_RND,0.001,0.99,mountaincar,dense
7,6355,-200.0,200,12.098102569580078,-1.0,5.2720035455422476e-05,0.0,DQN_RND,0.001,0.99,mountaincar,dense
7,6356,-200.0,200,9.10350513458252,-1.0,9.657377404437284e-07,0.0,DQN_RND,0.001,0.99,mountaincar,dense
7,6357,-200.0,200,9.273073196411133,-1.0,4.524997348198667e-05,0.0,DQN_RND,0.001,0.99,mountaincar,dense
7,6358,-200.0,200,12.409846305847168,-1.0,6.645009125350043e-05,0.0,DQN_RND,0.001,0.99,mountaincar,dense
7,6359,-200.0,200,27.818038940429688,-1.0,5.323741424945183e-05,0.0,DQN_RND,0.001,0.99,mountaincar,dense
7,6360,-200.0,200,9.237937927246094,-1.0,1.041358700604178e-05,0.0,DQN_RND,0.001,0.99,mountaincar,dense
7,6361,-200.0,200,12.531330108642578,-1.0,4.120510857319459e-05,0.0,DQN_RND,0.001,0.99,mountaincar,dense
7,6362,-200.0,200,18.405277252197266,-1.0,1.6474618860229384e-06,0.0,DQN_RND,0.001,0.99,mountaincar,dense
7,6363,-200.0,200,14.90597152709961,-1.0,1.580179628035694e-06,0.0,DQN_RND,0.001,0.99,mountaincar,dense
7,6364,-200.0,200,15.534401893615723,-1.0,2.393715112702921e-05,0.0,DQN_RND,0.001,0.99,mountaincar,dense
7,6365,-200.0,200,15.452190399169922,-1.0,4.1042589145945385e-05,0.0,DQN_RND,0.001,0.99,mountaincar,dense
7,6366,-200.0,200,12.649145126342773,-1.0,2.8982492949580774e-05,0.0,DQN_RND,0.001,0.99,mountaincar,dense
7,6367,-200.0,200,21.848669052124023,-1.0,2.620851773826871e-05,0.0,DQN_RND,0.001,0.99,mountaincar,dense
7,6368,-200.0,200,18.747142791748047,-1.0,6.273338658502325e-05,0.0,DQN_RND,0.001,0.99,mountaincar,dense
7,6369,-200.0,200,15.228021621704102,-1.0,2.1210225895629264e-06,0.0,DQN_RND,0.001,0.99,mountaincar,dense
7,6370,-200.0,200,21.514436721801758,-1.0,3.3470536436652765e-05,0.0,DQN_RND,0.001,0.99,mountaincar,dense
7,6371,-200.0,200,21.06992530822754,-1.0,5.500459155882709e-05,0.0,DQN_RND,0.001,0.99,mountaincar,dense
7,6372,-200.0,200,9.096458435058594,-1.0,5.651681567542255e-05,0.0,DQN_RND,0.001,0.99,mountaincar,dense
7,6373,-200.0,200,6.1914262771606445,-1.0,4.2521231080172583e-05,0.0,DQN_RND,0.001,0.99,mountaincar,dense
7,6374,-200.0,200,15.438042640686035,-1.0,1.409107767358364e-06,0.0,DQN_RND,0.001,0.99,mountaincar,dense
7,6375,-200.0,200,18.866300582885742,-1.0,3.301342303529964e-06,0.0,DQN_RND,0.001,0.99,mountaincar,dense
7,6376,-200.0,200,9.210907936096191,-1.0,7.345282938331366e-06,0.0,DQN_RND,0.001,0.99,mountaincar,dense
7,6377,-200.0,200,11.921424865722656,-1.0,5.180173957342049e-06,0.0,DQN_RND,0.001,0.99,mountaincar,dense
7,6378,-200.0,200,24.265003204345703,-1.0,6.109746755100787e-05,0.0,DQN_RND,0.001,0.99,mountaincar,dense
7,6379,-200.0,200,12.327960968017578,-1.0,5.4101968999020755e-05,0.0,DQN_RND,0.001,0.99,mountaincar,dense
7,6380,-200.0,200,15.785770416259766,-1.0,3.012122579093557e-05,0.0,DQN_RND,0.001,0.99,mountaincar,dense
7,6381,-200.0,200,12.335878372192383,-1.0,4.289713979233056e-05,0.0,DQN_RND,0.001,0.99,mountaincar,dense
7,6382,-200.0,200,16.013084411621094,-1.0,6.693802424706519e-05,0.0,DQN_RND,0.001,0.99,mountaincar,dense
7,6383,-200.0,200,22.139936447143555,-1.0,1.3318458513822407e-06,0.0,DQN_RND,0.001,0.99,mountaincar,dense
7,6384,-200.0,200,12.843347549438477,-1.0,8.906977768674551e-07,0.0,DQN_RND,0.001,0.99,mountaincar,dense
7,6385,-200.0,200,15.474266052246094,-1.0,2.856235823855968e-06,0.0,DQN_RND,0.001,0.99,mountaincar,dense
7,6386,-200.0,200,9.184797286987305,-1.0,2.4356799258384854e-05,0.0,DQN_RND,0.001,0.99,mountaincar,dense
7,6387,-200.0,200,2.9822611808776855,-1.0,7.981689122971147e-05,0.0,DQN_RND,0.001,0.99,mountaincar,dense
7,6388,-200.0,200,12.47110366821289,-1.0,3.885930709657259e-05,0.0,DQN_RND,0.001,0.99,mountaincar,dense
7,6389,-200.0,200,3.0205276012420654,-1.0,9.140412657870911e-07,0.0,DQN_RND,0.001,0.99,mountaincar,dense
7,6390,-200.0,200,12.142276763916016,-1.0,3.3930648442037636e-06,0.0,DQN_RND,0.001,0.99,mountaincar,dense
7,6391,-200.0,200,12.631355285644531,-1.0,5.0487866246839985e-05,0.0,DQN_RND,0.001,0.99,mountaincar,dense
7,6392,-200.0,200,21.46446990966797,-1.0,3.727215471371892e-06,0.0,DQN_RND,0.001,0.99,mountaincar,dense
7,6393,-200.0,200,21.657804489135742,-1.0,2.3110787878977135e-05,0.0,DQN_RND,0.001,0.99,mountaincar,dense
7,6394,-200.0,200,9.261756896972656,-1.0,4.454536338016624e-06,0.0,DQN_RND,0.001,0.99,mountaincar,dense
7,6395,-200.0,200,9.20864200592041,-1.0,1.9264089132775553e-06,0.0,DQN_RND,0.001,0.99,mountaincar,dense
7,6396,-200.0,200,21.930818557739258,-1.0,3.845336323138326e-06,0.0,DQN_RND,0.001,0.99,mountaincar,dense
7,6397,-200.0,200,24.844396591186523,-1.0,4.0009867916523945e-06,0.0,DQN_RND,0.001,0.99,mountaincar,dense
7,6398,-200.0,200,18.744935989379883,-1.0,1.0718976000134717e-06,0.0,DQN_RND,0.001,0.99,mountaincar,dense
7,6399,-200.0,200,3.2423999309539795,-1.0,2.906564623117447e-05,0.0,DQN_RND,0.001,0.99,mountaincar,dense
7,6400,-200.0,200,25.187314987182617,-1.0,9.394246376359661e-07,0.0,DQN_RND,0.001,0.99,mountaincar,dense
7,6401,-200.0,200,28.822965621948242,-1.0,1.1889468623849098e-05,0.0,DQN_RND,0.001,0.99,mountaincar,dense
7,6402,-200.0,200,15.949195861816406,-1.0,3.870633008773439e-06,0.0,DQN_RND,0.001,0.99,mountaincar,dense
7,6403,-200.0,200,9.715516090393066,-1.0,6.989812391111627e-05,0.0,DQN_RND,0.001,0.99,mountaincar,dense
7,6404,-200.0,200,15.907377243041992,-1.0,6.577237218152732e-05,0.0,DQN_RND,0.001,0.99,mountaincar,dense
7,6405,-200.0,200,6.3287248611450195,-1.0,3.543670754879713e-05,0.0,DQN_RND,0.001,0.99,mountaincar,dense
7,6406,-200.0,200,29.279499053955078,-1.0,4.7738172725075856e-05,0.0,DQN_RND,0.001,0.99,mountaincar,dense
7,6407,-200.0,200,19.696746826171875,-1.0,2.9850987175450427e-06,0.0,DQN_RND,0.001,0.99,mountaincar,dense
7,6408,-200.0,200,13.340685844421387,-1.0,0.00011246620124438778,0.0,DQN_RND,0.001,0.99,mountaincar,dense
7,6409,-200.0,200,16.222993850708008,-1.0,3.0881003567628795e-06,0.0,DQN_RND,0.001,0.99,mountaincar,dense
7,6410,-200.0,200,13.021337509155273,-1.0,6.366420711856335e-05,0.0,DQN_RND,0.001,0.99,mountaincar,dense
7,6411,-200.0,200,12.818829536437988,-1.0,5.454520942294039e-05,0.0,DQN_RND,0.001,0.99,mountaincar,dense
7,6412,-200.0,200,25.44957733154297,-1.0,4.556093335850164e-05,0.0,DQN_RND,0.001,0.99,mountaincar,dense
7,6413,-200.0,200,12.381738662719727,-1.0,2.9363075100263814e-06,0.0,DQN_RND,0.001,0.99,mountaincar,dense
7,6414,-200.0,200,15.56716537475586,-1.0,2.4529140318918508e-06,0.0,DQN_RND,0.001,0.99,mountaincar,dense
7,6415,-200.0,200,19.505172729492188,-1.0,5.000446253689006e-05,0.0,DQN_RND,0.001,0.99,mountaincar,dense
7,6416,-200.0,200,6.789176940917969,-1.0,9.232589036400896e-06,0.0,DQN_RND,0.001,0.99,mountaincar,dense
7,6417,-200.0,200,6.434899806976318,-1.0,5.025455720897298e-06,0.0,DQN_RND,0.001,0.99,mountaincar,dense
7,6418,-200.0,200,9.600055694580078,-1.0,5.29994213138707e-05,0.0,DQN_RND,0.001,0.99,mountaincar,dense
7,6419,-200.0,200,35.588134765625,-1.0,5.129488272359595e-06,0.0,DQN_RND,0.001,0.99,mountaincar,dense
7,6420,-200.0,200,10.051607131958008,-1.0,9.71544868662022e-05,0.0,DQN_RND,0.001,0.99,mountaincar,dense
7,6421,-200.0,200,28.94748306274414,-1.0,2.6564437121123774e-06,0.0,DQN_RND,0.001,0.99,mountaincar,dense
7,6422,-200.0,200,13.069822311401367,-1.0,5.520293052541092e-05,0.0,DQN_RND,0.001,0.99,mountaincar,dense
7,6423,-200.0,200,25.980445861816406,-1.0,3.437364284764044e-05,0.0,DQN_RND,0.001,0.99,mountaincar,dense
7,6424,-200.0,200,13.046253204345703,-1.0,5.781864092568867e-05,0.0,DQN_RND,0.001,0.99,mountaincar,dense
7,6425,-200.0,200,12.909124374389648,-1.0,6.629757262999192e-05,0.0,DQN_RND,0.001,0.99,mountaincar,dense
7,6426,-200.0,200,13.342453956604004,-1.0,3.06851725326851e-05,0.0,DQN_RND,0.001,0.99,mountaincar,dense
7,6427,-200.0,200,25.746994018554688,-1.0,4.568269105220679e-06,0.0,DQN_RND,0.001,0.99,mountaincar,dense
7,6428,-200.0,200,16.358745574951172,-1.0,2.641018363647163e-05,0.0,DQN_RND,0.001,0.99,mountaincar,dense
7,6429,-200.0,200,29.26968002319336,-1.0,5.294921265885932e-06,0.0,DQN_RND,0.001,0.99,mountaincar,dense
7,6430,-200.0,200,16.50554656982422,-1.0,0.00010638226376613602,0.0,DQN_RND,0.001,0.99,mountaincar,dense
7,6431,-200.0,200,17.04314422607422,-1.0,9.969098755391315e-07,0.0,DQN_RND,0.001,0.99,mountaincar,dense
7,6432,-200.0,200,10.17663288116455,-1.0,4.9439868234912865e-06,0.0,DQN_RND,0.001,0.99,mountaincar,dense
7,6433,-200.0,200,16.60851287841797,-1.0,2.8275120712351054e-05,0.0,DQN_RND,0.001,0.99,mountaincar,dense
7,6434,-200.0,200,20.596885681152344,-1.0,2.172781023546122e-05,0.0,DQN_RND,0.001,0.99,mountaincar,dense
7,6435,-200.0,200,27.131481170654297,-1.0,5.950186823611148e-05,0.0,DQN_RND,0.001,0.99,mountaincar,dense
7,6436,-200.0,200,20.621395111083984,-1.0,5.643110489472747e-05,0.0,DQN_RND,0.001,0.99,mountaincar,dense
7,6437,-200.0,200,27.33293342590332,-1.0,2.1525172996916808e-05,0.0,DQN_RND,0.001,0.99,mountaincar,dense
7,6438,-200.0,200,10.390811920166016,-1.0,0.00012490549124777317,0.0,DQN_RND,0.001,0.99,mountaincar,dense
7,6439,-200.0,200,14.117088317871094,-1.0,4.691550930147059e-05,0.0,DQN_RND,0.001,0.99,mountaincar,dense
7,6440,-200.0,200,30.909788131713867,-1.0,3.585403101169504e-05,0.0,DQN_RND,0.001,0.99,mountaincar,dense
7,6441,-200.0,200,3.3364508152008057,-1.0,2.854798367479816e-06,0.0,DQN_RND,0.001,0.99,mountaincar,dense
7,6442,-200.0,200,3.4494237899780273,-1.0,2.6623720259522088e-05,0.0,DQN_RND,0.001,0.99,mountaincar,dense
7,6443,-200.0,200,26.537260055541992,-1.0,1.2815523859899258e-06,0.0,DQN_RND,0.001,0.99,mountaincar,dense
7,6444,-200.0,200,16.3995304107666,-1.0,6.1031962104607373e-05,0.0,DQN_RND,0.001,0.99,mountaincar,dense
7,6445,-200.0,200,16.79944610595703,-1.0,2.6294728741049767e-05,0.0,DQN_RND,0.001,0.99,mountaincar,dense
7,6446,-200.0,200,20.021059036254883,-1.0,3.8949096961005125e-06,0.0,DQN_RND,0.001,0.99,mountaincar,dense
7,6447,-200.0,200,26.473434448242188,-1.0,2.3464059268007986e-05,0.0,DQN_RND,0.001,0.99,mountaincar,dense
7,6448,-200.0,200,6.615729808807373,-1.0,3.8109553770482307e-06,0.0,DQN_RND,0.001,0.99,mountaincar,dense
7,6449,-200.0,200,13.562687873840332,-1.0,6.284626124397619e-06,0.0,DQN_RND,0.001,0.99,mountaincar,dense
7,6450,-200.0,200,6.948204517364502,-1.0,2.279997534060385e-05,0.0,DQN_RND,0.001,0.99,mountaincar,dense
7,6451,-200.0,200,17.455284118652344,-1.0,1.2254316970938817e-05,0.0,DQN_RND,0.001,0.99,mountaincar,dense
7,6452,-200.0,200,6.939098358154297,-1.0,1.2288697917028912e-06,0.0,DQN_RND,0.001,0.99,mountaincar,dense
7,6453,-200.0,200,3.191524028778076,-1.0,1.4515491102429223e-06,0.0,DQN_RND,0.001,0.99,mountaincar,dense
7,6454,-200.0,200,24.113121032714844,-1.0,2.4465111891913693e-06,0.0,DQN_RND,0.001,0.99,mountaincar,dense
7,6455,-200.0,200,24.29035186767578,-1.0,4.5545806642621756e-05,0.0,DQN_RND,0.001,0.99,mountaincar,dense
7,6456,-200.0,200,3.6796340942382812,-1.0,3.838641077891225e-06,0.0,DQN_RND,0.001,0.99,mountaincar,dense
7,6457,-200.0,200,32.106014251708984,-1.0,2.1228066543699242e-05,0.0,DQN_RND,0.001,0.99,mountaincar,dense
7,6458,-200.0,200,17.578142166137695,-1.0,4.9106060032499954e-05,0.0,DQN_RND,0.001,0.99,mountaincar,dense
7,6459,-200.0,200,14.049354553222656,-1.0,2.194320950366091e-05,0.0,DQN_RND,0.001,0.99,mountaincar,dense
7,6460,-200.0,200,14.26056957244873,-1.0,2.290237353008706e-05,0.0,DQN_RND,0.001,0.99,mountaincar,dense
7,6461,-200.0,200,21.402198791503906,-1.0,1.1285062555543846e-06,0.0,DQN_RND,0.001,0.99,mountaincar,dense
7,6462,-200.0,200,10.380403518676758,-1.0,3.106841541011818e-05,0.0,DQN_RND,0.001,0.99,mountaincar,dense
7,6463,-200.0,200,21.690032958984375,-1.0,1.3574644981417805e-06,0.0,DQN_RND,0.001,0.99,mountaincar,dense
7,6464,-200.0,200,21.10487174987793,-1.0,8.647110121273727e-07,0.0,DQN_RND,0.001,0.99,mountaincar,dense
7,6465,-200.0,200,3.6283090114593506,-1.0,5.135496394359507e-05,0.0,DQN_RND,0.001,0.99,mountaincar,dense
7,6466,-200.0,200,17.721067428588867,-1.0,2.0046149984409567e-06,0.0,DQN_RND,0.001,0.99,mountaincar,dense
7,6467,-200.0,200,14.088045120239258,-1.0,2.113788241331349e-06,0.0,DQN_RND,0.001,0.99,mountaincar,dense
7,6468,-200.0,200,21.501136779785156,-1.0,0.00013594365736935288,0.0,DQN_RND,0.001,0.99,mountaincar,dense
7,6469,-200.0,200,17.42450714111328,-1.0,7.970844308147207e-06,0.0,DQN_RND,0.001,0.99,mountaincar,dense
7,6470,-200.0,200,17.44633674621582,-1.0,2.3088668967830017e-05,0.0,DQN_RND,0.001,0.99,mountaincar,dense
7,6471,-200.0,200,17.076187133789062,-1.0,1.0954426215903368e-05,0.0,DQN_RND,0.001,0.99,mountaincar,dense
7,6472,-200.0,200,10.460713386535645,-1.0,2.5452152385696536e-06,0.0,DQN_RND,0.001,0.99,mountaincar,dense
7,6473,-200.0,200,17.179187774658203,-1.0,3.52407805621624e-05,0.0,DQN_RND,0.001,0.99,mountaincar,dense
7,6474,-200.0,200,14.010343551635742,-1.0,1.0287184295521001e-06,0.0,DQN_RND,0.001,0.99,mountaincar,dense
7,6475,-200.0,200,17.5126953125,-1.0,6.137789750937372e-05,0.0,DQN_RND,0.001,0.99,mountaincar,dense
7,6476,-200.0,200,27.39194107055664,-1.0,1.1494616956042591e-05,0.0,DQN_RND,0.001,0.99,mountaincar,dense
7,6477,-200.0,200,17.541332244873047,-1.0,6.619259511353448e-05,0.0,DQN_RND,0.001,0.99,mountaincar,dense
7,6478,-200.0,200,10.667034149169922,-1.0,5.0984574045287445e-05,0.0,DQN_RND,0.001,0.99,mountaincar,dense
7,6479,-200.0,200,17.876710891723633,-1.0,3.811373608186841e-05,0.0,DQN_RND,0.001,0.99,mountaincar,dense
7,6480,-200.0,200,14.19258975982666,-1.0,4.503200216277037e-06,0.0,DQN_RND,0.001,0.99,mountaincar,dense
7,6481,-200.0,200,6.663908004760742,-1.0,2.810377054629498e-06,0.0,DQN_RND,0.001,0.99,mountaincar,dense
7,6482,-200.0,200,24.224271774291992,-1.0,5.764827801613137e-05,0.0,DQN_RND,0.001,0.99,mountaincar,dense
7,6483,-200.0,200,23.779342651367188,-1.0,2.6374797016615048e-05,0.0,DQN_RND,0.001,0.99,mountaincar,dense
7,6484,-200.0,200,13.647416114807129,-1.0,4.4879775487061124e-06,0.0,DQN_RND,0.001,0.99,mountaincar,dense
7,6485,-200.0,200,14.016740798950195,-1.0,2.2329924831865355e-05,0.0,DQN_RND,0.001,0.99,mountaincar,dense
7,6486,-200.0,200,13.86500358581543,-1.0,2.942894207080826e-05,0.0,DQN_RND,0.001,0.99,mountaincar,dense
7,6487,-200.0,200,17.130027770996094,-1.0,1.0103152590090758e-06,0.0,DQN_RND,0.001,0.99,mountaincar,dense
7,6488,-200.0,200,17.067676544189453,-1.0,4.5006017899140716e-05,0.0,DQN_RND,0.001,0.99,mountaincar,dense
7,6489,-200.0,200,16.334888458251953,-1.0,8.598904241807759e-05,0.0,DQN_RND,0.001,0.99,mountaincar,dense
7,6490,-200.0,200,13.713421821594238,-1.0,5.004716877010651e-05,0.0,DQN_RND,0.001,0.99,mountaincar,dense
7,6491,-200.0,200,20.143112182617188,-1.0,0.00010927046241704375,0.0,DQN_RND,0.001,0.99,mountaincar,dense
7,6492,-200.0,200,30.342880249023438,-1.0,3.775561708607711e-05,0.0,DQN_RND,0.001,0.99,mountaincar,dense
7,6493,-200.0,200,13.347737312316895,-1.0,6.501302414108068e-05,0.0,DQN_RND,0.001,0.99,mountaincar,dense
7,6494,-200.0,200,20.35773277282715,-1.0,1.3880334108762327e-06,0.0,DQN_RND,0.001,0.99,mountaincar,dense
7,6495,-200.0,200,17.074817657470703,-1.0,6.313381891231984e-05,0.0,DQN_RND,0.001,0.99,mountaincar,dense
7,6496,-200.0,200,3.4428493976593018,-1.0,6.55912299407646e-05,0.0,DQN_RND,0.001,0.99,mountaincar,dense
7,6497,-200.0,200,13.429807662963867,-1.0,0.00011778924090322107,0.0,DQN_RND,0.001,0.99,mountaincar,dense
7,6498,-200.0,200,26.951766967773438,-1.0,9.961616160580888e-05,0.0,DQN_RND,0.001,0.99,mountaincar,dense
7,6499,-200.0,200,16.72439193725586,-1.0,4.6731060137972236e-05,0.0,DQN_RND,0.001,0.99,mountaincar,dense
7,6500,-200.0,200,19.041088104248047,-1.0,1.3968863640911877e-05,0.0,DQN_RND,0.001,0.99,mountaincar,dense
7,6501,-200.0,200,16.132326126098633,-1.0,4.947106390318368e-06,0.0,DQN_RND,0.001,0.99,mountaincar,dense
7,6502,-200.0,200,6.549063205718994,-1.0,1.1982708656432806e-06,0.0,DQN_RND,0.001,0.99,mountaincar,dense
7,6503,-200.0,200,10.198161125183105,-1.0,4.033712230011588e-06,0.0,DQN_RND,0.001,0.99,mountaincar,dense
7,6504,-200.0,200,19.80729103088379,-1.0,3.2097857456392376e-06,0.0,DQN_RND,0.001,0.99,mountaincar,dense
7,6505,-200.0,200,23.557809829711914,-1.0,4.624728171620518e-05,0.0,DQN_RND,0.001,0.99,mountaincar,dense
7,6506,-200.0,200,19.796310424804688,-1.0,5.3551848395727575e-05,0.0,DQN_RND,0.001,0.99,mountaincar,dense
7,6507,-200.0,200,15.9016695022583,-1.0,6.646661495324224e-05,0.0,DQN_RND,0.001,0.99,mountaincar,dense
7,6508,-200.0,200,30.18210220336914,-1.0,2.835017403413076e-05,0.0,DQN_RND,0.001,0.99,mountaincar,dense
7,6509,-200.0,200,20.054105758666992,-1.0,5.214902103034547e-06,0.0,DQN_RND,0.001,0.99,mountaincar,dense
7,6510,-200.0,200,16.254716873168945,-1.0,5.499159215105465e-06,0.0,DQN_RND,0.001,0.99,mountaincar,dense
7,6511,-200.0,200,16.745622634887695,-1.0,2.7234022127231583e-05,0.0,DQN_RND,0.001,0.99,mountaincar,dense
7,6512,-200.0,200,12.992134094238281,-1.0,2.604548399176565e-06,0.0,DQN_RND,0.001,0.99,mountaincar,dense
7,6513,-200.0,200,16.934621810913086,-1.0,6.916337588336319e-05,0.0,DQN_RND,0.001,0.99,mountaincar,dense
7,6514,-200.0,200,26.238006591796875,-1.0,3.1196670988720143e-06,0.0,DQN_RND,0.001,0.99,mountaincar,dense
7,6515,-200.0,200,12.985077857971191,-1.0,4.762736807606416e-06,0.0,DQN_RND,0.001,0.99,mountaincar,dense
7,6516,-200.0,200,9.999454498291016,-1.0,3.379008558113128e-05,0.0,DQN_RND,0.001,0.99,mountaincar,dense
7,6517,-200.0,200,6.424347877502441,-1.0,3.832193760899827e-05,0.0,DQN_RND,0.001,0.99,mountaincar,dense
7,6518,-200.0,200,6.649410247802734,-1.0,5.007903746445663e-05,0.0,DQN_RND,0.001,0.99,mountaincar,dense
7,6519,-200.0,200,9.613863945007324,-1.0,1.1594183888519183e-06,0.0,DQN_RND,0.001,0.99,mountaincar,dense
7,6520,-200.0,200,36.20587921142578,-1.0,2.4658114853082225e-05,0.0,DQN_RND,0.001,0.99,mountaincar,dense
7,6521,-200.0,200,9.764915466308594,-1.0,1.2166157148385537e-06,0.0,DQN_RND,0.001,0.99,mountaincar,dense
7,6522,-200.0,200,0.01538009848445654,-1.0,2.3218273781822063e-05,0.0,DQN_RND,0.001,0.99,mountaincar,dense
7,6523,-200.0,200,29.482215881347656,-1.0,1.1112741731267306e-06,0.0,DQN_RND,0.001,0.99,mountaincar,dense
7,6524,-200.0,200,16.81666374206543,-1.0,8.868927352523315e-07,0.0,DQN_RND,0.001,0.99,mountaincar,dense
7,6525,-200.0,200,9.715280532836914,-1.0,2.8648290026467294e-05,0.0,DQN_RND,0.001,0.99,mountaincar,dense
7,6526,-200.0,200,3.452305555343628,-1.0,4.436479684954975e-06,0.0,DQN_RND,0.001,0.99,mountaincar,dense
7,6527,-200.0,200,16.39984703063965,-1.0,4.25333473685896e-06,0.0,DQN_RND,0.001,0.99,mountaincar,dense
7,6528,-200.0,200,16.768905639648438,-1.0,2.2334563254844397e-05,0.0,DQN_RND,0.001,0.99,mountaincar,dense
7,6529,-200.0,200,26.790111541748047,-1.0,7.925886166049168e-05,0.0,DQN_RND,0.001,0.99,mountaincar,dense
7,6530,-200.0,200,26.436922073364258,-1.0,0.00010488923726370558,0.0,DQN_RND,0.001,0.99,mountaincar,dense
7,6531,-200.0,200,9.703682899475098,-1.0,6.14567834418267e-05,0.0,DQN_RND,0.001,0.99,mountaincar,dense
7,6532,-200.0,200,33.00798034667969,-1.0,5.528281326405704e-05,0.0,DQN_RND,0.001,0.99,mountaincar,dense
7,6533,-200.0,200,13.73298454284668,-1.0,5.0052753067575395e-05,0.0,DQN_RND,0.001,0.99,mountaincar,dense
7,6534,-200.0,200,9.99776554107666,-1.0,1.3362650861381553e-06,0.0,DQN_RND,0.001,0.99,mountaincar,dense
7,6535,-200.0,200,13.419892311096191,-1.0,2.7346070055500604e-05,0.0,DQN_RND,0.001,0.99,mountaincar,dense
7,6536,-200.0,200,10.302075386047363,-1.0,9.756593499332666e-05,0.0,DQN_RND,0.001,0.99,mountaincar,dense
7,6537,-200.0,200,20.74643325805664,-1.0,5.100874477648176e-05,0.0,DQN_RND,0.001,0.99,mountaincar,dense
7,6538,-200.0,200,24.057071685791016,-1.0,1.6783994851721218e-06,0.0,DQN_RND,0.001,0.99,mountaincar,dense
7,6539,-200.0,200,23.209867477416992,-1.0,4.104985237063374e-06,0.0,DQN_RND,0.001,0.99,mountaincar,dense
7,6540,-200.0,200,13.733579635620117,-1.0,2.4858667529770173e-05,0.0,DQN_RND,0.001,0.99,mountaincar,dense
7,6541,-200.0,200,20.5333194732666,-1.0,8.697062412466039e-07,0.0,DQN_RND,0.001,0.99,mountaincar,dense
7,6542,-200.0,200,13.853056907653809,-1.0,1.151540459431999e-06,0.0,DQN_RND,0.001,0.99,mountaincar,dense
7,6543,-200.0,200,10.383155822753906,-1.0,1.2372638593660668e-06,0.0,DQN_RND,0.001,0.99,mountaincar,dense
7,6544,-200.0,200,13.858853340148926,-1.0,2.3722615878796205e-05,0.0,DQN_RND,0.001,0.99,mountaincar,dense
7,6545,-200.0,200,9.847441673278809,-1.0,4.523513780441135e-05,0.0,DQN_RND,0.001,0.99,mountaincar,dense
7,6546,-200.0,200,6.8940300941467285,-1.0,3.379852932994254e-05,0.0,DQN_RND,0.001,0.99,mountaincar,dense
7,6547,-200.0,200,6.792331695556641,-1.0,6.515191489597782e-05,0.0,DQN_RND,0.001,0.99,mountaincar,dense
7,6548,-200.0,200,24.843198776245117,-1.0,3.913122054655105e-05,0.0,DQN_RND,0.001,0.99,mountaincar,dense
7,6549,-200.0,200,17.121726989746094,-1.0,6.510210369015113e-05,0.0,DQN_RND,0.001,0.99,mountaincar,dense
7,6550,-200.0,200,14.334418296813965,-1.0,1.864595219558396e-06,0.0,DQN_RND,0.001,0.99,mountaincar,dense
7,6551,-200.0,200,28.651817321777344,-1.0,2.2467194867203943e-05,0.0,DQN_RND,0.001,0.99,mountaincar,dense
7,6552,-200.0,200,7.144067287445068,-1.0,2.955973286589142e-06,0.0,DQN_RND,0.001,0.99,mountaincar,dense
7,6553,-200.0,200,14.32197093963623,-1.0,9.315693205280695e-06,0.0,DQN_RND,0.001,0.99,mountaincar,dense
7,6554,-200.0,200,20.82906723022461,-1.0,3.017108974745497e-05,0.0,DQN_RND,0.001,0.99,mountaincar,dense
7,6555,-200.0,200,24.627155303955078,-1.0,3.263842154410668e-05,0.0,DQN_RND,0.001,0.99,mountaincar,dense
7,6556,-200.0,200,6.994850158691406,-1.0,6.299573215073906e-06,0.0,DQN_RND,0.001,0.99,mountaincar,dense
7,6557,-200.0,200,10.72486400604248,-1.0,9.042755095833854e-07,0.0,DQN_RND,0.001,0.99,mountaincar,dense
7,6558,-200.0,200,23.86609649658203,-1.0,6.605470844078809e-05,0.0,DQN_RND,0.001,0.99,mountaincar,dense
7,6559,-200.0,200,10.43449878692627,-1.0,3.4112272260244936e-06,0.0,DQN_RND,0.001,0.99,mountaincar,dense
7,6560,-200.0,200,20.32561492919922,-1.0,1.061438410943083e-06,0.0,DQN_RND,0.001,0.99,mountaincar,dense
7,6561,-200.0,200,10.160558700561523,-1.0,5.4085383453639224e-05,0.0,DQN_RND,0.001,0.99,mountaincar,dense
7,6562,-200.0,200,23.60702133178711,-1.0,6.00226157985162e-05,0.0,DQN_RND,0.001,0.99,mountaincar,dense
7,6563,-200.0,200,17.359973907470703,-1.0,2.861769280571025e-05,0.0,DQN_RND,0.001,0.99,mountaincar,dense
7,6564,-200.0,200,17.313396453857422,-1.0,7.635161637153942e-06,0.0,DQN_RND,0.001,0.99,mountaincar,dense
7,6565,-200.0,200,23.138198852539062,-1.0,6.235400633158861e-06,0.0,DQN_RND,0.001,0.99,mountaincar,dense
7,6566,-200.0,200,20.03673553466797,-1.0,2.563848283898551e-05,0.0,DQN_RND,0.001,0.99,mountaincar,dense
7,6567,-200.0,200,17.11640167236328,-1.0,2.2153102690936066e-05,0.0,DQN_RND,0.001,0.99,mountaincar,dense
7,6568,-200.0,200,16.347379684448242,-1.0,3.1068809676071396e-06,0.0,DQN_RND,0.001,0.99,mountaincar,dense
7,6569,-200.0,200,19.95376205444336,-1.0,2.104006489389576e-05,0.0,DQN_RND,0.001,0.99,mountaincar,dense
7,6570,-200.0,200,13.024471282958984,-1.0,4.6794004447292536e-05,0.0,DQN_RND,0.001,0.99,mountaincar,dense
7,6571,-200.0,200,16.199989318847656,-1.0,4.0881561290007085e-05,0.0,DQN_RND,0.001,0.99,mountaincar,dense
7,6572,-200.0,200,12.464943885803223,-1.0,7.794008706696332e-05,0.0,DQN_RND,0.001,0.99,mountaincar,dense
7,6573,-200.0,200,13.208841323852539,-1.0,6.385338201653212e-05,0.0,DQN_RND,0.001,0.99,mountaincar,dense
7,6574,-200.0,200,19.991718292236328,-1.0,2.6674160835682414e-05,0.0,DQN_RND,0.001,0.99,mountaincar,dense
7,6575,-200.0,200,13.116540908813477,-1.0,3.767093858186854e-06,0.0,DQN_RND,0.001,0.99,mountaincar,dense
7,6576,-200.0,200,19.82318115234375,-1.0,2.900610979850171e-06,0.0,DQN_RND,0.001,0.99,mountaincar,dense
7,6577,-200.0,200,16.639873504638672,-1.0,4.1653205698821694e-05,0.0,DQN_RND,0.001,0.99,mountaincar,dense
7,6578,-200.0,200,6.560011863708496,-1.0,4.795373388333246e-05,0.0,DQN_RND,0.001,0.99,mountaincar,dense
7,6579,-200.0,200,20.52783203125,-1.0,2.0992647478124127e-05,0.0,DQN_RND,0.001,0.99,mountaincar,dense
7,6580,-200.0,200,20.287099838256836,-1.0,8.602503839938436e-06,0.0,DQN_RND,0.001,0.99,mountaincar,dense
7,6581,-200.0,200,20.493677139282227,-1.0,1.6986380160233239e-06,0.0,DQN_RND,0.001,0.99,mountaincar,dense
7,6582,-200.0,200,26.873477935791016,-1.0,7.417046435875818e-05,0.0,DQN_RND,0.001,0.99,mountaincar,dense
7,6583,-200.0,200,13.206830978393555,-1.0,3.2489929253642913e-06,0.0,DQN_RND,0.001,0.99,mountaincar,dense
7,6584,-200.0,200,23.907926559448242,-1.0,7.232606094476068e-06,0.0,DQN_RND,0.001,0.99,mountaincar,dense
7,6585,-200.0,200,30.494632720947266,-1.0,1.0297975450157537e-06,0.0,DQN_RND,0.001,0.99,mountaincar,dense
7,6586,-200.0,200,10.411980628967285,-1.0,4.528327281150268e-06,0.0,DQN_RND,0.001,0.99,mountaincar,dense
7,6587,-200.0,200,16.95696449279785,-1.0,3.742091575986706e-05,0.0,DQN_RND,0.001,0.99,mountaincar,dense
7,6588,-200.0,200,24.206336975097656,-1.0,2.0600475181709044e-05,0.0,DQN_RND,0.001,0.99,mountaincar,dense
7,6589,-200.0,200,13.965032577514648,-1.0,4.462533979676664e-05,0.0,DQN_RND,0.001,0.99,mountaincar,dense
7,6590,-200.0,200,14.07621955871582,-1.0,4.6506112994393334e-05,0.0,DQN_RND,0.001,0.99,mountaincar,dense
7,6591,-200.0,200,17.29953384399414,-1.0,1.3183275768824387e-06,0.0,DQN_RND,0.001,0.99,mountaincar,dense
7,6592,-200.0,200,13.769182205200195,-1.0,1.0606869409457431e-06,0.0,DQN_RND,0.001,0.99,mountaincar,dense
7,6593,-200.0,200,14.131915092468262,-1.0,5.204708486417076e-06,0.0,DQN_RND,0.001,0.99,mountaincar,dense
7,6594,-200.0,200,21.251502990722656,-1.0,1.0666853086149786e-05,0.0,DQN_RND,0.001,0.99,mountaincar,dense
7,6595,-200.0,200,17.45673179626465,-1.0,8.580289431847632e-05,0.0,DQN_RND,0.001,0.99,mountaincar,dense
7,6596,-200.0,200,21.09800910949707,-1.0,3.7495385186048225e-05,0.0,DQN_RND,0.001,0.99,mountaincar,dense
7,6597,-200.0,200,21.205129623413086,-1.0,4.539944711723365e-05,0.0,DQN_RND,0.001,0.99,mountaincar,dense
7,6598,-200.0,200,30.736082077026367,-1.0,1.2914530998386908e-05,0.0,DQN_RND,0.001,0.99,mountaincar,dense
7,6599,-200.0,200,14.37373161315918,-1.0,2.1439522242872044e-05,0.0,DQN_RND,0.001,0.99,mountaincar,dense
7,6600,-200.0,200,24.3759765625,-1.0,1.4769710787732038e-06,0.0,DQN_RND,0.001,0.99,mountaincar,dense
7,6601,-200.0,200,7.129452705383301,-1.0,1.9257761323387967e-06,0.0,DQN_RND,0.001,0.99,mountaincar,dense
7,6602,-200.0,200,19.966978073120117,-1.0,2.2135327526484616e-05,0.0,DQN_RND,0.001,0.99,mountaincar,dense
7,6603,-200.0,200,18.27460289001465,-1.0,3.315180947538465e-05,0.0,DQN_RND,0.001,0.99,mountaincar,dense
7,6604,-200.0,200,25.009212493896484,-1.0,6.170795677462593e-05,0.0,DQN_RND,0.001,0.99,mountaincar,dense
7,6605,-200.0,200,32.20844268798828,-1.0,6.528928497573361e-05,0.0,DQN_RND,0.001,0.99,mountaincar,dense
7,6606,-200.0,200,21.80378532409668,-1.0,4.815326974494383e-05,0.0,DQN_RND,0.001,0.99,mountaincar,dense
7,6607,-200.0,200,18.16585922241211,-1.0,4.139333759667352e-05,0.0,DQN_RND,0.001,0.99,mountaincar,dense
7,6608,-200.0,200,24.6370849609375,-1.0,3.6479890695773065e-05,0.0,DQN_RND,0.001,0.99,mountaincar,dense
7,6609,-200.0,200,25.0294132232666,-1.0,6.698187644360587e-05,0.0,DQN_RND,0.001,0.99,mountaincar,dense
7,6610,-200.0,200,10.376585006713867,-1.0,4.220222035655752e-05,0.0,DQN_RND,0.001,0.99,mountaincar,dense
7,6611,-200.0,200,18.129764556884766,-1.0,4.60410701634828e-05,0.0,DQN_RND,0.001,0.99,mountaincar,dense
7,6612,-200.0,200,21.910552978515625,-1.0,1.3373238516578567e-06,0.0,DQN_RND,0.001,0.99,mountaincar,dense
7,6613,-200.0,200,22.1091365814209,-1.0,2.381478225288447e-06,0.0,DQN_RND,0.001,0.99,mountaincar,dense
7,6614,-200.0,200,24.249366760253906,-1.0,9.61405817179184e-07,0.0,DQN_RND,0.001,0.99,mountaincar,dense
7,6615,-200.0,200,17.871540069580078,-1.0,5.778311606263742e-05,0.0,DQN_RND,0.001,0.99,mountaincar,dense
7,6616,-200.0,200,17.732421875,-1.0,2.236956606793683e-05,0.0,DQN_RND,0.001,0.99,mountaincar,dense
7,6617,-200.0,200,17.814056396484375,-1.0,5.9814872656716034e-05,0.0,DQN_RND,0.001,0.99,mountaincar,dense
7,6618,-200.0,200,18.165481567382812,-1.0,2.0339901311672293e-05,0.0,DQN_RND,0.001,0.99,mountaincar,dense
7,6619,-200.0,200,28.626707077026367,-1.0,3.762216238101246e-06,0.0,DQN_RND,0.001,0.99,mountaincar,dense
7,6620,-200.0,200,18.62350082397461,-1.0,9.027174314724107e-07,0.0,DQN_RND,0.001,0.99,mountaincar,dense
7,6621,-200.0,200,6.9210052490234375,-1.0,1.3824383131577633e-06,0.0,DQN_RND,0.001,0.99,mountaincar,dense
7,6622,-200.0,200,11.015806198120117,-1.0,3.6050070775672793e-05,0.0,DQN_RND,0.001,0.99,mountaincar,dense
7,6623,-200.0,200,10.911328315734863,-1.0,9.164852485810115e-07,0.0,DQN_RND,0.001,0.99,mountaincar,dense
7,6624,-200.0,200,11.01496410369873,-1.0,1.1349175110808574e-06,0.0,DQN_RND,0.001,0.99,mountaincar,dense
7,6625,-200.0,200,10.600733757019043,-1.0,8.201360287785064e-06,0.0,DQN_RND,0.001,0.99,mountaincar,dense
7,6626,-200.0,200,14.937061309814453,-1.0,2.559577114880085e-05,0.0,DQN_RND,0.001,0.99,mountaincar,dense
7,6627,-200.0,200,21.42120933532715,-1.0,5.464378045871854e-05,0.0,DQN_RND,0.001,0.99,mountaincar,dense
7,6628,-200.0,200,21.116289138793945,-1.0,3.863311212626286e-05,0.0,DQN_RND,0.001,0.99,mountaincar,dense
7,6629,-200.0,200,25.40154266357422,-1.0,5.484658686327748e-05,0.0,DQN_RND,0.001,0.99,mountaincar,dense
7,6630,-200.0,200,24.031904220581055,-1.0,2.43018312175991e-05,0.0,DQN_RND,0.001,0.99,mountaincar,dense
7,6631,-200.0,200,32.64826202392578,-1.0,4.377754157758318e-05,0.0,DQN_RND,0.001,0.99,mountaincar,dense
7,6632,-200.0,200,14.957923889160156,-1.0,1.006154207061627e-06,0.0,DQN_RND,0.001,0.99,mountaincar,dense
7,6633,-200.0,200,10.680845260620117,-1.0,1.813477638279437e-06,0.0,DQN_RND,0.001,0.99,mountaincar,dense
7,6634,-200.0,200,11.150737762451172,-1.0,1.970178573174053e-06,0.0,DQN_RND,0.001,0.99,mountaincar,dense
7,6635,-200.0,200,22.373519897460938,-1.0,4.193379936623387e-06,0.0,DQN_RND,0.001,0.99,mountaincar,dense
7,6636,-200.0,200,17.560903549194336,-1.0,6.191123247845098e-06,0.0,DQN_RND,0.001,0.99,mountaincar,dense
7,6637,-200.0,200,14.70676326751709,-1.0,5.436082210508175e-05,0.0,DQN_RND,0.001,0.99,mountaincar,dense
7,6638,-200.0,200,7.393627643585205,-1.0,4.526491102296859e-05,0.0,DQN_RND,0.001,0.99,mountaincar,dense
7,6639,-200.0,200,17.04983901977539,-1.0,2.6217096547043184e-06,0.0,DQN_RND,0.001,0.99,mountaincar,dense
7,6640,-200.0,200,6.987771034240723,-1.0,6.28126654191874e-05,0.0,DQN_RND,0.001,0.99,mountaincar,dense
7,6641,-200.0,200,32.448768615722656,-1.0,2.675574978638906e-05,0.0,DQN_RND,0.001,0.99,mountaincar,dense
7,6642,-200.0,200,18.637027740478516,-1.0,2.689337998162955e-05,0.0,DQN_RND,0.001,0.99,mountaincar,dense
7,6643,-200.0,200,17.749719619750977,-1.0,2.959899757115636e-05,0.0,DQN_RND,0.001,0.99,mountaincar,dense
7,6644,-200.0,200,39.34722900390625,-1.0,4.609977622749284e-05,0.0,DQN_RND,0.001,0.99,mountaincar,dense
7,6645,-200.0,200,18.61191749572754,-1.0,2.1542689864872955e-05,0.0,DQN_RND,0.001,0.99,mountaincar,dense
7,6646,-200.0,200,14.111943244934082,-1.0,9.899344149744138e-06,0.0,DQN_RND,0.001,0.99,mountaincar,dense
7,6647,-200.0,200,18.001392364501953,-1.0,8.885759257282189e-07,0.0,DQN_RND,0.001,0.99,mountaincar,dense
7,6648,-200.0,200,20.88416862487793,-1.0,3.971932528656907e-06,0.0,DQN_RND,0.001,0.99,mountaincar,dense
7,6649,-200.0,200,10.660480499267578,-1.0,6.135557487141341e-05,0.0,DQN_RND,0.001,0.99,mountaincar,dense
7,6650,-200.0,200,21.19775390625,-1.0,1.4853026186756324e-05,0.0,DQN_RND,0.001,0.99,mountaincar,dense
7,6651,-200.0,200,21.226198196411133,-1.0,9.955339237421867e-07,0.0,DQN_RND,0.001,0.99,mountaincar,dense
7,6652,-200.0,200,7.2661261558532715,-1.0,8.096665987977758e-05,0.0,DQN_RND,0.001,0.99,mountaincar,dense
7,6653,-200.0,200,17.451467514038086,-1.0,1.6870340914465487e-05,0.0,DQN_RND,0.001,0.99,mountaincar,dense
7,6654,-200.0,200,13.313626289367676,-1.0,3.000063225044869e-05,0.0,DQN_RND,0.001,0.99,mountaincar,dense
7,6655,-200.0,200,20.92658233642578,-1.0,2.2837206415715627e-05,0.0,DQN_RND,0.001,0.99,mountaincar,dense
7,6656,-200.0,200,17.93862533569336,-1.0,3.461571395746432e-05,0.0,DQN_RND,0.001,0.99,mountaincar,dense
7,6657,-200.0,200,14.465744018554688,-1.0,1.8147784430766478e-06,0.0,DQN_RND,0.001,0.99,mountaincar,dense
7,6658,-200.0,200,6.999533653259277,-1.0,4.638607606466394e-06,0.0,DQN_RND,0.001,0.99,mountaincar,dense
7,6659,-200.0,200,23.820228576660156,-1.0,4.148377411183901e-05,0.0,DQN_RND,0.001,0.99,mountaincar,dense
7,6660,-200.0,200,20.635887145996094,-1.0,4.704759703599848e-05,0.0,DQN_RND,0.001,0.99,mountaincar,dense
7,6661,-200.0,200,10.760103225708008,-1.0,5.580313427344663e-06,0.0,DQN_RND,0.001,0.99,mountaincar,dense
7,6662,-200.0,200,19.566871643066406,-1.0,4.6969121285656e-06,0.0,DQN_RND,0.001,0.99,mountaincar,dense
7,6663,-200.0,200,20.931081771850586,-1.0,3.695795385283418e-05,0.0,DQN_RND,0.001,0.99,mountaincar,dense
7,6664,-200.0,200,16.862998962402344,-1.0,4.108391294721514e-06,0.0,DQN_RND,0.001,0.99,mountaincar,dense
7,6665,-200.0,200,24.694761276245117,-1.0,1.1583593959585414e-06,0.0,DQN_RND,0.001,0.99,mountaincar,dense
7,6666,-200.0,200,13.690953254699707,-1.0,1.3357089301280212e-06,0.0,DQN_RND,0.001,0.99,mountaincar,dense
7,6667,-200.0,200,17.616981506347656,-1.0,2.4838534500304377e-06,0.0,DQN_RND,0.001,0.99,mountaincar,dense
7,6668,-200.0,200,13.592066764831543,-1.0,2.3327336748479865e-05,0.0,DQN_RND,0.001,0.99,mountaincar,dense
7,6669,-200.0,200,10.30813980102539,-1.0,4.819951755052898e-06,0.0,DQN_RND,0.001,0.99,mountaincar,dense
7,6670,-200.0,200,6.838986396789551,-1.0,2.7808177037513815e-05,0.0,DQN_RND,0.001,0.99,mountaincar,dense
7,6671,-200.0,200,25.34334945678711,-1.0,1.832300768001005e-06,0.0,DQN_RND,0.001,0.99,mountaincar,dense
7,6672,-200.0,200,10.16328239440918,-1.0,4.0295808503287844e-06,0.0,DQN_RND,0.001,0.99,mountaincar,dense
7,6673,-200.0,200,6.82219123840332,-1.0,1.2196851457701996e-06,0.0,DQN_RND,0.001,0.99,mountaincar,dense
7,6674,-200.0,200,24.878623962402344,-1.0,2.960976598842535e-05,0.0,DQN_RND,0.001,0.99,mountaincar,dense
7,6675,-200.0,200,7.1831183433532715,-1.0,2.459507641106029e-06,0.0,DQN_RND,0.001,0.99,mountaincar,dense
7,6676,-200.0,200,18.36911392211914,-1.0,2.0964533177902922e-05,0.0,DQN_RND,0.001,0.99,mountaincar,dense
7,6677,-200.0,200,21.865629196166992,-1.0,1.3114978173689451e-05,0.0,DQN_RND,0.001,0.99,mountaincar,dense
7,6678,-200.0,200,25.193477630615234,-1.0,5.9998606047884095e-06,0.0,DQN_RND,0.001,0.99,mountaincar,dense
7,6679,-200.0,200,20.663658142089844,-1.0,2.1178440874791704e-05,0.0,DQN_RND,0.001,0.99,mountaincar,dense
7,6680,-200.0,200,21.996904373168945,-1.0,1.4753339883100125e-06,0.0,DQN_RND,0.001,0.99,mountaincar,dense
7,6681,-200.0,200,20.98770523071289,-1.0,6.110814865678549e-05,0.0,DQN_RND,0.001,0.99,mountaincar,dense
7,6682,-200.0,200,28.095069885253906,-1.0,4.632662694348255e-06,0.0,DQN_RND,0.001,0.99,mountaincar,dense
7,6683,-200.0,200,7.223984718322754,-1.0,1.569678488522186e-06,0.0,DQN_RND,0.001,0.99,mountaincar,dense
7,6684,-200.0,200,10.839761734008789,-1.0,2.506171222194098e-05,0.0,DQN_RND,0.001,0.99,mountaincar,dense
7,6685,-200.0,200,32.1385498046875,-1.0,2.378779981881962e-06,0.0,DQN_RND,0.001,0.99,mountaincar,dense
7,6686,-200.0,200,24.071044921875,-1.0,8.897422958398238e-07,0.0,DQN_RND,0.001,0.99,mountaincar,dense
7,6687,-200.0,200,13.699307441711426,-1.0,2.1271816876833327e-05,0.0,DQN_RND,0.001,0.99,mountaincar,dense
7,6688,-200.0,200,10.254867553710938,-1.0,3.091946928179823e-05,0.0,DQN_RND,0.001,0.99,mountaincar,dense
7,6689,-200.0,200,13.599199295043945,-1.0,2.394744115008507e-05,0.0,DQN_RND,0.001,0.99,mountaincar,dense
7,6690,-200.0,200,10.408003807067871,-1.0,3.3282936783507466e-05,0.0,DQN_RND,0.001,0.99,mountaincar,dense
7,6691,-200.0,200,24.81729507446289,-1.0,5.848197361046914e-06,0.0,DQN_RND,0.001,0.99,mountaincar,dense
7,6692,-200.0,200,14.286100387573242,-1.0,1.5435570048794034e-06,0.0,DQN_RND,0.001,0.99,mountaincar,dense
7,6693,-200.0,200,17.214162826538086,-1.0,9.470352961216122e-05,0.0,DQN_RND,0.001,0.99,mountaincar,dense
7,6694,-200.0,200,16.82953643798828,-1.0,5.3941541409585625e-05,0.0,DQN_RND,0.001,0.99,mountaincar,dense
7,6695,-200.0,200,17.043869018554688,-1.0,5.795955439680256e-05,0.0,DQN_RND,0.001,0.99,mountaincar,dense
7,6696,-200.0,200,32.63079833984375,-1.0,4.412428552313941e-06,0.0,DQN_RND,0.001,0.99,mountaincar,dense
7,6697,-200.0,200,16.310277938842773,-1.0,4.2610154196154326e-05,0.0,DQN_RND,0.001,0.99,mountaincar,dense
7,6698,-200.0,200,13.227276802062988,-1.0,2.278357533214148e-05,0.0,DQN_RND,0.001,0.99,mountaincar,dense
7,6699,-200.0,200,9.718400955200195,-1.0,4.371375325717963e-05,0.0,DQN_RND,0.001,0.99,mountaincar,dense
7,6700,-200.0,200,12.505261421203613,-1.0,4.888257899438031e-05,0.0,DQN_RND,0.001,0.99,mountaincar,dense
7,6701,-200.0,200,6.914862155914307,-1.0,1.2978458698853501e-06,0.0,DQN_RND,0.001,0.99,mountaincar,dense
7,6702,-200.0,200,20.481046676635742,-1.0,7.285768788278801e-06,0.0,DQN_RND,0.001,0.99,mountaincar,dense
7,6703,-200.0,200,20.52578353881836,-1.0,9.301950854023744e-07,0.0,DQN_RND,0.001,0.99,mountaincar,dense
7,6704,-200.0,200,6.590732097625732,-1.0,1.1738531611626968e-05,0.0,DQN_RND,0.001,0.99,mountaincar,dense
7,6705,-200.0,200,12.99549388885498,-1.0,2.7083327950094827e-05,0.0,DQN_RND,0.001,0.99,mountaincar,dense
7,6706,-200.0,200,16.467634201049805,-1.0,2.3163047444541007e-05,0.0,DQN_RND,0.001,0.99,mountaincar,dense
7,6707,-200.0,200,22.395137786865234,-1.0,3.968859164160676e-05,0.0,DQN_RND,0.001,0.99,mountaincar,dense
7,6708,-200.0,200,12.785057067871094,-1.0,2.683686261661933e-06,0.0,DQN_RND,0.001,0.99,mountaincar,dense
7,6709,-200.0,200,16.19618797302246,-1.0,3.3053825063689146e-06,0.0,DQN_RND,0.001,0.99,mountaincar,dense
7,6710,-200.0,200,22.351953506469727,-1.0,5.679398782376666e-06,0.0,DQN_RND,0.001,0.99,mountaincar,dense
7,6711,-200.0,200,6.861448287963867,-1.0,2.4741050310694845e-06,0.0,DQN_RND,0.001,0.99,mountaincar,dense
7,6712,-200.0,200,19.70248031616211,-1.0,8.011529280338436e-05,0.0,DQN_RND,0.001,0.99,mountaincar,dense
7,6713,-200.0,200,31.883703231811523,-1.0,5.863510523340665e-05,0.0,DQN_RND,0.001,0.99,mountaincar,dense
7,6714,-200.0,200,16.065574645996094,-1.0,2.5562851078575477e-05,0.0,DQN_RND,0.001,0.99,mountaincar,dense
7,6715,-200.0,200,15.831682205200195,-1.0,2.6549299946054816e-05,0.0,DQN_RND,0.001,0.99,mountaincar,dense
7,6716,-200.0,200,18.91790008544922,-1.0,5.3389918321045116e-05,0.0,DQN_RND,0.001,0.99,mountaincar,dense
7,6717,-200.0,200,9.629708290100098,-1.0,6.516520079458132e-05,0.0,DQN_RND,0.001,0.99,mountaincar,dense
7,6718,-200.0,200,18.432260513305664,-1.0,1.3971296084491769e-06,0.0,DQN_RND,0.001,0.99,mountaincar,dense
7,6719,-200.0,200,6.187962532043457,-1.0,2.000665745072183e-06,0.0,DQN_RND,0.001,0.99,mountaincar,dense
7,6720,-200.0,200,15.881799697875977,-1.0,8.21126923256088e-06,0.0,DQN_RND,0.001,0.99,mountaincar,dense
7,6721,-200.0,200,9.092613220214844,-1.0,2.418185249553062e-05,0.0,DQN_RND,0.001,0.99,mountaincar,dense
7,6722,-200.0,200,17.932720184326172,-1.0,2.5311592253274284e-05,0.0,DQN_RND,0.001,0.99,mountaincar,dense
7,6723,-200.0,200,18.206132888793945,-1.0,5.315120142768137e-05,0.0,DQN_RND,0.001,0.99,mountaincar,dense
7,6724,-200.0,200,15.844907760620117,-1.0,4.806805918633472e-06,0.0,DQN_RND,0.001,0.99,mountaincar,dense
7,6725,-200.0,200,6.209074974060059,-1.0,3.630011633504182e-05,0.0,DQN_RND,0.001,0.99,mountaincar,dense
7,6726,-200.0,200,18.583873748779297,-1.0,1.2092664292140398e-06,0.0,DQN_RND,0.001,0.99,mountaincar,dense
7,6727,-200.0,200,0.009699802845716476,-1.0,3.494210614007898e-05,0.0,DQN_RND,0.001,0.99,mountaincar,dense
7,6728,-200.0,200,9.679364204406738,-1.0,9.637407174523105e-07,0.0,DQN_RND,0.001,0.99,mountaincar,dense
7,6729,-200.0,200,12.145816802978516,-1.0,4.814788917428814e-05,0.0,DQN_RND,0.001,0.99,mountaincar,dense
7,6730,-200.0,200,12.357682228088379,-1.0,1.7841798580775503e-06,0.0,DQN_RND,0.001,0.99,mountaincar,dense
7,6731,-200.0,200,6.539999485015869,-1.0,1.0298612323822454e-05,0.0,DQN_RND,0.001,0.99,mountaincar,dense
7,6732,-200.0,200,12.309040069580078,-1.0,5.969244011794217e-05,0.0,DQN_RND,0.001,0.99,mountaincar,dense
7,6733,-200.0,200,19.0853271484375,-1.0,1.7829190710472176e-06,0.0,DQN_RND,0.001,0.99,mountaincar,dense
7,6734,-200.0,200,30.610166549682617,-1.0,4.85620057588676e-06,0.0,DQN_RND,0.001,0.99,mountaincar,dense
7,6735,-200.0,200,9.170039176940918,-1.0,3.3463620638940483e-06,0.0,DQN_RND,0.001,0.99,mountaincar,dense
7,6736,-200.0,200,15.682449340820312,-1.0,4.507799894781783e-05,0.0,DQN_RND,0.001,0.99,mountaincar,dense
7,6737,-200.0,200,12.133537292480469,-1.0,5.011779649066739e-05,0.0,DQN_RND,0.001,0.99,mountaincar,dense
7,6738,-200.0,200,6.480966567993164,-1.0,4.1726518247742206e-05,0.0,DQN_RND,0.001,0.99,mountaincar,dense
7,6739,-200.0,200,12.465465545654297,-1.0,4.408102540764958e-06,0.0,DQN_RND,0.001,0.99,mountaincar,dense
7,6740,-200.0,200,12.539817810058594,-1.0,1.257645294572285e-06,0.0,DQN_RND,0.001,0.99,mountaincar,dense
7,6741,-200.0,200,19.800647735595703,-1.0,2.6256448109052144e-06,0.0,DQN_RND,0.001,0.99,mountaincar,dense
7,6742,-200.0,200,15.969274520874023,-1.0,7.130058747861767e-06,0.0,DQN_RND,0.001,0.99,mountaincar,dense
7,6743,-200.0,200,13.284746170043945,-1.0,2.6475259801372886e-05,0.0,DQN_RND,0.001,0.99,mountaincar,dense
7,6744,-200.0,200,16.454687118530273,-1.0,5.317995965015143e-05,0.0,DQN_RND,0.001,0.99,mountaincar,dense
7,6745,-200.0,200,6.677212238311768,-1.0,5.403721297625452e-05,0.0,DQN_RND,0.001,0.99,mountaincar,dense
7,6746,-200.0,200,22.588279724121094,-1.0,2.1055359411548125e-06,0.0,DQN_RND,0.001,0.99,mountaincar,dense
7,6747,-200.0,200,18.891925811767578,-1.0,5.086699820822105e-05,0.0,DQN_RND,0.001,0.99,mountaincar,dense
7,6748,-200.0,200,25.462265014648438,-1.0,4.189590981695801e-05,0.0,DQN_RND,0.001,0.99,mountaincar,dense
7,6749,-200.0,200,23.763029098510742,-1.0,8.575423180445796e-07,0.0,DQN_RND,0.001,0.99,mountaincar,dense
7,6750,-200.0,200,12.813777923583984,-1.0,8.982456165540498e-07,0.0,DQN_RND,0.001,0.99,mountaincar,dense
7,6751,-200.0,200,16.54196548461914,-1.0,3.7846300529054133e-06,0.0,DQN_RND,0.001,0.99,mountaincar,dense
7,6752,-200.0,200,28.93339729309082,-1.0,1.2116755669921986e-06,0.0,DQN_RND,0.001,0.99,mountaincar,dense
7,6753,-200.0,200,25.187335968017578,-1.0,2.5853925762930885e-05,0.0,DQN_RND,0.001,0.99,mountaincar,dense
7,6754,-200.0,200,9.385383605957031,-1.0,6.718350778101012e-05,0.0,DQN_RND,0.001,0.99,mountaincar,dense
7,6755,-200.0,200,15.227203369140625,-1.0,2.3998134111025138e-06,0.0,DQN_RND,0.001,0.99,mountaincar,dense
7,6756,-200.0,200,15.1016263961792,-1.0,3.125080911559053e-05,0.0,DQN_RND,0.001,0.99,mountaincar,dense
7,6757,-200.0,200,9.316492080688477,-1.0,5.2677328312711325e-06,0.0,DQN_RND,0.001,0.99,mountaincar,dense
7,6758,-200.0,200,12.207773208618164,-1.0,3.0127214358799392e-06,0.0,DQN_RND,0.001,0.99,mountaincar,dense
7,6759,-200.0,200,27.398101806640625,-1.0,2.460533141857013e-05,0.0,DQN_RND,0.001,0.99,mountaincar,dense
7,6760,-200.0,200,27.477745056152344,-1.0,9.328100532002281e-07,0.0,DQN_RND,0.001,0.99,mountaincar,dense
7,6761,-200.0,200,11.364013671875,-1.0,4.772743068315322e-06,0.0,DQN_RND,0.001,0.99,mountaincar,dense
7,6762,-200.0,200,17.622648239135742,-1.0,5.2632196457125247e-05,0.0,DQN_RND,0.001,0.99,mountaincar,dense
7,6763,-200.0,200,22.91012191772461,-1.0,3.948735411540838e-06,0.0,DQN_RND,0.001,0.99,mountaincar,dense
7,6764,-200.0,200,17.12740135192871,-1.0,6.819015106884763e-05,0.0,DQN_RND,0.001,0.99,mountaincar,dense
7,6765,-200.0,200,20.573442459106445,-1.0,6.391459464794025e-05,0.0,DQN_RND,0.001,0.99,mountaincar,dense
7,6766,-200.0,200,17.551403045654297,-1.0,7.322373221541056e-06,0.0,DQN_RND,0.001,0.99,mountaincar,dense
7,6767,-200.0,200,7.972438335418701,-1.0,5.7590783399064094e-05,0.0,DQN_RND,0.001,0.99,mountaincar,dense
7,6768,-200.0,200,9.020563125610352,-1.0,2.3599302949151024e-05,0.0,DQN_RND,0.001,0.99,mountaincar,dense
7,6769,-200.0,200,22.652921676635742,-1.0,4.9792374738899525e-06,0.0,DQN_RND,0.001,0.99,mountaincar,dense
7,6770,-200.0,200,11.485435485839844,-1.0,6.0152364312671125e-05,0.0,DQN_RND,0.001,0.99,mountaincar,dense
7,6771,-200.0,200,11.985185623168945,-1.0,3.818872301053489e-06,0.0,DQN_RND,0.001,0.99,mountaincar,dense
7,6772,-200.0,200,8.597896575927734,-1.0,8.60770001054334e-07,0.0,DQN_RND,0.001,0.99,mountaincar,dense
7,6773,-200.0,200,17.33352279663086,-1.0,3.2874770113267004e-05,0.0,DQN_RND,0.001,0.99,mountaincar,dense
7,6774,-200.0,200,14.76618480682373,-1.0,2.2348272977978922e-05,0.0,DQN_RND,0.001,0.99,mountaincar,dense
7,6775,-200.0,200,5.735572814941406,-1.0,1.0723390460043447e-06,0.0,DQN_RND,0.001,0.99,mountaincar,dense
7,6776,-200.0,200,14.467583656311035,-1.0,5.6979156397574116e-06,0.0,DQN_RND,0.001,0.99,mountaincar,dense
7,6777,-200.0,200,23.093307495117188,-1.0,2.340445234949584e-06,0.0,DQN_RND,0.001,0.99,mountaincar,dense
7,6778,-200.0,200,11.970115661621094,-1.0,5.459739622892812e-05,0.0,DQN_RND,0.001,0.99,mountaincar,dense
7,6779,-200.0,200,15.091524124145508,-1.0,2.0210172806400806e-06,0.0,DQN_RND,0.001,0.99,mountaincar,dense
7,6780,-200.0,200,22.30137062072754,-1.0,3.7808549677720293e-05,0.0,DQN_RND,0.001,0.99,mountaincar,dense
7,6781,-200.0,200,14.537951469421387,-1.0,1.346441149507882e-05,0.0,DQN_RND,0.001,0.99,mountaincar,dense
7,6782,-200.0,200,8.514080047607422,-1.0,3.1483561997447396e-06,0.0,DQN_RND,0.001,0.99,mountaincar,dense
7,6783,-200.0,200,11.072492599487305,-1.0,9.75038801698247e-07,0.0,DQN_RND,0.001,0.99,mountaincar,dense
7,6784,-200.0,200,11.929749488830566,-1.0,6.208761624293402e-05,0.0,DQN_RND,0.001,0.99,mountaincar,dense
7,6785,-200.0,200,11.669380187988281,-1.0,8.96520577953197e-06,0.0,DQN_RND,0.001,0.99,mountaincar,dense
7,6786,-200.0,200,14.013124465942383,-1.0,2.2822821392765036e-06,0.0,DQN_RND,0.001,0.99,mountaincar,dense
7,6787,-200.0,200,3.017033815383911,-1.0,8.79416984389536e-06,0.0,DQN_RND,0.001,0.99,mountaincar,dense
7,6788,-200.0,200,5.35253381729126,-1.0,9.224013410857879e-06,0.0,DQN_RND,0.001,0.99,mountaincar,dense
7,6789,-200.0,200,22.212730407714844,-1.0,2.26038846449228e-05,0.0,DQN_RND,0.001,0.99,mountaincar,dense
7,6790,-200.0,200,14.361706733703613,-1.0,1.7523885844639153e-06,0.0,DQN_RND,0.001,0.99,mountaincar,dense
7,6791,-200.0,200,11.672529220581055,-1.0,2.6148181859753095e-05,0.0,DQN_RND,0.001,0.99,mountaincar,dense
7,6792,-200.0,200,11.847526550292969,-1.0,7.100649781932589e-06,0.0,DQN_RND,0.001,0.99,mountaincar,dense
7,6793,-200.0,200,13.907402038574219,-1.0,6.964771273487713e-06,0.0,DQN_RND,0.001,0.99,mountaincar,dense
7,6794,-200.0,200,23.011585235595703,-1.0,9.70874907579855e-07,0.0,DQN_RND,0.001,0.99,mountaincar,dense
7,6795,-200.0,200,31.391830444335938,-1.0,1.3310450412973296e-06,0.0,DQN_RND,0.001,0.99,mountaincar,dense
7,6796,-200.0,200,11.236237525939941,-1.0,3.454627403698396e-06,0.0,DQN_RND,0.001,0.99,mountaincar,dense
7,6797,-200.0,200,8.297274589538574,-1.0,1.9051639128520037e-06,0.0,DQN_RND,0.001,0.99,mountaincar,dense
7,6798,-200.0,200,13.355278968811035,-1.0,1.621824253561499e-06,0.0,DQN_RND,0.001,0.99,mountaincar,dense
7,6799,-200.0,200,15.942888259887695,-1.0,7.941726653371006e-05,0.0,DQN_RND,0.001,0.99,mountaincar,dense
7,6800,-200.0,200,10.993988037109375,-1.0,6.329146708594635e-05,0.0,DQN_RND,0.001,0.99,mountaincar,dense
7,6801,-200.0,200,5.262738227844238,-1.0,8.883038390194997e-05,0.0,DQN_RND,0.001,0.99,mountaincar,dense
7,6802,-200.0,200,13.054664611816406,-1.0,8.096583769656718e-05,0.0,DQN_RND,0.001,0.99,mountaincar,dense
7,6803,-200.0,200,8.373651504516602,-1.0,8.476134098600596e-05,0.0,DQN_RND,0.001,0.99,mountaincar,dense
7,6804,-200.0,200,13.599593162536621,-1.0,1.3959755733594648e-06,0.0,DQN_RND,0.001,0.99,mountaincar,dense
7,6805,-200.0,200,16.287105560302734,-1.0,2.2612366592511535e-06,0.0,DQN_RND,0.001,0.99,mountaincar,dense
7,6806,-200.0,200,11.376331329345703,-1.0,5.1084571168757975e-05,0.0,DQN_RND,0.001,0.99,mountaincar,dense
7,6807,-200.0,200,14.198286056518555,-1.0,6.268743163673207e-05,0.0,DQN_RND,0.001,0.99,mountaincar,dense
7,6808,-200.0,200,22.13838005065918,-1.0,7.405511132674292e-05,0.0,DQN_RND,0.001,0.99,mountaincar,dense
7,6809,-200.0,200,24.610488891601562,-1.0,2.5904257199727e-05,0.0,DQN_RND,0.001,0.99,mountaincar,dense
7,6810,-200.0,200,10.629472732543945,-1.0,2.3293392587220296e-05,0.0,DQN_RND,0.001,0.99,mountaincar,dense
7,6811,-200.0,200,10.990519523620605,-1.0,5.479067112901248e-05,0.0,DQN_RND,0.001,0.99,mountaincar,dense
7,6812,-200.0,200,16.45011329650879,-1.0,3.9217786252265796e-05,0.0,DQN_RND,0.001,0.99,mountaincar,dense
7,6813,-200.0,200,8.274850845336914,-1.0,2.1198206013650633e-05,0.0,DQN_RND,0.001,0.99,mountaincar,dense
7,6814,-200.0,200,11.76131534576416,-1.0,5.125978714204393e-05,0.0,DQN_RND,0.001,0.99,mountaincar,dense
7,6815,-200.0,200,11.441984176635742,-1.0,8.758359035709873e-05,0.0,DQN_RND,0.001,0.99,mountaincar,dense
7,6816,-200.0,200,10.51540756225586,-1.0,4.5459901230060495e-06,0.0,DQN_RND,0.001,0.99,mountaincar,dense
7,6817,-200.0,200,10.623235702514648,-1.0,2.5827623176155612e-05,0.0,DQN_RND,0.001,0.99,mountaincar,dense
7,6818,-200.0,200,11.189248085021973,-1.0,2.9196467949077487e-05,0.0,DQN_RND,0.001,0.99,mountaincar,dense
7,6819,-200.0,200,8.475876808166504,-1.0,6.009244316373952e-06,0.0,DQN_RND,0.001,0.99,mountaincar,dense
7,6820,-200.0,200,13.867368698120117,-1.0,4.933746367896674e-06,0.0,DQN_RND,0.001,0.99,mountaincar,dense
7,6821,-200.0,200,22.572776794433594,-1.0,2.5783667751966277e-06,0.0,DQN_RND,0.001,0.99,mountaincar,dense
7,6822,-200.0,200,14.4954195022583,-1.0,3.1614599720342085e-06,0.0,DQN_RND,0.001,0.99,mountaincar,dense
7,6823,-200.0,200,5.939553737640381,-1.0,3.3668900414340897e-06,0.0,DQN_RND,0.001,0.99,mountaincar,dense
7,6824,-200.0,200,15.074060440063477,-1.0,3.792272991631762e-06,0.0,DQN_RND,0.001,0.99,mountaincar,dense
7,6825,-200.0,200,20.797168731689453,-1.0,4.5640565076610073e-05,0.0,DQN_RND,0.001,0.99,mountaincar,dense
7,6826,-200.0,200,18.303470611572266,-1.0,5.348215199774131e-05,0.0,DQN_RND,0.001,0.99,mountaincar,dense
7,6827,-200.0,200,26.275012969970703,-1.0,2.2722531412000535e-06,0.0,DQN_RND,0.001,0.99,mountaincar,dense
7,6828,-200.0,200,9.240596771240234,-1.0,4.333265314926393e-05,0.0,DQN_RND,0.001,0.99,mountaincar,dense
7,6829,-200.0,200,5.988480567932129,-1.0,7.211208139779046e-05,0.0,DQN_RND,0.001,0.99,mountaincar,dense
7,6830,-200.0,200,14.649827003479004,-1.0,0.00010066136746900156,0.0,DQN_RND,0.001,0.99,mountaincar,dense
7,6831,-200.0,200,11.43520736694336,-1.0,1.766385594237363e-06,0.0,DQN_RND,0.001,0.99,mountaincar,dense
7,6832,-200.0,200,11.804560661315918,-1.0,6.711115565849468e-05,0.0,DQN_RND,0.001,0.99,mountaincar,dense
7,6833,-200.0,200,20.25533676147461,-1.0,4.942589657730423e-05,0.0,DQN_RND,0.001,0.99,mountaincar,dense
7,6834,-200.0,200,8.601865768432617,-1.0,5.249468085821718e-05,0.0,DQN_RND,0.001,0.99,mountaincar,dense
7,6835,-200.0,200,17.804290771484375,-1.0,4.567485575535102e-06,0.0,DQN_RND,0.001,0.99,mountaincar,dense
7,6836,-200.0,200,11.522825241088867,-1.0,1.3794583537674043e-05,0.0,DQN_RND,0.001,0.99,mountaincar,dense
7,6837,-200.0,200,17.462005615234375,-1.0,5.808022615383379e-05,0.0,DQN_RND,0.001,0.99,mountaincar,dense
7,6838,-200.0,200,12.550379753112793,-1.0,5.6289543863385916e-05,0.0,DQN_RND,0.001,0.99,mountaincar,dense
7,6839,-200.0,200,12.386865615844727,-1.0,8.03184047981631e-06,0.0,DQN_RND,0.001,0.99,mountaincar,dense
7,6840,-200.0,200,8.976493835449219,-1.0,1.1099714356532786e-06,0.0,DQN_RND,0.001,0.99,mountaincar,dense
7,6841,-200.0,200,23.564132690429688,-1.0,3.7856956623727456e-05,0.0,DQN_RND,0.001,0.99,mountaincar,dense
7,6842,-200.0,200,8.85348892211914,-1.0,3.7619334761984646e-05,0.0,DQN_RND,0.001,0.99,mountaincar,dense
7,6843,-200.0,200,9.152498245239258,-1.0,2.4134604245773517e-05,0.0,DQN_RND,0.001,0.99,mountaincar,dense
7,6844,-200.0,200,24.521339416503906,-1.0,1.9140752556268126e-06,0.0,DQN_RND,0.001,0.99,mountaincar,dense
7,6845,-200.0,200,8.974218368530273,-1.0,4.7671412175986916e-05,0.0,DQN_RND,0.001,0.99,mountaincar,dense
7,6846,-200.0,200,18.101158142089844,-1.0,3.0870876798871905e-05,0.0,DQN_RND,0.001,0.99,mountaincar,dense
7,6847,-200.0,200,15.657294273376465,-1.0,1.2791550943802577e-05,0.0,DQN_RND,0.001,0.99,mountaincar,dense
7,6848,-200.0,200,12.238189697265625,-1.0,7.982094757608138e-06,0.0,DQN_RND,0.001,0.99,mountaincar,dense
7,6849,-200.0,200,18.76131248474121,-1.0,2.644211690494558e-06,0.0,DQN_RND,0.001,0.99,mountaincar,dense
7,6850,-200.0,200,8.882841110229492,-1.0,8.912035809771623e-06,0.0,DQN_RND,0.001,0.99,mountaincar,dense
7,6851,-200.0,200,11.702574729919434,-1.0,4.02002660848666e-06,0.0,DQN_RND,0.001,0.99,mountaincar,dense
7,6852,-200.0,200,9.131430625915527,-1.0,2.885684989450965e-05,0.0,DQN_RND,0.001,0.99,mountaincar,dense
7,6853,-200.0,200,5.317410469055176,-1.0,9.722827599034645e-06,0.0,DQN_RND,0.001,0.99,mountaincar,dense
7,6854,-200.0,200,15.638446807861328,-1.0,5.0976879720110446e-05,0.0,DQN_RND,0.001,0.99,mountaincar,dense
7,6855,-200.0,200,22.446422576904297,-1.0,5.050174422649434e-06,0.0,DQN_RND,0.001,0.99,mountaincar,dense
7,6856,-200.0,200,18.852678298950195,-1.0,1.221015509145218e-06,0.0,DQN_RND,0.001,0.99,mountaincar,dense
7,6857,-200.0,200,27.967269897460938,-1.0,2.3560289719171124e-06,0.0,DQN_RND,0.001,0.99,mountaincar,dense
7,6858,-200.0,200,22.21002769470215,-1.0,1.012618440654478e-06,0.0,DQN_RND,0.001,0.99,mountaincar,dense
7,6859,-200.0,200,16.180530548095703,-1.0,1.7175401580971084e-06,0.0,DQN_RND,0.001,0.99,mountaincar,dense
7,6860,-200.0,200,18.84117889404297,-1.0,9.782310371519998e-05,0.0,DQN_RND,0.001,0.99,mountaincar,dense
7,6861,-200.0,200,15.84693717956543,-1.0,5.072870771982707e-05,0.0,DQN_RND,0.001,0.99,mountaincar,dense
7,6862,-200.0,200,12.528899192810059,-1.0,1.1249449016759172e-05,0.0,DQN_RND,0.001,0.99,mountaincar,dense
7,6863,-200.0,200,24.26398468017578,-1.0,5.6368913647020236e-05,0.0,DQN_RND,0.001,0.99,mountaincar,dense
7,6864,-200.0,200,21.03423309326172,-1.0,1.147074726759456e-06,0.0,DQN_RND,0.001,0.99,mountaincar,dense
7,6865,-200.0,200,38.772823333740234,-1.0,1.1847976111312164e-06,0.0,DQN_RND,0.001,0.99,mountaincar,dense
7,6866,-200.0,200,11.913204193115234,-1.0,1.8306425317859976e-06,0.0,DQN_RND,0.001,0.99,mountaincar,dense
7,6867,-200.0,200,8.34556770324707,-1.0,1.2633791811822448e-05,0.0,DQN_RND,0.001,0.99,mountaincar,dense
7,6868,-200.0,200,8.300383567810059,-1.0,2.8769843993359245e-05,0.0,DQN_RND,0.001,0.99,mountaincar,dense
7,6869,-200.0,200,8.5743989944458,-1.0,3.9471618947573006e-05,0.0,DQN_RND,0.001,0.99,mountaincar,dense
7,6870,-200.0,200,11.22636604309082,-1.0,2.3338443497777916e-05,0.0,DQN_RND,0.001,0.99,mountaincar,dense
7,6871,-200.0,200,6.106115818023682,-1.0,5.176181366550736e-05,0.0,DQN_RND,0.001,0.99,mountaincar,dense
7,6872,-200.0,200,24.312103271484375,-1.0,3.097842636634596e-05,0.0,DQN_RND,0.001,0.99,mountaincar,dense
7,6873,-200.0,200,17.73540687561035,-1.0,2.4803562155284453e-06,0.0,DQN_RND,0.001,0.99,mountaincar,dense
7,6874,-200.0,200,11.672751426696777,-1.0,1.4583520169253461e-06,0.0,DQN_RND,0.001,0.99,mountaincar,dense
7,6875,-200.0,200,20.91009521484375,-1.0,8.813644853944425e-06,0.0,DQN_RND,0.001,0.99,mountaincar,dense
7,6876,-200.0,200,15.019431114196777,-1.0,6.46961634629406e-05,0.0,DQN_RND,0.001,0.99,mountaincar,dense
7,6877,-200.0,200,19.751995086669922,-1.0,0.00011054967035306618,0.0,DQN_RND,0.001,0.99,mountaincar,dense
7,6878,-200.0,200,5.181506156921387,-1.0,2.2594505935558118e-05,0.0,DQN_RND,0.001,0.99,mountaincar,dense
7,6879,-200.0,200,15.055190086364746,-1.0,4.489326602197252e-05,0.0,DQN_RND,0.001,0.99,mountaincar,dense
7,6880,-200.0,200,17.575895309448242,-1.0,9.724744813865982e-06,0.0,DQN_RND,0.001,0.99,mountaincar,dense
7,6881,-200.0,200,12.42109489440918,-1.0,3.9565082261106e-05,0.0,DQN_RND,0.001,0.99,mountaincar,dense
7,6882,-200.0,200,18.455291748046875,-1.0,8.447561413049698e-05,0.0,DQN_RND,0.001,0.99,mountaincar,dense
7,6883,-200.0,200,20.59493637084961,-1.0,0.00010838453454198316,0.0,DQN_RND,0.001,0.99,mountaincar,dense
7,6884,-200.0,200,11.914725303649902,-1.0,0.0001073113307938911,0.0,DQN_RND,0.001,0.99,mountaincar,dense
7,6885,-200.0,200,20.893573760986328,-1.0,8.10878918855451e-05,0.0,DQN_RND,0.001,0.99,mountaincar,dense
7,6886,-200.0,200,14.701959609985352,-1.0,1.0679707429517293e-06,0.0,DQN_RND,0.001,0.99,mountaincar,dense
7,6887,-200.0,200,22.90083885192871,-1.0,3.7944369978504255e-05,0.0,DQN_RND,0.001,0.99,mountaincar,dense
7,6888,-200.0,200,17.425207138061523,-1.0,3.432050289120525e-05,0.0,DQN_RND,0.001,0.99,mountaincar,dense
7,6889,-200.0,200,17.906892776489258,-1.0,4.18944682678557e-06,0.0,DQN_RND,0.001,0.99,mountaincar,dense
7,6890,-200.0,200,8.83159351348877,-1.0,8.619081199867651e-05,0.0,DQN_RND,0.001,0.99,mountaincar,dense
7,6891,-200.0,200,8.589951515197754,-1.0,2.574572818048182e-06,0.0,DQN_RND,0.001,0.99,mountaincar,dense
7,6892,-200.0,200,13.974041938781738,-1.0,3.4504006180213764e-05,0.0,DQN_RND,0.001,0.99,mountaincar,dense
7,6893,-200.0,200,17.351879119873047,-1.0,2.4492557713529095e-05,0.0,DQN_RND,0.001,0.99,mountaincar,dense
7,6894,-200.0,200,17.820775985717773,-1.0,9.044384796652594e-07,0.0,DQN_RND,0.001,0.99,mountaincar,dense
7,6895,-200.0,200,23.139387130737305,-1.0,1.1440335583756678e-05,0.0,DQN_RND,0.001,0.99,mountaincar,dense
7,6896,-200.0,200,8.387057304382324,-1.0,2.800351012410829e-06,0.0,DQN_RND,0.001,0.99,mountaincar,dense
7,6897,-200.0,200,11.619891166687012,-1.0,4.9424488679505885e-05,0.0,DQN_RND,0.001,0.99,mountaincar,dense
7,6898,-200.0,200,14.978480339050293,-1.0,1.0553257197898347e-05,0.0,DQN_RND,0.001,0.99,mountaincar,dense
7,6899,-200.0,200,14.3206148147583,-1.0,5.659278394887224e-05,0.0,DQN_RND,0.001,0.99,mountaincar,dense
7,6900,-200.0,200,25.93398094177246,-1.0,7.5578977885015775e-06,0.0,DQN_RND,0.001,0.99,mountaincar,dense
7,6901,-200.0,200,22.630298614501953,-1.0,1.0526335927352193e-06,0.0,DQN_RND,0.001,0.99,mountaincar,dense
7,6902,-200.0,200,14.250226020812988,-1.0,9.278122092837293e-07,0.0,DQN_RND,0.001,0.99,mountaincar,dense
7,6903,-200.0,200,19.810489654541016,-1.0,2.714144102355931e-06,0.0,DQN_RND,0.001,0.99,mountaincar,dense
7,6904,-200.0,200,11.777276039123535,-1.0,1.5266286936821416e-06,0.0,DQN_RND,0.001,0.99,mountaincar,dense
7,6905,-200.0,200,5.582004547119141,-1.0,7.43207783671096e-05,0.0,DQN_RND,0.001,0.99,mountaincar,dense
7,6906,-200.0,200,17.511178970336914,-1.0,3.7215158954495564e-05,0.0,DQN_RND,0.001,0.99,mountaincar,dense
7,6907,-200.0,200,11.521909713745117,-1.0,4.599408384819981e-06,0.0,DQN_RND,0.001,0.99,mountaincar,dense
7,6908,-200.0,200,20.427330017089844,-1.0,3.229813228244893e-05,0.0,DQN_RND,0.001,0.99,mountaincar,dense
7,6909,-200.0,200,5.743978500366211,-1.0,3.248779830755666e-05,0.0,DQN_RND,0.001,0.99,mountaincar,dense
7,6910,-200.0,200,11.811856269836426,-1.0,2.3499573217122816e-05,0.0,DQN_RND,0.001,0.99,mountaincar,dense
7,6911,-200.0,200,5.365607738494873,-1.0,1.2163116025476484e-06,0.0,DQN_RND,0.001,0.99,mountaincar,dense
7,6912,-200.0,200,11.920038223266602,-1.0,2.156822483811993e-05,0.0,DQN_RND,0.001,0.99,mountaincar,dense
7,6913,-200.0,200,19.580669403076172,-1.0,2.3735794457024895e-05,0.0,DQN_RND,0.001,0.99,mountaincar,dense
7,6914,-200.0,200,13.987382888793945,-1.0,5.317459726938978e-05,0.0,DQN_RND,0.001,0.99,mountaincar,dense
7,6915,-200.0,200,15.121781349182129,-1.0,2.2317408365779556e-05,0.0,DQN_RND,0.001,0.99,mountaincar,dense
7,6916,-200.0,200,8.35953140258789,-1.0,4.9655391194391996e-05,0.0,DQN_RND,0.001,0.99,mountaincar,dense
7,6917,-200.0,200,14.562602996826172,-1.0,7.990705489646643e-05,0.0,DQN_RND,0.001,0.99,mountaincar,dense
7,6918,-200.0,200,29.625930786132812,-1.0,1.9440476535237394e-06,0.0,DQN_RND,0.001,0.99,mountaincar,dense
7,6919,-200.0,200,11.795280456542969,-1.0,5.437693471321836e-05,0.0,DQN_RND,0.001,0.99,mountaincar,dense
7,6920,-200.0,200,20.148338317871094,-1.0,9.342479074803123e-07,0.0,DQN_RND,0.001,0.99,mountaincar,dense
7,6921,-200.0,200,8.96338939666748,-1.0,7.600906974403188e-05,0.0,DQN_RND,0.001,0.99,mountaincar,dense
7,6922,-200.0,200,23.709392547607422,-1.0,4.930446266371291e-06,0.0,DQN_RND,0.001,0.99,mountaincar,dense
7,6923,-200.0,200,11.476214408874512,-1.0,3.685332922032103e-05,0.0,DQN_RND,0.001,0.99,mountaincar,dense
7,6924,-200.0,200,12.384851455688477,-1.0,4.665161031880416e-05,0.0,DQN_RND,0.001,0.99,mountaincar,dense
7,6925,-200.0,200,6.202489852905273,-1.0,8.835102926241234e-05,0.0,DQN_RND,0.001,0.99,mountaincar,dense
7,6926,-200.0,200,14.945043563842773,-1.0,4.543179602478631e-05,0.0,DQN_RND,0.001,0.99,mountaincar,dense
7,6927,-200.0,200,11.835083961486816,-1.0,2.031854455708526e-05,0.0,DQN_RND,0.001,0.99,mountaincar,dense
7,6928,-200.0,200,15.75361156463623,-1.0,4.358342630439438e-05,0.0,DQN_RND,0.001,0.99,mountaincar,dense
7,6929,-200.0,200,12.414180755615234,-1.0,8.972568321041763e-05,0.0,DQN_RND,0.001,0.99,mountaincar,dense
7,6930,-200.0,200,15.071579933166504,-1.0,1.0810050525833503e-06,0.0,DQN_RND,0.001,0.99,mountaincar,dense
7,6931,-200.0,200,27.78169822692871,-1.0,1.6718654478609096e-06,0.0,DQN_RND,0.001,0.99,mountaincar,dense
7,6932,-200.0,200,12.39546012878418,-1.0,2.163757562811952e-05,0.0,DQN_RND,0.001,0.99,mountaincar,dense
7,6933,-200.0,200,15.508840560913086,-1.0,2.5106859538936988e-05,0.0,DQN_RND,0.001,0.99,mountaincar,dense
7,6934,-200.0,200,6.447356224060059,-1.0,9.349647598355659e-07,0.0,DQN_RND,0.001,0.99,mountaincar,dense
7,6935,-200.0,200,15.674659729003906,-1.0,3.089209712925367e-06,0.0,DQN_RND,0.001,0.99,mountaincar,dense
7,6936,-200.0,200,14.843831062316895,-1.0,1.2367419230940868e-06,0.0,DQN_RND,0.001,0.99,mountaincar,dense
7,6937,-200.0,200,19.22555160522461,-1.0,2.1541931346291676e-05,0.0,DQN_RND,0.001,0.99,mountaincar,dense
7,6938,-200.0,200,25.050857543945312,-1.0,8.710437396075577e-05,0.0,DQN_RND,0.001,0.99,mountaincar,dense
7,6939,-200.0,200,12.701578140258789,-1.0,9.760069224284962e-05,0.0,DQN_RND,0.001,0.99,mountaincar,dense
7,6940,-200.0,200,19.058124542236328,-1.0,5.72739627386909e-05,0.0,DQN_RND,0.001,0.99,mountaincar,dense
7,6941,-200.0,200,15.263347625732422,-1.0,3.937425390176941e-06,0.0,DQN_RND,0.001,0.99,mountaincar,dense
7,6942,-200.0,200,12.51259708404541,-1.0,4.691504273068858e-06,0.0,DQN_RND,0.001,0.99,mountaincar,dense
7,6943,-200.0,200,15.147815704345703,-1.0,5.3572737670037895e-05,0.0,DQN_RND,0.001,0.99,mountaincar,dense
7,6944,-200.0,200,22.37615966796875,-1.0,4.1679060814203694e-05,0.0,DQN_RND,0.001,0.99,mountaincar,dense
7,6945,-200.0,200,21.132335662841797,-1.0,9.206191862176638e-07,0.0,DQN_RND,0.001,0.99,mountaincar,dense
7,6946,-200.0,200,15.20490550994873,-1.0,9.854072686721338e-07,0.0,DQN_RND,0.001,0.99,mountaincar,dense
7,6947,-200.0,200,3.1500842571258545,-1.0,2.8951528292964213e-05,0.0,DQN_RND,0.001,0.99,mountaincar,dense
7,6948,-200.0,200,6.1254472732543945,-1.0,3.557564468792407e-06,0.0,DQN_RND,0.001,0.99,mountaincar,dense
7,6949,-200.0,200,21.682575225830078,-1.0,2.4630404368508607e-05,0.0,DQN_RND,0.001,0.99,mountaincar,dense
7,6950,-200.0,200,6.464069843292236,-1.0,2.854846115951659e-06,0.0,DQN_RND,0.001,0.99,mountaincar,dense
7,6951,-200.0,200,12.32203483581543,-1.0,3.911287058144808e-05,0.0,DQN_RND,0.001,0.99,mountaincar,dense
7,6952,-200.0,200,15.574494361877441,-1.0,5.412414247984998e-05,0.0,DQN_RND,0.001,0.99,mountaincar,dense
7,6953,-200.0,200,24.92540168762207,-1.0,3.887692582793534e-05,0.0,DQN_RND,0.001,0.99,mountaincar,dense
7,6954,-200.0,200,15.489960670471191,-1.0,4.645952503778972e-05,0.0,DQN_RND,0.001,0.99,mountaincar,dense
7,6955,-200.0,200,30.47573471069336,-1.0,2.4249236957984976e-05,0.0,DQN_RND,0.001,0.99,mountaincar,dense
7,6956,-200.0,200,6.132108688354492,-1.0,3.853343878290616e-05,0.0,DQN_RND,0.001,0.99,mountaincar,dense
7,6957,-200.0,200,34.51714324951172,-1.0,1.5774121493450366e-06,0.0,DQN_RND,0.001,0.99,mountaincar,dense
7,6958,-200.0,200,24.854488372802734,-1.0,2.1359064703574404e-05,0.0,DQN_RND,0.001,0.99,mountaincar,dense
7,6959,-200.0,200,15.913509368896484,-1.0,2.7095546101918444e-05,0.0,DQN_RND,0.001,0.99,mountaincar,dense
7,6960,-200.0,200,12.751904487609863,-1.0,2.2261614503804594e-05,0.0,DQN_RND,0.001,0.99,mountaincar,dense
7,6961,-200.0,200,12.400761604309082,-1.0,2.2006437575328164e-05,0.0,DQN_RND,0.001,0.99,mountaincar,dense
7,6962,-200.0,200,11.985601425170898,-1.0,8.856998465489596e-05,0.0,DQN_RND,0.001,0.99,mountaincar,dense
7,6963,-200.0,200,14.588159561157227,-1.0,5.1468898163875565e-05,0.0,DQN_RND,0.001,0.99,mountaincar,dense
7,6964,-200.0,200,12.338508605957031,-1.0,7.089843711582944e-05,0.0,DQN_RND,0.001,0.99,mountaincar,dense
7,6965,-200.0,200,5.822727680206299,-1.0,1.3493124697561143e-06,0.0,DQN_RND,0.001,0.99,mountaincar,dense
7,6966,-200.0,200,11.703410148620605,-1.0,1.105550950342149e-06,0.0,DQN_RND,0.001,0.99,mountaincar,dense
7,6967,-200.0,200,8.943596839904785,-1.0,9.0531665364324e-07,0.0,DQN_RND,0.001,0.99,mountaincar,dense
7,6968,-200.0,200,15.104269027709961,-1.0,2.1576517610810697e-05,0.0,DQN_RND,0.001,0.99,mountaincar,dense
7,6969,-200.0,200,20.5056095123291,-1.0,2.70660257228883e-06,0.0,DQN_RND,0.001,0.99,mountaincar,dense
7,6970,-200.0,200,26.774600982666016,-1.0,6.038359060767107e-05,0.0,DQN_RND,0.001,0.99,mountaincar,dense
7,6971,-200.0,200,20.50893783569336,-1.0,6.277514330577105e-06,0.0,DQN_RND,0.001,0.99,mountaincar,dense
7,6972,-200.0,200,23.939783096313477,-1.0,3.434149039094336e-05,0.0,DQN_RND,0.001,0.99,mountaincar,dense
7,6973,-200.0,200,23.83751678466797,-1.0,2.522420800232794e-06,0.0,DQN_RND,0.001,0.99,mountaincar,dense
7,6974,-200.0,200,20.163089752197266,-1.0,2.255372419313062e-05,0.0,DQN_RND,0.001,0.99,mountaincar,dense
7,6975,-200.0,200,8.44552230834961,-1.0,2.9928600270068273e-05,0.0,DQN_RND,0.001,0.99,mountaincar,dense
7,6976,-200.0,200,8.925131797790527,-1.0,3.0664250516565517e-05,0.0,DQN_RND,0.001,0.99,mountaincar,dense
7,6977,-200.0,200,11.447245597839355,-1.0,9.542145562591031e-06,0.0,DQN_RND,0.001,0.99,mountaincar,dense
7,6978,-200.0,200,19.652706146240234,-1.0,3.4344707273703534e-06,0.0,DQN_RND,0.001,0.99,mountaincar,dense
7,6979,-200.0,200,15.190383911132812,-1.0,2.183668220823165e-05,0.0,DQN_RND,0.001,0.99,mountaincar,dense
7,6980,-200.0,200,14.109492301940918,-1.0,7.572013419121504e-05,0.0,DQN_RND,0.001,0.99,mountaincar,dense
7,6981,-200.0,200,16.056718826293945,-1.0,2.366329681535717e-05,0.0,DQN_RND,0.001,0.99,mountaincar,dense
7,6982,-200.0,200,31.236188888549805,-1.0,3.450996518949978e-05,0.0,DQN_RND,0.001,0.99,mountaincar,dense
7,6983,-200.0,200,17.005374908447266,-1.0,4.2701594793470576e-05,0.0,DQN_RND,0.001,0.99,mountaincar,dense
7,6984,-200.0,200,14.731258392333984,-1.0,5.637019421556033e-05,0.0,DQN_RND,0.001,0.99,mountaincar,dense
7,6985,-200.0,200,14.582656860351562,-1.0,6.433153612306342e-05,0.0,DQN_RND,0.001,0.99,mountaincar,dense
7,6986,-200.0,200,16.612089157104492,-1.0,4.8506626626476645e-05,0.0,DQN_RND,0.001,0.99,mountaincar,dense
7,6987,-200.0,200,11.628171920776367,-1.0,5.307610081217717e-06,0.0,DQN_RND,0.001,0.99,mountaincar,dense
7,6988,-200.0,200,8.042431831359863,-1.0,5.0793823902495205e-05,0.0,DQN_RND,0.001,0.99,mountaincar,dense
7,6989,-200.0,200,14.055588722229004,-1.0,3.202966399840079e-05,0.0,DQN_RND,0.001,0.99,mountaincar,dense
7,6990,-200.0,200,14.475460052490234,-1.0,8.833108040562365e-06,0.0,DQN_RND,0.001,0.99,mountaincar,dense
7,6991,-200.0,200,7.932640075683594,-1.0,6.174338523123879e-06,0.0,DQN_RND,0.001,0.99,mountaincar,dense
7,6992,-200.0,200,11.682313919067383,-1.0,4.4752246139978524e-06,0.0,DQN_RND,0.001,0.99,mountaincar,dense
7,6993,-200.0,200,14.123428344726562,-1.0,2.3180318748927675e-06,0.0,DQN_RND,0.001,0.99,mountaincar,dense
7,6994,-200.0,200,14.35732650756836,-1.0,2.366428134337184e-06,0.0,DQN_RND,0.001,0.99,mountaincar,dense
7,6995,-200.0,200,10.84041976928711,-1.0,2.4556731659686193e-05,0.0,DQN_RND,0.001,0.99,mountaincar,dense
7,6996,-200.0,200,14.767651557922363,-1.0,2.175065856135916e-05,0.0,DQN_RND,0.001,0.99,mountaincar,dense
7,6997,-200.0,200,14.318818092346191,-1.0,1.7696128224997665e-06,0.0,DQN_RND,0.001,0.99,mountaincar,dense
7,6998,-200.0,200,8.968935012817383,-1.0,4.171204273006879e-05,0.0,DQN_RND,0.001,0.99,mountaincar,dense
7,6999,-200.0,200,13.662403106689453,-1.0,9.028100294017349e-07,0.0,DQN_RND,0.001,0.99,mountaincar,dense
7,7000,-200.0,200,14.34594440460205,-1.0,2.4122969989548437e-05,0.0,DQN_RND,0.001,0.99,mountaincar,dense
7,7001,-200.0,200,17.564706802368164,-1.0,3.4677254006965086e-05,0.0,DQN_RND,0.001,0.99,mountaincar,dense
7,7002,-200.0,200,5.225643634796143,-1.0,2.4476987164234743e-05,0.0,DQN_RND,0.001,0.99,mountaincar,dense
7,7003,-200.0,200,14.064594268798828,-1.0,2.3120519472286105e-05,0.0,DQN_RND,0.001,0.99,mountaincar,dense
7,7004,-200.0,200,10.945717811584473,-1.0,2.491590021236334e-05,0.0,DQN_RND,0.001,0.99,mountaincar,dense
7,7005,-200.0,200,14.218345642089844,-1.0,2.5004905182868242e-05,0.0,DQN_RND,0.001,0.99,mountaincar,dense
7,7006,-200.0,200,23.003658294677734,-1.0,9.456745829083957e-06,0.0,DQN_RND,0.001,0.99,mountaincar,dense
7,7007,-200.0,200,5.572481632232666,-1.0,9.567291272105649e-05,0.0,DQN_RND,0.001,0.99,mountaincar,dense
7,7008,-200.0,200,8.170066833496094,-1.0,5.52600686205551e-05,0.0,DQN_RND,0.001,0.99,mountaincar,dense
7,7009,-200.0,200,11.426224708557129,-1.0,3.34395699610468e-05,0.0,DQN_RND,0.001,0.99,mountaincar,dense
7,7010,-200.0,200,9.088314056396484,-1.0,6.152633432066068e-05,0.0,DQN_RND,0.001,0.99,mountaincar,dense
7,7011,-200.0,200,20.596609115600586,-1.0,1.1608849490585271e-06,0.0,DQN_RND,0.001,0.99,mountaincar,dense
7,7012,-200.0,200,12.008781433105469,-1.0,1.5156485915213125e-06,0.0,DQN_RND,0.001,0.99,mountaincar,dense
7,7013,-200.0,200,18.275365829467773,-1.0,4.733427340397611e-05,0.0,DQN_RND,0.001,0.99,mountaincar,dense
7,7014,-200.0,200,14.724562644958496,-1.0,5.626329220831394e-05,0.0,DQN_RND,0.001,0.99,mountaincar,dense
7,7015,-200.0,200,6.3879547119140625,-1.0,2.4080611183308065e-05,0.0,DQN_RND,0.001,0.99,mountaincar,dense
7,7016,-200.0,200,12.038818359375,-1.0,4.283020462025888e-05,0.0,DQN_RND,0.001,0.99,mountaincar,dense
7,7017,-200.0,200,14.937957763671875,-1.0,6.56139018246904e-05,0.0,DQN_RND,0.001,0.99,mountaincar,dense
7,7018,-200.0,200,22.2867374420166,-1.0,5.806115223094821e-05,0.0,DQN_RND,0.001,0.99,mountaincar,dense
7,7019,-200.0,200,22.24991226196289,-1.0,9.105084609473124e-05,0.0,DQN_RND,0.001,0.99,mountaincar,dense
7,7020,-200.0,200,30.205137252807617,-1.0,6.74743132549338e-05,0.0,DQN_RND,0.001,0.99,mountaincar,dense
7,7021,-200.0,200,24.303905487060547,-1.0,1.6530289030924905e-06,0.0,DQN_RND,0.001,0.99,mountaincar,dense
7,7022,-200.0,200,12.240554809570312,-1.0,3.337392854518839e-06,0.0,DQN_RND,0.001,0.99,mountaincar,dense
7,7023,-200.0,200,8.972238540649414,-1.0,2.3550701371277682e-06,0.0,DQN_RND,0.001,0.99,mountaincar,dense
7,7024,-200.0,200,15.42135238647461,-1.0,2.8980266506550834e-05,0.0,DQN_RND,0.001,0.99,mountaincar,dense
7,7025,-200.0,200,9.496908187866211,-1.0,5.8548183005768806e-05,0.0,DQN_RND,0.001,0.99,mountaincar,dense
7,7026,-200.0,200,15.154377937316895,-1.0,4.730135697172955e-05,0.0,DQN_RND,0.001,0.99,mountaincar,dense
7,7027,-200.0,200,5.536166191101074,-1.0,2.154962885470013e-06,0.0,DQN_RND,0.001,0.99,mountaincar,dense
7,7028,-200.0,200,24.117422103881836,-1.0,3.239394573029131e-05,0.0,DQN_RND,0.001,0.99,mountaincar,dense
7,7029,-200.0,200,9.425738334655762,-1.0,0.00012136338045820594,0.0,DQN_RND,0.001,0.99,mountaincar,dense
7,7030,-200.0,200,27.362951278686523,-1.0,5.852367030456662e-05,0.0,DQN_RND,0.001,0.99,mountaincar,dense
7,7031,-200.0,200,8.998101234436035,-1.0,3.620685902205878e-06,0.0,DQN_RND,0.001,0.99,mountaincar,dense
7,7032,-200.0,200,15.053386688232422,-1.0,9.208952178596519e-07,0.0,DQN_RND,0.001,0.99,mountaincar,dense
7,7033,-200.0,200,12.341011047363281,-1.0,3.084460331592709e-05,0.0,DQN_RND,0.001,0.99,mountaincar,dense
7,7034,-200.0,200,18.546241760253906,-1.0,3.7321246054489166e-05,0.0,DQN_RND,0.001,0.99,mountaincar,dense
7,7035,-200.0,200,12.272323608398438,-1.0,6.119359022704884e-05,0.0,DQN_RND,0.001,0.99,mountaincar,dense
7,7036,-200.0,200,23.896963119506836,-1.0,5.5719734518788755e-05,0.0,DQN_RND,0.001,0.99,mountaincar,dense
7,7037,-200.0,200,9.158737182617188,-1.0,3.12691590806935e-05,0.0,DQN_RND,0.001,0.99,mountaincar,dense
7,7038,-200.0,200,21.87441635131836,-1.0,4.710563371190801e-05,0.0,DQN_RND,0.001,0.99,mountaincar,dense
7,7039,-200.0,200,15.354559898376465,-1.0,2.365268301218748e-05,0.0,DQN_RND,0.001,0.99,mountaincar,dense
7,7040,-200.0,200,15.522117614746094,-1.0,7.390158862108365e-05,0.0,DQN_RND,0.001,0.99,mountaincar,dense
7,7041,-200.0,200,6.294031143188477,-1.0,7.726192961854395e-06,0.0,DQN_RND,0.001,0.99,mountaincar,dense
7,7042,-200.0,200,14.884319305419922,-1.0,3.6223698316462105e-06,0.0,DQN_RND,0.001,0.99,mountaincar,dense
7,7043,-200.0,200,21.251209259033203,-1.0,2.3197739210445434e-05,0.0,DQN_RND,0.001,0.99,mountaincar,dense
7,7044,-200.0,200,9.24179458618164,-1.0,1.0386266922068899e-06,0.0,DQN_RND,0.001,0.99,mountaincar,dense
7,7045,-200.0,200,9.311820983886719,-1.0,1.2189601648060489e-06,0.0,DQN_RND,0.001,0.99,mountaincar,dense
7,7046,-200.0,200,14.576265335083008,-1.0,1.974027554751956e-06,0.0,DQN_RND,0.001,0.99,mountaincar,dense
7,7047,-200.0,200,6.040465354919434,-1.0,3.25345536111854e-05,0.0,DQN_RND,0.001,0.99,mountaincar,dense
7,7048,-200.0,200,15.6380033493042,-1.0,3.5712477256311104e-05,0.0,DQN_RND,0.001,0.99,mountaincar,dense
7,7049,-200.0,200,18.159143447875977,-1.0,5.1670307584572583e-05,0.0,DQN_RND,0.001,0.99,mountaincar,dense
7,7050,-200.0,200,18.134033203125,-1.0,4.645152330340352e-06,0.0,DQN_RND,0.001,0.99,mountaincar,dense
7,7051,-200.0,200,14.67896842956543,-1.0,1.0370438758400269e-05,0.0,DQN_RND,0.001,0.99,mountaincar,dense
7,7052,-200.0,200,6.530001640319824,-1.0,2.8424974516383372e-05,0.0,DQN_RND,0.001,0.99,mountaincar,dense
7,7053,-200.0,200,18.43148422241211,-1.0,7.628470484632999e-06,0.0,DQN_RND,0.001,0.99,mountaincar,dense
7,7054,-200.0,200,5.892642974853516,-1.0,4.691421054303646e-05,0.0,DQN_RND,0.001,0.99,mountaincar,dense
7,7055,-200.0,200,15.711381912231445,-1.0,3.747806476894766e-05,0.0,DQN_RND,0.001,0.99,mountaincar,dense
7,7056,-200.0,200,18.228031158447266,-1.0,0.00010107827256433666,0.0,DQN_RND,0.001,0.99,mountaincar,dense
7,7057,-200.0,200,12.601166725158691,-1.0,9.473047248320654e-05,0.0,DQN_RND,0.001,0.99,mountaincar,dense
7,7058,-200.0,200,15.679187774658203,-1.0,0.00010625264258123934,0.0,DQN_RND,0.001,0.99,mountaincar,dense
7,7059,-200.0,200,29.9024600982666,-1.0,4.9304653657600284e-05,0.0,DQN_RND,0.001,0.99,mountaincar,dense
7,7060,-200.0,200,12.22177505493164,-1.0,1.4823887795500923e-05,0.0,DQN_RND,0.001,0.99,mountaincar,dense
7,7061,-200.0,200,9.596742630004883,-1.0,8.096641977317631e-05,0.0,DQN_RND,0.001,0.99,mountaincar,dense
7,7062,-200.0,200,18.38230323791504,-1.0,1.2689779396168888e-06,0.0,DQN_RND,0.001,0.99,mountaincar,dense
7,7063,-200.0,200,15.83317756652832,-1.0,2.599414438009262e-05,0.0,DQN_RND,0.001,0.99,mountaincar,dense
7,7064,-200.0,200,21.242252349853516,-1.0,3.222629175070324e-06,0.0,DQN_RND,0.001,0.99,mountaincar,dense
7,7065,-200.0,200,18.874509811401367,-1.0,4.694708695751615e-05,0.0,DQN_RND,0.001,0.99,mountaincar,dense
7,7066,-200.0,200,13.149022102355957,-1.0,6.826907338108867e-05,0.0,DQN_RND,0.001,0.99,mountaincar,dense
7,7067,-200.0,200,21.753917694091797,-1.0,5.334677916835062e-05,0.0,DQN_RND,0.001,0.99,mountaincar,dense
7,7068,-200.0,200,15.64552116394043,-1.0,5.9363093896536157e-05,0.0,DQN_RND,0.001,0.99,mountaincar,dense
7,7069,-200.0,200,21.89900779724121,-1.0,2.6727398108050693e-06,0.0,DQN_RND,0.001,0.99,mountaincar,dense
7,7070,-200.0,200,16.51944351196289,-1.0,1.1964592886215542e-05,0.0,DQN_RND,0.001,0.99,mountaincar,dense
7,7071,-200.0,200,22.995410919189453,-1.0,1.6490477037223172e-06,0.0,DQN_RND,0.001,0.99,mountaincar,dense
7,7072,-200.0,200,32.757347106933594,-1.0,4.3815921344503295e-06,0.0,DQN_RND,0.001,0.99,mountaincar,dense
7,7073,-200.0,200,12.846357345581055,-1.0,1.0070335747514036e-06,0.0,DQN_RND,0.001,0.99,mountaincar,dense
7,7074,-200.0,200,15.651578903198242,-1.0,8.366240217583254e-05,0.0,DQN_RND,0.001,0.99,mountaincar,dense
7,7075,-200.0,200,12.282979011535645,-1.0,5.170985787117388e-06,0.0,DQN_RND,0.001,0.99,mountaincar,dense
7,7076,-200.0,200,31.392282485961914,-1.0,5.5288684961851686e-05,0.0,DQN_RND,0.001,0.99,mountaincar,dense
7,7077,-200.0,200,9.058368682861328,-1.0,3.029772051377222e-05,0.0,DQN_RND,0.001,0.99,mountaincar,dense
7,7078,-200.0,200,9.70148754119873,-1.0,2.3153770598582923e-05,0.0,DQN_RND,0.001,0.99,mountaincar,dense
7,7079,-200.0,200,16.412799835205078,-1.0,3.0315959520521574e-05,0.0,DQN_RND,0.001,0.99,mountaincar,dense
7,7080,-200.0,200,15.676911354064941,-1.0,6.987494271015748e-05,0.0,DQN_RND,0.001,0.99,mountaincar,dense
7,7081,-200.0,200,15.756107330322266,-1.0,5.106023309053853e-05,0.0,DQN_RND,0.001,0.99,mountaincar,dense
7,7082,-200.0,200,19.63117218017578,-1.0,6.334158388199285e-05,0.0,DQN_RND,0.001,0.99,mountaincar,dense
7,7083,-200.0,200,12.841212272644043,-1.0,2.7285561827739002e-06,0.0,DQN_RND,0.001,0.99,mountaincar,dense
7,7084,-200.0,200,22.50407600402832,-1.0,5.2276816859375685e-05,0.0,DQN_RND,0.001,0.99,mountaincar,dense
7,7085,-200.0,200,9.597247123718262,-1.0,2.18946752283955e-05,0.0,DQN_RND,0.001,0.99,mountaincar,dense
7,7086,-200.0,200,3.354456663131714,-1.0,2.3617159968125634e-05,0.0,DQN_RND,0.001,0.99,mountaincar,dense
7,7087,-200.0,200,10.26707935333252,-1.0,1.8944782596008736e-06,0.0,DQN_RND,0.001,0.99,mountaincar,dense
7,7088,-200.0,200,22.76881980895996,-1.0,6.171171844471246e-05,0.0,DQN_RND,0.001,0.99,mountaincar,dense
7,7089,-200.0,200,34.78902053833008,-1.0,4.9171271712111775e-06,0.0,DQN_RND,0.001,0.99,mountaincar,dense
7,7090,-200.0,200,19.587322235107422,-1.0,6.307804142124951e-05,0.0,DQN_RND,0.001,0.99,mountaincar,dense
7,7091,-200.0,200,15.48720932006836,-1.0,1.1550661156434217e-06,0.0,DQN_RND,0.001,0.99,mountaincar,dense
7,7092,-200.0,200,13.480621337890625,-1.0,5.6228225730592385e-05,0.0,DQN_RND,0.001,0.99,mountaincar,dense
7,7093,-200.0,200,19.539438247680664,-1.0,2.129013182639028e-06,0.0,DQN_RND,0.001,0.99,mountaincar,dense
7,7094,-200.0,200,15.959331512451172,-1.0,1.3301711305757635e-06,0.0,DQN_RND,0.001,0.99,mountaincar,dense
7,7095,-200.0,200,13.557750701904297,-1.0,9.009243058244465e-07,0.0,DQN_RND,0.001,0.99,mountaincar,dense
7,7096,-200.0,200,3.3715591430664062,-1.0,9.594703442417085e-06,0.0,DQN_RND,0.001,0.99,mountaincar,dense
7,7097,-200.0,200,10.193314552307129,-1.0,7.744349204585887e-06,0.0,DQN_RND,0.001,0.99,mountaincar,dense
7,7098,-200.0,200,32.74900436401367,-1.0,4.3455602281028405e-05,0.0,DQN_RND,0.001,0.99,mountaincar,dense
7,7099,-200.0,200,21.90492820739746,-1.0,6.477825081674382e-06,0.0,DQN_RND,0.001,0.99,mountaincar,dense
7,7100,-200.0,200,22.72089195251465,-1.0,3.306027110738796e-06,0.0,DQN_RND,0.001,0.99,mountaincar,dense
7,7101,-200.0,200,12.136544227600098,-1.0,6.066039077268215e-06,0.0,DQN_RND,0.001,0.99,mountaincar,dense
7,7102,-200.0,200,9.444032669067383,-1.0,1.2188090749987168e-06,0.0,DQN_RND,0.001,0.99,mountaincar,dense
7,7103,-200.0,200,31.906251907348633,-1.0,3.4974095797224436e-06,0.0,DQN_RND,0.001,0.99,mountaincar,dense
7,7104,-200.0,200,15.41408634185791,-1.0,7.545309199485928e-05,0.0,DQN_RND,0.001,0.99,mountaincar,dense
7,7105,-200.0,200,15.744617462158203,-1.0,5.139700988365803e-06,0.0,DQN_RND,0.001,0.99,mountaincar,dense
7,7106,-200.0,200,9.605195999145508,-1.0,3.827321415883489e-05,0.0,DQN_RND,0.001,0.99,mountaincar,dense
7,7107,-200.0,200,21.862730026245117,-1.0,8.871272711985512e-07,0.0,DQN_RND,0.001,0.99,mountaincar,dense
7,7108,-200.0,200,12.555842399597168,-1.0,3.356184970471077e-05,0.0,DQN_RND,0.001,0.99,mountaincar,dense
7,7109,-200.0,200,18.808961868286133,-1.0,1.4248476873035543e-05,0.0,DQN_RND,0.001,0.99,mountaincar,dense
7,7110,-200.0,200,3.3321971893310547,-1.0,9.469456927035935e-06,0.0,DQN_RND,0.001,0.99,mountaincar,dense
7,7111,-200.0,200,12.917482376098633,-1.0,3.087647201027721e-05,0.0,DQN_RND,0.001,0.99,mountaincar,dense
7,7112,-200.0,200,25.3343505859375,-1.0,1.628306108614197e-06,0.0,DQN_RND,0.001,0.99,mountaincar,dense
7,7113,-200.0,200,31.91628646850586,-1.0,2.9828619517502375e-05,0.0,DQN_RND,0.001,0.99,mountaincar,dense
7,7114,-200.0,200,13.066396713256836,-1.0,5.6288943596882746e-05,0.0,DQN_RND,0.001,0.99,mountaincar,dense
7,7115,-200.0,200,6.000256061553955,-1.0,8.993210940388963e-05,0.0,DQN_RND,0.001,0.99,mountaincar,dense
7,7116,-200.0,200,9.832194328308105,-1.0,6.147331441752613e-05,0.0,DQN_RND,0.001,0.99,mountaincar,dense
7,7117,-200.0,200,6.774162769317627,-1.0,3.481108478808892e-06,0.0,DQN_RND,0.001,0.99,mountaincar,dense
7,7118,-200.0,200,21.923500061035156,-1.0,2.3287616386369336e-06,0.0,DQN_RND,0.001,0.99,mountaincar,dense
7,7119,-200.0,200,3.21285343170166,-1.0,2.686030711629428e-05,0.0,DQN_RND,0.001,0.99,mountaincar,dense
7,7120,-200.0,200,9.181347846984863,-1.0,1.3567950190918054e-05,0.0,DQN_RND,0.001,0.99,mountaincar,dense
7,7121,-200.0,200,16.13645362854004,-1.0,3.228187415516004e-05,0.0,DQN_RND,0.001,0.99,mountaincar,dense
7,7122,-200.0,200,12.95676040649414,-1.0,1.8173067246607388e-06,0.0,DQN_RND,0.001,0.99,mountaincar,dense
7,7123,-200.0,200,6.625042915344238,-1.0,1.1938404895772692e-05,0.0,DQN_RND,0.001,0.99,mountaincar,dense
7,7124,-200.0,200,12.74822998046875,-1.0,9.449148637941107e-05,0.0,DQN_RND,0.001,0.99,mountaincar,dense
7,7125,-200.0,200,8.96570873260498,-1.0,5.979373963782564e-05,0.0,DQN_RND,0.001,0.99,mountaincar,dense
7,7126,-200.0,200,3.3116297721862793,-1.0,4.1434672311879694e-05,0.0,DQN_RND,0.001,0.99,mountaincar,dense
7,7127,-200.0,200,15.355936050415039,-1.0,7.152322359615937e-05,0.0,DQN_RND,0.001,0.99,mountaincar,dense
7,7128,-200.0,200,12.577428817749023,-1.0,4.905215246253647e-05,0.0,DQN_RND,0.001,0.99,mountaincar,dense
7,7129,-200.0,200,9.315515518188477,-1.0,9.810274059418589e-05,0.0,DQN_RND,0.001,0.99,mountaincar,dense
7,7130,-200.0,200,9.35747241973877,-1.0,1.4059108934816322e-06,0.0,DQN_RND,0.001,0.99,mountaincar,dense
7,7131,-200.0,200,12.557270050048828,-1.0,8.812560849946749e-07,0.0,DQN_RND,0.001,0.99,mountaincar,dense
7,7132,-200.0,200,9.052431106567383,-1.0,1.0644782832969213e-06,0.0,DQN_RND,0.001,0.99,mountaincar,dense
7,7133,-200.0,200,9.340497970581055,-1.0,3.5558048239181517e-06,0.0,DQN_RND,0.001,0.99,mountaincar,dense
7,7134,-200.0,200,9.058228492736816,-1.0,9.076504170479893e-07,0.0,DQN_RND,0.001,0.99,mountaincar,dense
7,7135,-200.0,200,12.891328811645508,-1.0,2.1175562778807944e-06,0.0,DQN_RND,0.001,0.99,mountaincar,dense
7,7136,-200.0,200,25.253936767578125,-1.0,7.229873881442472e-05,0.0,DQN_RND,0.001,0.99,mountaincar,dense
7,7137,-200.0,200,12.701001167297363,-1.0,4.7560051825712435e-06,0.0,DQN_RND,0.001,0.99,mountaincar,dense
7,7138,-200.0,200,22.01516342163086,-1.0,1.3923389815317933e-05,0.0,DQN_RND,0.001,0.99,mountaincar,dense
7,7139,-200.0,200,19.11122703552246,-1.0,0.00011307591921649873,0.0,DQN_RND,0.001,0.99,mountaincar,dense
7,7140,-200.0,200,18.204999923706055,-1.0,2.8824174478359055e-06,0.0,DQN_RND,0.001,0.99,mountaincar,dense
7,7141,-200.0,200,26.783580780029297,-1.0,1.1350762179063167e-06,0.0,DQN_RND,0.001,0.99,mountaincar,dense
7,7142,-200.0,200,22.048236846923828,-1.0,1.019498427012877e-06,0.0,DQN_RND,0.001,0.99,mountaincar,dense
7,7143,-200.0,200,18.94393539428711,-1.0,3.702828325913288e-05,0.0,DQN_RND,0.001,0.99,mountaincar,dense
7,7144,-200.0,200,15.641364097595215,-1.0,1.131301814893959e-06,0.0,DQN_RND,0.001,0.99,mountaincar,dense
7,7145,-200.0,200,9.74183177947998,-1.0,8.458250135845446e-07,0.0,DQN_RND,0.001,0.99,mountaincar,dense
7,7146,-200.0,200,19.130447387695312,-1.0,6.047804345143959e-05,0.0,DQN_RND,0.001,0.99,mountaincar,dense
7,7147,-200.0,200,11.861522674560547,-1.0,6.0353169828886166e-05,0.0,DQN_RND,0.001,0.99,mountaincar,dense
7,7148,-200.0,200,6.21862268447876,-1.0,3.063913027290255e-05,0.0,DQN_RND,0.001,0.99,mountaincar,dense
7,7149,-200.0,200,3.3864686489105225,-1.0,3.810264388448559e-05,0.0,DQN_RND,0.001,0.99,mountaincar,dense
7,7150,-200.0,200,19.119577407836914,-1.0,6.729824235662818e-05,0.0,DQN_RND,0.001,0.99,mountaincar,dense
7,7151,-200.0,200,3.3663671016693115,-1.0,5.095322921988554e-05,0.0,DQN_RND,0.001,0.99,mountaincar,dense
7,7152,-200.0,200,6.460272789001465,-1.0,5.576385956373997e-05,0.0,DQN_RND,0.001,0.99,mountaincar,dense
7,7153,-200.0,200,3.2249720096588135,-1.0,1.0040769211627776e-06,0.0,DQN_RND,0.001,0.99,mountaincar,dense
7,7154,-200.0,200,12.889117240905762,-1.0,8.54291738505708e-06,0.0,DQN_RND,0.001,0.99,mountaincar,dense
7,7155,-200.0,200,16.23248863220215,-1.0,2.033662667599856e-06,0.0,DQN_RND,0.001,0.99,mountaincar,dense
7,7156,-200.0,200,3.273122549057007,-1.0,7.747735799057409e-05,0.0,DQN_RND,0.001,0.99,mountaincar,dense
7,7157,-200.0,200,21.63300132751465,-1.0,6.172191206132993e-05,0.0,DQN_RND,0.001,0.99,mountaincar,dense
7,7158,-200.0,200,6.056630611419678,-1.0,2.1831332560395822e-05,0.0,DQN_RND,0.001,0.99,mountaincar,dense
7,7159,-200.0,200,18.69268226623535,-1.0,5.0037142500514165e-05,0.0,DQN_RND,0.001,0.99,mountaincar,dense
7,7160,-200.0,200,15.922451972961426,-1.0,4.820095273316838e-05,0.0,DQN_RND,0.001,0.99,mountaincar,dense
7,7161,-200.0,200,25.419645309448242,-1.0,2.4505545297870412e-05,0.0,DQN_RND,0.001,0.99,mountaincar,dense
7,7162,-200.0,200,21.532642364501953,-1.0,6.084838787501212e-06,0.0,DQN_RND,0.001,0.99,mountaincar,dense
7,7163,-200.0,200,19.045671463012695,-1.0,4.592290861182846e-05,0.0,DQN_RND,0.001,0.99,mountaincar,dense
7,7164,-200.0,200,25.1353702545166,-1.0,2.461243639118038e-05,0.0,DQN_RND,0.001,0.99,mountaincar,dense
7,7165,-200.0,200,22.1810245513916,-1.0,2.29377633331751e-06,0.0,DQN_RND,0.001,0.99,mountaincar,dense
7,7166,-200.0,200,28.585790634155273,-1.0,2.681734986254014e-05,0.0,DQN_RND,0.001,0.99,mountaincar,dense
7,7167,-200.0,200,9.386409759521484,-1.0,2.6443716706125997e-05,0.0,DQN_RND,0.001,0.99,mountaincar,dense
7,7168,-200.0,200,28.401575088500977,-1.0,4.3472165998537093e-05,0.0,DQN_RND,0.001,0.99,mountaincar,dense
7,7169,-200.0,200,9.87206745147705,-1.0,7.064184319460765e-05,0.0,DQN_RND,0.001,0.99,mountaincar,dense
7,7170,-200.0,200,3.3497238159179688,-1.0,0.00010375423153163865,0.0,DQN_RND,0.001,0.99,mountaincar,dense
7,7171,-200.0,200,28.219940185546875,-1.0,6.22214429313317e-05,0.0,DQN_RND,0.001,0.99,mountaincar,dense
7,7172,-200.0,200,19.543066024780273,-1.0,4.1433882870478556e-05,0.0,DQN_RND,0.001,0.99,mountaincar,dense
7,7173,-200.0,200,5.866019248962402,-1.0,8.460550452582538e-05,0.0,DQN_RND,0.001,0.99,mountaincar,dense
7,7174,-200.0,200,6.769628047943115,-1.0,3.712558464030735e-05,0.0,DQN_RND,0.001,0.99,mountaincar,dense
7,7175,-200.0,200,9.693397521972656,-1.0,8.419628284173086e-05,0.0,DQN_RND,0.001,0.99,mountaincar,dense
7,7176,-200.0,200,19.167865753173828,-1.0,4.386125874589197e-05,0.0,DQN_RND,0.001,0.99,mountaincar,dense
7,7177,-200.0,200,26.569263458251953,-1.0,5.257166412775405e-05,0.0,DQN_RND,0.001,0.99,mountaincar,dense
7,7178,-200.0,200,23.34589195251465,-1.0,2.0045072233187966e-06,0.0,DQN_RND,0.001,0.99,mountaincar,dense
7,7179,-200.0,200,23.242050170898438,-1.0,2.348123598494567e-05,0.0,DQN_RND,0.001,0.99,mountaincar,dense
7,7180,-200.0,200,20.140039443969727,-1.0,4.511597126111155e-06,0.0,DQN_RND,0.001,0.99,mountaincar,dense
7,7181,-200.0,200,3.3356382846832275,-1.0,3.4772581329889363e-06,0.0,DQN_RND,0.001,0.99,mountaincar,dense
7,7182,-200.0,200,19.20591926574707,-1.0,1.0354630148867727e-06,0.0,DQN_RND,0.001,0.99,mountaincar,dense
7,7183,-200.0,200,13.0107421875,-1.0,2.8085903977626003e-05,0.0,DQN_RND,0.001,0.99,mountaincar,dense
7,7184,-200.0,200,18.9969482421875,-1.0,6.367176683852449e-05,0.0,DQN_RND,0.001,0.99,mountaincar,dense
7,7185,-200.0,200,6.508121013641357,-1.0,0.00012245937250554562,0.0,DQN_RND,0.001,0.99,mountaincar,dense
7,7186,-200.0,200,10.112492561340332,-1.0,2.5258730147470487e-06,0.0,DQN_RND,0.001,0.99,mountaincar,dense
7,7187,-200.0,200,16.080114364624023,-1.0,7.141393143683672e-05,0.0,DQN_RND,0.001,0.99,mountaincar,dense
7,7188,-200.0,200,28.678434371948242,-1.0,1.062788101080514e-06,0.0,DQN_RND,0.001,0.99,mountaincar,dense
7,7189,-200.0,200,27.364953994750977,-1.0,1.1569500202313066e-06,0.0,DQN_RND,0.001,0.99,mountaincar,dense
7,7190,-200.0,200,9.552413940429688,-1.0,5.513718133443035e-05,0.0,DQN_RND,0.001,0.99,mountaincar,dense
7,7191,-200.0,200,15.526891708374023,-1.0,5.1409140723990276e-05,0.0,DQN_RND,0.001,0.99,mountaincar,dense
7,7192,-200.0,200,9.832934379577637,-1.0,6.0595131799345836e-05,0.0,DQN_RND,0.001,0.99,mountaincar,dense
7,7193,-200.0,200,9.656185150146484,-1.0,1.3540741292672465e-06,0.0,DQN_RND,0.001,0.99,mountaincar,dense
7,7194,-200.0,200,6.768249988555908,-1.0,5.102033173898235e-05,0.0,DQN_RND,0.001,0.99,mountaincar,dense
7,7195,-200.0,200,10.016483306884766,-1.0,9.503057663096115e-05,0.0,DQN_RND,0.001,0.99,mountaincar,dense
7,7196,-200.0,200,13.142778396606445,-1.0,7.86985838203691e-05,0.0,DQN_RND,0.001,0.99,mountaincar,dense
7,7197,-200.0,200,22.660741806030273,-1.0,5.0906244723591954e-05,0.0,DQN_RND,0.001,0.99,mountaincar,dense
7,7198,-200.0,200,20.098546981811523,-1.0,4.8975016397889704e-05,0.0,DQN_RND,0.001,0.99,mountaincar,dense
7,7199,-200.0,200,9.110675811767578,-1.0,7.186290895333514e-05,0.0,DQN_RND,0.001,0.99,mountaincar,dense
7,7200,-200.0,200,15.937498092651367,-1.0,5.4467618610942736e-05,0.0,DQN_RND,0.001,0.99,mountaincar,dense
7,7201,-200.0,200,16.469532012939453,-1.0,4.953050392941805e-06,0.0,DQN_RND,0.001,0.99,mountaincar,dense
7,7202,-200.0,200,16.517803192138672,-1.0,5.084964504931122e-05,0.0,DQN_RND,0.001,0.99,mountaincar,dense
7,7203,-200.0,200,9.760737419128418,-1.0,1.1483631169539876e-05,0.0,DQN_RND,0.001,0.99,mountaincar,dense
7,7204,-200.0,200,16.376428604125977,-1.0,1.2890670404885896e-05,0.0,DQN_RND,0.001,0.99,mountaincar,dense
7,7205,-200.0,200,16.25306510925293,-1.0,2.4936402951425407e-06,0.0,DQN_RND,0.001,0.99,mountaincar,dense
7,7206,-200.0,200,22.493623733520508,-1.0,3.878177722071996e-06,0.0,DQN_RND,0.001,0.99,mountaincar,dense
7,7207,-200.0,200,22.338666915893555,-1.0,7.085244305926608e-06,0.0,DQN_RND,0.001,0.99,mountaincar,dense
7,7208,-200.0,200,25.473621368408203,-1.0,9.183390261569002e-07,0.0,DQN_RND,0.001,0.99,mountaincar,dense
7,7209,-200.0,200,14.92347240447998,-1.0,3.2771094993222505e-05,0.0,DQN_RND,0.001,0.99,mountaincar,dense
7,7210,-200.0,200,12.391417503356934,-1.0,3.422573718125932e-05,0.0,DQN_RND,0.001,0.99,mountaincar,dense
7,7211,-200.0,200,13.02380657196045,-1.0,2.480396506143734e-05,0.0,DQN_RND,0.001,0.99,mountaincar,dense
7,7212,-200.0,200,16.381309509277344,-1.0,8.08991728717956e-07,0.0,DQN_RND,0.001,0.99,mountaincar,dense
7,7213,-200.0,200,6.814519882202148,-1.0,5.280264304019511e-06,0.0,DQN_RND,0.001,0.99,mountaincar,dense
7,7214,-200.0,200,9.935528755187988,-1.0,9.072444413504854e-07,0.0,DQN_RND,0.001,0.99,mountaincar,dense
7,7215,-200.0,200,19.639894485473633,-1.0,4.036888185510179e-06,0.0,DQN_RND,0.001,0.99,mountaincar,dense
7,7216,-200.0,200,9.856541633605957,-1.0,2.446740381856216e-06,0.0,DQN_RND,0.001,0.99,mountaincar,dense
7,7217,-200.0,200,23.061418533325195,-1.0,2.141900495189475e-06,0.0,DQN_RND,0.001,0.99,mountaincar,dense
7,7218,-200.0,200,19.66044807434082,-1.0,4.62787902506534e-05,0.0,DQN_RND,0.001,0.99,mountaincar,dense
7,7219,-200.0,200,15.644142150878906,-1.0,7.89449768490158e-06,0.0,DQN_RND,0.001,0.99,mountaincar,dense
7,7220,-200.0,200,0.016734054312109947,-1.0,1.2369504247544683e-06,0.0,DQN_RND,0.001,0.99,mountaincar,dense
7,7221,-200.0,200,13.013912200927734,-1.0,1.7833863239502534e-06,0.0,DQN_RND,0.001,0.99,mountaincar,dense
7,7222,-200.0,200,31.34341812133789,-1.0,1.0064522030006628e-05,0.0,DQN_RND,0.001,0.99,mountaincar,dense
7,7223,-200.0,200,19.22906494140625,-1.0,2.9320415251277154e-06,0.0,DQN_RND,0.001,0.99,mountaincar,dense
7,7224,-200.0,200,28.551509857177734,-1.0,5.5934589909156784e-05,0.0,DQN_RND,0.001,0.99,mountaincar,dense
7,7225,-200.0,200,9.818053245544434,-1.0,3.890190419042483e-05,0.0,DQN_RND,0.001,0.99,mountaincar,dense
7,7226,-200.0,200,6.3922600746154785,-1.0,3.985187868238427e-05,0.0,DQN_RND,0.001,0.99,mountaincar,dense
7,7227,-200.0,200,12.992903709411621,-1.0,5.565009996644221e-05,0.0,DQN_RND,0.001,0.99,mountaincar,dense
7,7228,-200.0,200,16.036075592041016,-1.0,8.558153012927505e-07,0.0,DQN_RND,0.001,0.99,mountaincar,dense
7,7229,-200.0,200,9.895726203918457,-1.0,4.8208999942289665e-05,0.0,DQN_RND,0.001,0.99,mountaincar,dense
7,7230,-200.0,200,13.354228019714355,-1.0,1.5818916381249437e-06,0.0,DQN_RND,0.001,0.99,mountaincar,dense
7,7231,-200.0,200,10.34235668182373,-1.0,2.6762627385323867e-06,0.0,DQN_RND,0.001,0.99,mountaincar,dense
7,7232,-200.0,200,17.122970581054688,-1.0,2.2499119950225577e-05,0.0,DQN_RND,0.001,0.99,mountaincar,dense
7,7233,-200.0,200,12.990139961242676,-1.0,7.601741526741534e-05,0.0,DQN_RND,0.001,0.99,mountaincar,dense
7,7234,-200.0,200,27.291107177734375,-1.0,2.6588901164359413e-05,0.0,DQN_RND,0.001,0.99,mountaincar,dense
7,7235,-200.0,200,21.33561134338379,-1.0,8.936610811360879e-07,0.0,DQN_RND,0.001,0.99,mountaincar,dense
7,7236,-200.0,200,13.6602144241333,-1.0,1.6124120065796888e-06,0.0,DQN_RND,0.001,0.99,mountaincar,dense
7,7237,-200.0,200,10.514932632446289,-1.0,5.693940238415962e-06,0.0,DQN_RND,0.001,0.99,mountaincar,dense
7,7238,-200.0,200,33.32998275756836,-1.0,7.668475063837832e-07,0.0,DQN_RND,0.001,0.99,mountaincar,dense
7,7239,-200.0,200,19.499910354614258,-1.0,2.2563724996871315e-05,0.0,DQN_RND,0.001,0.99,mountaincar,dense
7,7240,-200.0,200,10.077138900756836,-1.0,1.451696221010934e-06,0.0,DQN_RND,0.001,0.99,mountaincar,dense
7,7241,-200.0,200,19.935626983642578,-1.0,3.4428325307089835e-05,0.0,DQN_RND,0.001,0.99,mountaincar,dense
7,7242,-200.0,200,13.232428550720215,-1.0,3.321878466522321e-06,0.0,DQN_RND,0.001,0.99,mountaincar,dense
7,7243,-200.0,200,13.690438270568848,-1.0,3.3748972782632336e-05,0.0,DQN_RND,0.001,0.99,mountaincar,dense
7,7244,-200.0,200,26.640579223632812,-1.0,4.88753903482575e-06,0.0,DQN_RND,0.001,0.99,mountaincar,dense
7,7245,-200.0,200,19.664154052734375,-1.0,7.782812190271216e-07,0.0,DQN_RND,0.001,0.99,mountaincar,dense
7,7246,-200.0,200,10.120281219482422,-1.0,7.786174137436319e-06,0.0,DQN_RND,0.001,0.99,mountaincar,dense
7,7247,-200.0,200,23.118919372558594,-1.0,4.8661626351531595e-05,0.0,DQN_RND,0.001,0.99,mountaincar,dense
7,7248,-200.0,200,16.071048736572266,-1.0,2.358934398216661e-05,0.0,DQN_RND,0.001,0.99,mountaincar,dense
7,7249,-200.0,200,9.715039253234863,-1.0,3.6757239740836667e-06,0.0,DQN_RND,0.001,0.99,mountaincar,dense
7,7250,-200.0,200,13.454670906066895,-1.0,2.1396049305622e-06,0.0,DQN_RND,0.001,0.99,mountaincar,dense
7,7251,-200.0,200,22.429153442382812,-1.0,5.962491923128255e-05,0.0,DQN_RND,0.001,0.99,mountaincar,dense
7,7252,-200.0,200,22.123620986938477,-1.0,4.1993560444097966e-05,0.0,DQN_RND,0.001,0.99,mountaincar,dense
7,7253,-200.0,200,16.48030662536621,-1.0,4.381801045383327e-05,0.0,DQN_RND,0.001,0.99,mountaincar,dense
7,7254,-200.0,200,22.762399673461914,-1.0,7.781449653521122e-07,0.0,DQN_RND,0.001,0.99,mountaincar,dense
7,7255,-200.0,200,3.268211841583252,-1.0,6.620036583626643e-05,0.0,DQN_RND,0.001,0.99,mountaincar,dense
7,7256,-200.0,200,16.07054901123047,-1.0,5.024608981329948e-06,0.0,DQN_RND,0.001,0.99,mountaincar,dense
7,7257,-200.0,200,13.088132858276367,-1.0,1.7557681530888658e-06,0.0,DQN_RND,0.001,0.99,mountaincar,dense
7,7258,-200.0,200,22.7679500579834,-1.0,8.11218228591315e-07,0.0,DQN_RND,0.001,0.99,mountaincar,dense
7,7259,-200.0,200,3.011482000350952,-1.0,8.655471788188152e-07,0.0,DQN_RND,0.001,0.99,mountaincar,dense
7,7260,-200.0,200,16.283613204956055,-1.0,3.275257768109441e-05,0.0,DQN_RND,0.001,0.99,mountaincar,dense
7,7261,-200.0,200,9.885048866271973,-1.0,1.213012069456454e-06,0.0,DQN_RND,0.001,0.99,mountaincar,dense
7,7262,-200.0,200,35.63005828857422,-1.0,7.908449219939939e-07,0.0,DQN_RND,0.001,0.99,mountaincar,dense
7,7263,-200.0,200,19.435453414916992,-1.0,6.128274981165305e-05,0.0,DQN_RND,0.001,0.99,mountaincar,dense
7,7264,-200.0,200,13.256375312805176,-1.0,7.2672133683227e-05,0.0,DQN_RND,0.001,0.99,mountaincar,dense
7,7265,-200.0,200,12.515545845031738,-1.0,8.277671099676809e-07,0.0,DQN_RND,0.001,0.99,mountaincar,dense
7,7266,-200.0,200,13.3103666305542,-1.0,2.389966721239034e-05,0.0,DQN_RND,0.001,0.99,mountaincar,dense
7,7267,-200.0,200,16.603601455688477,-1.0,6.87579668010585e-05,0.0,DQN_RND,0.001,0.99,mountaincar,dense
7,7268,-200.0,200,16.47972869873047,-1.0,4.498243288253434e-05,0.0,DQN_RND,0.001,0.99,mountaincar,dense
7,7269,-200.0,200,16.029560089111328,-1.0,0.00010928955452982336,0.0,DQN_RND,0.001,0.99,mountaincar,dense
7,7270,-200.0,200,26.783246994018555,-1.0,4.8796322516864166e-05,0.0,DQN_RND,0.001,0.99,mountaincar,dense
7,7271,-200.0,200,13.234753608703613,-1.0,8.602610614616424e-05,0.0,DQN_RND,0.001,0.99,mountaincar,dense
7,7272,-200.0,200,19.90929412841797,-1.0,5.843343024025671e-05,0.0,DQN_RND,0.001,0.99,mountaincar,dense
7,7273,-200.0,200,19.016407012939453,-1.0,0.00011530743358889595,0.0,DQN_RND,0.001,0.99,mountaincar,dense
7,7274,-200.0,200,19.491811752319336,-1.0,5.7869983720593154e-05,0.0,DQN_RND,0.001,0.99,mountaincar,dense
7,7275,-200.0,200,16.043855667114258,-1.0,5.18717661179835e-06,0.0,DQN_RND,0.001,0.99,mountaincar,dense
7,7276,-200.0,200,9.58676815032959,-1.0,6.162068893900141e-05,0.0,DQN_RND,0.001,0.99,mountaincar,dense
7,7277,-200.0,200,10.181568145751953,-1.0,4.102383172721602e-06,0.0,DQN_RND,0.001,0.99,mountaincar,dense
7,7278,-200.0,200,9.080121994018555,-1.0,2.19728553929599e-05,0.0,DQN_RND,0.001,0.99,mountaincar,dense
7,7279,-200.0,200,9.85019588470459,-1.0,6.220273644430563e-05,0.0,DQN_RND,0.001,0.99,mountaincar,dense
7,7280,-200.0,200,22.638233184814453,-1.0,2.1417567040771246e-05,0.0,DQN_RND,0.001,0.99,mountaincar,dense
7,7281,-200.0,200,31.990219116210938,-1.0,5.324994617694756e-06,0.0,DQN_RND,0.001,0.99,mountaincar,dense
7,7282,-200.0,200,16.42654037475586,-1.0,1.1002472092513926e-05,0.0,DQN_RND,0.001,0.99,mountaincar,dense
7,7283,-200.0,200,6.442561149597168,-1.0,2.6196048565907404e-06,0.0,DQN_RND,0.001,0.99,mountaincar,dense
7,7284,-200.0,200,18.631591796875,-1.0,2.2563597667613067e-05,0.0,DQN_RND,0.001,0.99,mountaincar,dense
7,7285,-200.0,200,12.723448753356934,-1.0,2.479852810211014e-05,0.0,DQN_RND,0.001,0.99,mountaincar,dense
7,7286,-200.0,200,19.019489288330078,-1.0,3.572929563233629e-05,0.0,DQN_RND,0.001,0.99,mountaincar,dense
7,7287,-200.0,200,22.86779022216797,-1.0,4.638633254216984e-05,0.0,DQN_RND,0.001,0.99,mountaincar,dense
7,7288,-200.0,200,6.484586238861084,-1.0,1.124189657275565e-05,0.0,DQN_RND,0.001,0.99,mountaincar,dense
7,7289,-200.0,200,9.595160484313965,-1.0,5.175214755581692e-05,0.0,DQN_RND,0.001,0.99,mountaincar,dense
7,7290,-200.0,200,10.027237892150879,-1.0,4.122819154872559e-05,0.0,DQN_RND,0.001,0.99,mountaincar,dense
7,7291,-200.0,200,19.649246215820312,-1.0,9.663009223004337e-06,0.0,DQN_RND,0.001,0.99,mountaincar,dense
7,7292,-200.0,200,19.852336883544922,-1.0,4.08210371460882e-06,0.0,DQN_RND,0.001,0.99,mountaincar,dense
7,7293,-200.0,200,23.389972686767578,-1.0,3.098040906479582e-06,0.0,DQN_RND,0.001,0.99,mountaincar,dense
7,7294,-200.0,200,9.67668628692627,-1.0,6.686332767458225e-07,0.0,DQN_RND,0.001,0.99,mountaincar,dense
7,7295,-200.0,200,9.554774284362793,-1.0,2.911908040914568e-06,0.0,DQN_RND,0.001,0.99,mountaincar,dense
7,7296,-200.0,200,22.363872528076172,-1.0,2.88886803900823e-06,0.0,DQN_RND,0.001,0.99,mountaincar,dense
7,7297,-200.0,200,16.185792922973633,-1.0,8.655289093439933e-06,0.0,DQN_RND,0.001,0.99,mountaincar,dense
7,7298,-200.0,200,12.847707748413086,-1.0,9.501717431703582e-05,0.0,DQN_RND,0.001,0.99,mountaincar,dense
7,7299,-200.0,200,19.958898544311523,-1.0,1.1131809515063651e-05,0.0,DQN_RND,0.001,0.99,mountaincar,dense
7,7300,-200.0,200,18.22311782836914,-1.0,4.558012733468786e-05,0.0,DQN_RND,0.001,0.99,mountaincar,dense
7,7301,-200.0,200,21.03658676147461,-1.0,4.0278705455421004e-06,0.0,DQN_RND,0.001,0.99,mountaincar,dense
7,7302,-200.0,200,9.393033981323242,-1.0,1.9568969946703874e-06,0.0,DQN_RND,0.001,0.99,mountaincar,dense
7,7303,-200.0,200,12.019172668457031,-1.0,1.6922975873967516e-06,0.0,DQN_RND,0.001,0.99,mountaincar,dense
7,7304,-200.0,200,24.590604782104492,-1.0,2.639425474626478e-06,0.0,DQN_RND,0.001,0.99,mountaincar,dense
7,7305,-200.0,200,24.926311492919922,-1.0,2.1426822058856487e-06,0.0,DQN_RND,0.001,0.99,mountaincar,dense
7,7306,-200.0,200,12.212268829345703,-1.0,2.1506796201720135e-06,0.0,DQN_RND,0.001,0.99,mountaincar,dense
7,7307,-200.0,200,12.548553466796875,-1.0,5.378832429414615e-05,0.0,DQN_RND,0.001,0.99,mountaincar,dense
7,7308,-200.0,200,21.428834915161133,-1.0,5.2122504712315276e-05,0.0,DQN_RND,0.001,0.99,mountaincar,dense
7,7309,-200.0,200,19.053489685058594,-1.0,5.4092135542305186e-05,0.0,DQN_RND,0.001,0.99,mountaincar,dense
7,7310,-200.0,200,12.696352005004883,-1.0,1.0486442988622002e-05,0.0,DQN_RND,0.001,0.99,mountaincar,dense
7,7311,-200.0,200,25.127817153930664,-1.0,4.880645064986311e-05,0.0,DQN_RND,0.001,0.99,mountaincar,dense
7,7312,-200.0,200,9.666444778442383,-1.0,2.835358145603095e-06,0.0,DQN_RND,0.001,0.99,mountaincar,dense
7,7313,-200.0,200,22.468429565429688,-1.0,2.371910522924736e-05,0.0,DQN_RND,0.001,0.99,mountaincar,dense
7,7314,-200.0,200,15.518681526184082,-1.0,3.413365993765183e-05,0.0,DQN_RND,0.001,0.99,mountaincar,dense
7,7315,-200.0,200,9.067014694213867,-1.0,7.831602852093056e-05,0.0,DQN_RND,0.001,0.99,mountaincar,dense
7,7316,-200.0,200,3.1067419052124023,-1.0,9.661162039265037e-05,0.0,DQN_RND,0.001,0.99,mountaincar,dense
7,7317,-200.0,200,3.1263482570648193,-1.0,5.2715207857545465e-05,0.0,DQN_RND,0.001,0.99,mountaincar,dense
7,7318,-200.0,200,9.150934219360352,-1.0,4.6472800022456795e-05,0.0,DQN_RND,0.001,0.99,mountaincar,dense
7,7319,-200.0,200,18.039888381958008,-1.0,5.770502320956439e-05,0.0,DQN_RND,0.001,0.99,mountaincar,dense
7,7320,-200.0,200,21.133445739746094,-1.0,4.540146255749278e-05,0.0,DQN_RND,0.001,0.99,mountaincar,dense
7,7321,-200.0,200,11.795896530151367,-1.0,6.844381346127193e-07,0.0,DQN_RND,0.001,0.99,mountaincar,dense
7,7322,-200.0,200,18.302080154418945,-1.0,1.0432725048303837e-06,0.0,DQN_RND,0.001,0.99,mountaincar,dense
7,7323,-200.0,200,21.420085906982422,-1.0,3.8410555134760216e-05,0.0,DQN_RND,0.001,0.99,mountaincar,dense
7,7324,-200.0,200,9.215633392333984,-1.0,8.648158882351709e-07,0.0,DQN_RND,0.001,0.99,mountaincar,dense
7,7325,-200.0,200,2.887868881225586,-1.0,3.261502570239827e-06,0.0,DQN_RND,0.001,0.99,mountaincar,dense
7,7326,-200.0,200,18.847328186035156,-1.0,1.5685651533203782e-06,0.0,DQN_RND,0.001,0.99,mountaincar,dense
7,7327,-200.0,200,18.454967498779297,-1.0,1.400703695253469e-06,0.0,DQN_RND,0.001,0.99,mountaincar,dense
7,7328,-200.0,200,18.26764678955078,-1.0,1.741161895552068e-06,0.0,DQN_RND,0.001,0.99,mountaincar,dense
7,7329,-200.0,200,11.276544570922852,-1.0,1.7793527149478905e-06,0.0,DQN_RND,0.001,0.99,mountaincar,dense
7,7330,-200.0,200,24.3262939453125,-1.0,2.4154893253580667e-05,0.0,DQN_RND,0.001,0.99,mountaincar,dense
7,7331,-200.0,200,11.84249496459961,-1.0,7.494995770684909e-06,0.0,DQN_RND,0.001,0.99,mountaincar,dense
7,7332,-200.0,200,20.628738403320312,-1.0,8.065779184107669e-06,0.0,DQN_RND,0.001,0.99,mountaincar,dense
7,7333,-200.0,200,18.345184326171875,-1.0,5.0179070967715234e-05,0.0,DQN_RND,0.001,0.99,mountaincar,dense
7,7334,-200.0,200,11.715110778808594,-1.0,4.2671963456086814e-06,0.0,DQN_RND,0.001,0.99,mountaincar,dense
7,7335,-200.0,200,6.100010395050049,-1.0,5.978266563033685e-05,0.0,DQN_RND,0.001,0.99,mountaincar,dense
7,7336,-200.0,200,9.320625305175781,-1.0,3.3364476621500216e-06,0.0,DQN_RND,0.001,0.99,mountaincar,dense
7,7337,-200.0,200,15.071484565734863,-1.0,1.8448600940246251e-06,0.0,DQN_RND,0.001,0.99,mountaincar,dense
7,7338,-200.0,200,12.04234790802002,-1.0,4.117752177990042e-05,0.0,DQN_RND,0.001,0.99,mountaincar,dense
7,7339,-200.0,200,27.06583595275879,-1.0,7.810224815330002e-06,0.0,DQN_RND,0.001,0.99,mountaincar,dense
7,7340,-200.0,200,26.258895874023438,-1.0,4.6475615818053484e-05,0.0,DQN_RND,0.001,0.99,mountaincar,dense
7,7341,-200.0,200,8.948175430297852,-1.0,3.308648956590332e-05,0.0,DQN_RND,0.001,0.99,mountaincar,dense
7,7342,-200.0,200,24.54973602294922,-1.0,2.4187591407098807e-05,0.0,DQN_RND,0.001,0.99,mountaincar,dense
7,7343,-200.0,200,21.322406768798828,-1.0,5.96844001847785e-05,0.0,DQN_RND,0.001,0.99,mountaincar,dense
7,7344,-200.0,200,27.709617614746094,-1.0,1.374329258396756e-06,0.0,DQN_RND,0.001,0.99,mountaincar,dense
7,7345,-200.0,200,21.330476760864258,-1.0,6.240379207156366e-06,0.0,DQN_RND,0.001,0.99,mountaincar,dense
7,7346,-200.0,200,14.820464134216309,-1.0,1.6379907492591883e-06,0.0,DQN_RND,0.001,0.99,mountaincar,dense
7,7347,-200.0,200,9.189271926879883,-1.0,7.101547089405358e-05,0.0,DQN_RND,0.001,0.99,mountaincar,dense
7,7348,-200.0,200,8.883240699768066,-1.0,3.879384894389659e-05,0.0,DQN_RND,0.001,0.99,mountaincar,dense
7,7349,-200.0,200,33.051517486572266,-1.0,2.0324373508628923e-06,0.0,DQN_RND,0.001,0.99,mountaincar,dense
7,7350,-200.0,200,22.017322540283203,-1.0,4.003302365163108e-06,0.0,DQN_RND,0.001,0.99,mountaincar,dense
7,7351,-200.0,200,11.55535888671875,-1.0,6.253032915992662e-05,0.0,DQN_RND,0.001,0.99,mountaincar,dense
7,7352,-200.0,200,5.936934471130371,-1.0,6.460506119765341e-05,0.0,DQN_RND,0.001,0.99,mountaincar,dense
7,7353,-200.0,200,11.594852447509766,-1.0,0.00010987951827701181,0.0,DQN_RND,0.001,0.99,mountaincar,dense
7,7354,-200.0,200,29.732641220092773,-1.0,5.485798101290129e-05,0.0,DQN_RND,0.001,0.99,mountaincar,dense
7,7355,-200.0,200,23.81268310546875,-1.0,7.453766670550976e-07,0.0,DQN_RND,0.001,0.99,mountaincar,dense
7,7356,-200.0,200,14.16139030456543,-1.0,1.228894348059839e-06,0.0,DQN_RND,0.001,0.99,mountaincar,dense
7,7357,-200.0,200,22.698665618896484,-1.0,3.1407018923346186e-06,0.0,DQN_RND,0.001,0.99,mountaincar,dense
7,7358,-200.0,200,23.42502784729004,-1.0,7.08326524545555e-07,0.0,DQN_RND,0.001,0.99,mountaincar,dense
7,7359,-200.0,200,23.359119415283203,-1.0,2.4346811187569983e-05,0.0,DQN_RND,0.001,0.99,mountaincar,dense
7,7360,-200.0,200,8.669257164001465,-1.0,1.0826463949342724e-05,0.0,DQN_RND,0.001,0.99,mountaincar,dense
7,7361,-200.0,200,14.87039566040039,-1.0,3.262210384491482e-06,0.0,DQN_RND,0.001,0.99,mountaincar,dense
7,7362,-200.0,200,20.58115005493164,-1.0,2.3177455659606494e-05,0.0,DQN_RND,0.001,0.99,mountaincar,dense
7,7363,-200.0,200,11.605982780456543,-1.0,1.871947688414366e-06,0.0,DQN_RND,0.001,0.99,mountaincar,dense
7,7364,-200.0,200,11.606361389160156,-1.0,7.334587280638516e-05,0.0,DQN_RND,0.001,0.99,mountaincar,dense
7,7365,-200.0,200,20.808435440063477,-1.0,4.777043795911595e-05,0.0,DQN_RND,0.001,0.99,mountaincar,dense
7,7366,-200.0,200,17.671876907348633,-1.0,5.632602551486343e-06,0.0,DQN_RND,0.001,0.99,mountaincar,dense
7,7367,-200.0,200,15.20546817779541,-1.0,1.0506927537790034e-05,0.0,DQN_RND,0.001,0.99,mountaincar,dense
7,7368,-200.0,200,20.55213737487793,-1.0,3.91202684113523e-06,0.0,DQN_RND,0.001,0.99,mountaincar,dense
7,7369,-200.0,200,20.345712661743164,-1.0,4.6360655687749386e-05,0.0,DQN_RND,0.001,0.99,mountaincar,dense
7,7370,-200.0,200,11.604415893554688,-1.0,2.945719188574003e-06,0.0,DQN_RND,0.001,0.99,mountaincar,dense
7,7371,-200.0,200,14.53271198272705,-1.0,1.3371894738156698e-06,0.0,DQN_RND,0.001,0.99,mountaincar,dense
7,7372,-200.0,200,8.930968284606934,-1.0,2.7506985134095885e-06,0.0,DQN_RND,0.001,0.99,mountaincar,dense
7,7373,-200.0,200,11.752679824829102,-1.0,3.427004003242473e-06,0.0,DQN_RND,0.001,0.99,mountaincar,dense
7,7374,-200.0,200,6.024089336395264,-1.0,4.688148692366667e-05,0.0,DQN_RND,0.001,0.99,mountaincar,dense
7,7375,-200.0,200,11.872663497924805,-1.0,7.788428047206253e-05,0.0,DQN_RND,0.001,0.99,mountaincar,dense
7,7376,-200.0,200,23.44194793701172,-1.0,4.379642632557079e-05,0.0,DQN_RND,0.001,0.99,mountaincar,dense
7,7377,-200.0,200,24.352163314819336,-1.0,0.00010851497791009024,0.0,DQN_RND,0.001,0.99,mountaincar,dense
7,7378,-200.0,200,23.81134796142578,-1.0,3.393385122762993e-05,0.0,DQN_RND,0.001,0.99,mountaincar,dense
7,7379,-200.0,200,11.998132705688477,-1.0,1.9667788819788257e-06,0.0,DQN_RND,0.001,0.99,mountaincar,dense
7,7380,-200.0,200,6.142358779907227,-1.0,9.55698283178208e-07,0.0,DQN_RND,0.001,0.99,mountaincar,dense
7,7381,-200.0,200,15.683854103088379,-1.0,5.956313543720171e-06,0.0,DQN_RND,0.001,0.99,mountaincar,dense
7,7382,-200.0,200,30.519126892089844,-1.0,8.815067303657997e-06,0.0,DQN_RND,0.001,0.99,mountaincar,dense
7,7383,-200.0,200,18.083690643310547,-1.0,8.320499182445928e-05,0.0,DQN_RND,0.001,0.99,mountaincar,dense
7,7384,-200.0,200,3.164532423019409,-1.0,4.141151293879375e-06,0.0,DQN_RND,0.001,0.99,mountaincar,dense
7,7385,-200.0,200,15.538572311401367,-1.0,4.815922147827223e-05,0.0,DQN_RND,0.001,0.99,mountaincar,dense
7,7386,-200.0,200,9.43295955657959,-1.0,4.310202712076716e-05,0.0,DQN_RND,0.001,0.99,mountaincar,dense
7,7387,-200.0,200,30.83936882019043,-1.0,5.427175437944243e-06,0.0,DQN_RND,0.001,0.99,mountaincar,dense
7,7388,-200.0,200,15.812702178955078,-1.0,4.736320624942891e-05,0.0,DQN_RND,0.001,0.99,mountaincar,dense
7,7389,-200.0,200,9.012049674987793,-1.0,6.736094655934721e-05,0.0,DQN_RND,0.001,0.99,mountaincar,dense
7,7390,-200.0,200,36.081668853759766,-1.0,6.625895707657037e-07,0.0,DQN_RND,0.001,0.99,mountaincar,dense
7,7391,-200.0,200,13.568464279174805,-1.0,5.9644848079187796e-05,0.0,DQN_RND,0.001,0.99,mountaincar,dense
7,7392,-200.0,200,2.9714534282684326,-1.0,2.393846989434678e-05,0.0,DQN_RND,0.001,0.99,mountaincar,dense
7,7393,-200.0,200,14.30407428741455,-1.0,5.9138295910088345e-05,0.0,DQN_RND,0.001,0.99,mountaincar,dense
7,7394,-200.0,200,17.130924224853516,-1.0,4.5893582864664495e-05,0.0,DQN_RND,0.001,0.99,mountaincar,dense
7,7395,-200.0,200,31.51365089416504,-1.0,6.1953364820510615e-06,0.0,DQN_RND,0.001,0.99,mountaincar,dense
7,7396,-200.0,200,11.572110176086426,-1.0,5.695369327440858e-05,0.0,DQN_RND,0.001,0.99,mountaincar,dense
7,7397,-200.0,200,11.362375259399414,-1.0,2.6593615984893404e-05,0.0,DQN_RND,0.001,0.99,mountaincar,dense
7,7398,-200.0,200,19.53958511352539,-1.0,3.5117420338792726e-05,0.0,DQN_RND,0.001,0.99,mountaincar,dense
7,7399,-200.0,200,17.123008728027344,-1.0,3.7096295272931457e-05,0.0,DQN_RND,0.001,0.99,mountaincar,dense
7,7400,-200.0,200,11.565754890441895,-1.0,6.30157592240721e-06,0.0,DQN_RND,0.001,0.99,mountaincar,dense
7,7401,-200.0,200,8.164690017700195,-1.0,9.163253480437561e-07,0.0,DQN_RND,0.001,0.99,mountaincar,dense
7,7402,-200.0,200,11.737555503845215,-1.0,5.172829332877882e-05,0.0,DQN_RND,0.001,0.99,mountaincar,dense
7,7403,-200.0,200,2.970888137817383,-1.0,4.529078069026582e-05,0.0,DQN_RND,0.001,0.99,mountaincar,dense
7,7404,-200.0,200,8.733328819274902,-1.0,2.5248914425901603e-06,0.0,DQN_RND,0.001,0.99,mountaincar,dense
7,7405,-200.0,200,14.837265014648438,-1.0,3.0176503059919924e-05,0.0,DQN_RND,0.001,0.99,mountaincar,dense
7,7406,-200.0,200,5.9956536293029785,-1.0,4.388515208120225e-06,0.0,DQN_RND,0.001,0.99,mountaincar,dense
7,7407,-200.0,200,20.240825653076172,-1.0,7.094067768775858e-07,0.0,DQN_RND,0.001,0.99,mountaincar,dense
7,7408,-200.0,200,14.541625022888184,-1.0,2.9329032713576453e-06,0.0,DQN_RND,0.001,0.99,mountaincar,dense
7,7409,-200.0,200,11.690862655639648,-1.0,1.0296749906046898e-06,0.0,DQN_RND,0.001,0.99,mountaincar,dense
7,7410,-200.0,200,11.716376304626465,-1.0,2.886307129301713e-06,0.0,DQN_RND,0.001,0.99,mountaincar,dense
7,7411,-200.0,200,14.474864959716797,-1.0,9.255197710444918e-07,0.0,DQN_RND,0.001,0.99,mountaincar,dense
7,7412,-200.0,200,14.220596313476562,-1.0,7.836545705686149e-07,0.0,DQN_RND,0.001,0.99,mountaincar,dense
7,7413,-200.0,200,23.87562370300293,-1.0,6.636186299147084e-05,0.0,DQN_RND,0.001,0.99,mountaincar,dense
7,7414,-200.0,200,19.886362075805664,-1.0,5.294675793265924e-05,0.0,DQN_RND,0.001,0.99,mountaincar,dense
7,7415,-200.0,200,14.245423316955566,-1.0,7.70373226259835e-05,0.0,DQN_RND,0.001,0.99,mountaincar,dense
7,7416,-200.0,200,11.472070693969727,-1.0,9.642038639867678e-05,0.0,DQN_RND,0.001,0.99,mountaincar,dense
7,7417,-200.0,200,14.127989768981934,-1.0,7.06986611476168e-05,0.0,DQN_RND,0.001,0.99,mountaincar,dense
7,7418,-200.0,200,5.935673713684082,-1.0,5.4197611461859196e-05,0.0,DQN_RND,0.001,0.99,mountaincar,dense
7,7419,-200.0,200,20.130748748779297,-1.0,3.5964483686257154e-05,0.0,DQN_RND,0.001,0.99,mountaincar,dense
7,7420,-200.0,200,20.5867862701416,-1.0,6.809235492255539e-05,0.0,DQN_RND,0.001,0.99,mountaincar,dense
7,7421,-200.0,200,20.62456703186035,-1.0,2.4464092348353006e-05,0.0,DQN_RND,0.001,0.99,mountaincar,dense
7,7422,-200.0,200,14.658095359802246,-1.0,6.657555786659941e-05,0.0,DQN_RND,0.001,0.99,mountaincar,dense
7,7423,-200.0,200,12.180258750915527,-1.0,3.301013566670008e-05,0.0,DQN_RND,0.001,0.99,mountaincar,dense
7,7424,-200.0,200,14.75063705444336,-1.0,7.928831473691389e-05,0.0,DQN_RND,0.001,0.99,mountaincar,dense
7,7425,-200.0,200,11.672808647155762,-1.0,0.00011612023081397638,0.0,DQN_RND,0.001,0.99,mountaincar,dense
7,7426,-200.0,200,17.743038177490234,-1.0,3.96409523091279e-05,0.0,DQN_RND,0.001,0.99,mountaincar,dense
7,7427,-200.0,200,18.23651885986328,-1.0,4.792594336322509e-05,0.0,DQN_RND,0.001,0.99,mountaincar,dense
7,7428,-200.0,200,9.109481811523438,-1.0,5.480696927406825e-07,0.0,DQN_RND,0.001,0.99,mountaincar,dense
7,7429,-200.0,200,15.150629043579102,-1.0,3.882852070091758e-06,0.0,DQN_RND,0.001,0.99,mountaincar,dense
7,7430,-200.0,200,12.393996238708496,-1.0,3.571183333406225e-05,0.0,DQN_RND,0.001,0.99,mountaincar,dense
7,7431,-200.0,200,15.303783416748047,-1.0,4.818690285901539e-06,0.0,DQN_RND,0.001,0.99,mountaincar,dense
7,7432,-200.0,200,3.148170232772827,-1.0,2.6366260499344207e-06,0.0,DQN_RND,0.001,0.99,mountaincar,dense
7,7433,-200.0,200,18.447378158569336,-1.0,1.644319127080962e-06,0.0,DQN_RND,0.001,0.99,mountaincar,dense
7,7434,-200.0,200,15.553264617919922,-1.0,5.188974228076404e-06,0.0,DQN_RND,0.001,0.99,mountaincar,dense
7,7435,-200.0,200,18.948184967041016,-1.0,5.995381684442691e-07,0.0,DQN_RND,0.001,0.99,mountaincar,dense
7,7436,-200.0,200,9.279373168945312,-1.0,3.5028981528739678e-06,0.0,DQN_RND,0.001,0.99,mountaincar,dense
7,7437,-200.0,200,15.456869125366211,-1.0,6.660329745500349e-07,0.0,DQN_RND,0.001,0.99,mountaincar,dense
7,7438,-200.0,200,30.342439651489258,-1.0,7.697084947722033e-05,0.0,DQN_RND,0.001,0.99,mountaincar,dense
7,7439,-200.0,200,14.820516586303711,-1.0,7.894860800661263e-07,0.0,DQN_RND,0.001,0.99,mountaincar,dense
7,7440,-200.0,200,17.88308334350586,-1.0,6.0010461311321706e-05,0.0,DQN_RND,0.001,0.99,mountaincar,dense
7,7441,-200.0,200,40.838050842285156,-1.0,1.0396615834906697e-06,0.0,DQN_RND,0.001,0.99,mountaincar,dense
7,7442,-200.0,200,14.960464477539062,-1.0,8.308117571687035e-07,0.0,DQN_RND,0.001,0.99,mountaincar,dense
7,7443,-200.0,200,14.84182071685791,-1.0,5.968781988485716e-05,0.0,DQN_RND,0.001,0.99,mountaincar,dense
7,7444,-200.0,200,14.169562339782715,-1.0,4.566672487271717e-06,0.0,DQN_RND,0.001,0.99,mountaincar,dense
7,7445,-200.0,200,20.236112594604492,-1.0,2.5029379685292952e-05,0.0,DQN_RND,0.001,0.99,mountaincar,dense
7,7446,-200.0,200,8.681458473205566,-1.0,4.811571852769703e-05,0.0,DQN_RND,0.001,0.99,mountaincar,dense
7,7447,-200.0,200,12.010354995727539,-1.0,2.556172330514528e-05,0.0,DQN_RND,0.001,0.99,mountaincar,dense
7,7448,-200.0,200,12.049935340881348,-1.0,9.515549209027085e-06,0.0,DQN_RND,0.001,0.99,mountaincar,dense
7,7449,-200.0,200,5.681119918823242,-1.0,7.241305138450116e-05,0.0,DQN_RND,0.001,0.99,mountaincar,dense
7,7450,-200.0,200,32.431060791015625,-1.0,1.1935744623770006e-06,0.0,DQN_RND,0.001,0.99,mountaincar,dense
7,7451,-200.0,200,11.55003833770752,-1.0,4.614403223968111e-05,0.0,DQN_RND,0.001,0.99,mountaincar,dense
7,7452,-200.0,200,23.36065673828125,-1.0,2.9175722374930046e-05,0.0,DQN_RND,0.001,0.99,mountaincar,dense
7,7453,-200.0,200,0.022964294999837875,-1.0,2.9987939342390746e-05,0.0,DQN_RND,0.001,0.99,mountaincar,dense
7,7454,-200.0,200,17.833749771118164,-1.0,4.408912718645297e-05,0.0,DQN_RND,0.001,0.99,mountaincar,dense
7,7455,-200.0,200,11.487630844116211,-1.0,3.165214366163127e-06,0.0,DQN_RND,0.001,0.99,mountaincar,dense
7,7456,-200.0,200,14.432487487792969,-1.0,3.689472941914573e-05,0.0,DQN_RND,0.001,0.99,mountaincar,dense
7,7457,-200.0,200,17.556297302246094,-1.0,6.229611244634725e-07,0.0,DQN_RND,0.001,0.99,mountaincar,dense
7,7458,-200.0,200,8.592965126037598,-1.0,3.367243698448874e-05,0.0,DQN_RND,0.001,0.99,mountaincar,dense
7,7459,-200.0,200,22.490039825439453,-1.0,1.978801037694211e-06,0.0,DQN_RND,0.001,0.99,mountaincar,dense
7,7460,-200.0,200,17.695341110229492,-1.0,2.792042096189107e-06,0.0,DQN_RND,0.001,0.99,mountaincar,dense
7,7461,-200.0,200,14.720209121704102,-1.0,1.195498407469131e-05,0.0,DQN_RND,0.001,0.99,mountaincar,dense
7,7462,-200.0,200,11.539015769958496,-1.0,2.0112631773372414e-06,0.0,DQN_RND,0.001,0.99,mountaincar,dense
7,7463,-200.0,200,14.257887840270996,-1.0,3.251365797041217e-06,0.0,DQN_RND,0.001,0.99,mountaincar,dense
7,7464,-200.0,200,8.533830642700195,-1.0,2.663687519088853e-05,0.0,DQN_RND,0.001,0.99,mountaincar,dense
7,7465,-200.0,200,14.38278865814209,-1.0,6.376710371114314e-05,0.0,DQN_RND,0.001,0.99,mountaincar,dense
7,7466,-200.0,200,11.62158203125,-1.0,2.3604072794114472e-06,0.0,DQN_RND,0.001,0.99,mountaincar,dense
7,7467,-200.0,200,17.601402282714844,-1.0,1.7033240737873712e-06,0.0,DQN_RND,0.001,0.99,mountaincar,dense
7,7468,-200.0,200,8.81699275970459,-1.0,4.829380941373529e-06,0.0,DQN_RND,0.001,0.99,mountaincar,dense
7,7469,-200.0,200,14.859206199645996,-1.0,5.596903633886541e-07,0.0,DQN_RND,0.001,0.99,mountaincar,dense
7,7470,-200.0,200,6.012996673583984,-1.0,1.2985298099010834e-06,0.0,DQN_RND,0.001,0.99,mountaincar,dense
7,7471,-200.0,200,20.61370849609375,-1.0,1.316389329986123e-06,0.0,DQN_RND,0.001,0.99,mountaincar,dense
7,7472,-200.0,200,12.094074249267578,-1.0,4.219510447001085e-05,0.0,DQN_RND,0.001,0.99,mountaincar,dense
7,7473,-200.0,200,20.522899627685547,-1.0,3.1538004350295523e-06,0.0,DQN_RND,0.001,0.99,mountaincar,dense
7,7474,-200.0,200,17.52735710144043,-1.0,1.1170968718943186e-05,0.0,DQN_RND,0.001,0.99,mountaincar,dense
7,7475,-200.0,200,14.489121437072754,-1.0,6.234001261873345e-07,0.0,DQN_RND,0.001,0.99,mountaincar,dense
7,7476,-200.0,200,11.196313858032227,-1.0,4.249495395924896e-05,0.0,DQN_RND,0.001,0.99,mountaincar,dense
7,7477,-200.0,200,22.977632522583008,-1.0,8.641069871373475e-05,0.0,DQN_RND,0.001,0.99,mountaincar,dense
7,7478,-200.0,200,5.879422187805176,-1.0,4.431261550053023e-05,0.0,DQN_RND,0.001,0.99,mountaincar,dense
7,7479,-200.0,200,26.009929656982422,-1.0,3.988264506915584e-05,0.0,DQN_RND,0.001,0.99,mountaincar,dense
7,7480,-200.0,200,8.895894050598145,-1.0,3.539208773872815e-05,0.0,DQN_RND,0.001,0.99,mountaincar,dense
7,7481,-200.0,200,17.36897850036621,-1.0,7.030076812952757e-05,0.0,DQN_RND,0.001,0.99,mountaincar,dense
7,7482,-200.0,200,20.248672485351562,-1.0,4.6572073188144714e-05,0.0,DQN_RND,0.001,0.99,mountaincar,dense
7,7483,-200.0,200,14.512765884399414,-1.0,0.00010025950177805498,0.0,DQN_RND,0.001,0.99,mountaincar,dense
7,7484,-200.0,200,14.533838272094727,-1.0,5.520369450096041e-05,0.0,DQN_RND,0.001,0.99,mountaincar,dense
7,7485,-200.0,200,8.845010757446289,-1.0,3.683418617583811e-05,0.0,DQN_RND,0.001,0.99,mountaincar,dense
7,7486,-200.0,200,6.048081874847412,-1.0,5.007647268939763e-05,0.0,DQN_RND,0.001,0.99,mountaincar,dense
7,7487,-200.0,200,17.1680908203125,-1.0,9.676674608272151e-07,0.0,DQN_RND,0.001,0.99,mountaincar,dense
7,7488,-200.0,200,20.534603118896484,-1.0,4.810967311641434e-06,0.0,DQN_RND,0.001,0.99,mountaincar,dense
7,7489,-200.0,200,17.891204833984375,-1.0,2.6411385988467373e-05,0.0,DQN_RND,0.001,0.99,mountaincar,dense
7,7490,-200.0,200,17.257488250732422,-1.0,1.8955497580463998e-06,0.0,DQN_RND,0.001,0.99,mountaincar,dense
7,7491,-200.0,200,17.87842559814453,-1.0,5.0499173084972426e-05,0.0,DQN_RND,0.001,0.99,mountaincar,dense
7,7492,-200.0,200,12.092991828918457,-1.0,2.423591695333016e-06,0.0,DQN_RND,0.001,0.99,mountaincar,dense
7,7493,-200.0,200,20.933609008789062,-1.0,4.860998160438612e-05,0.0,DQN_RND,0.001,0.99,mountaincar,dense
7,7494,-200.0,200,15.100305557250977,-1.0,6.278853106778115e-05,0.0,DQN_RND,0.001,0.99,mountaincar,dense
7,7495,-200.0,200,17.685029983520508,-1.0,4.711890505859628e-05,0.0,DQN_RND,0.001,0.99,mountaincar,dense
7,7496,-200.0,200,12.069886207580566,-1.0,5.6925364333437756e-06,0.0,DQN_RND,0.001,0.99,mountaincar,dense
7,7497,-200.0,200,12.059209823608398,-1.0,7.250096678035334e-05,0.0,DQN_RND,0.001,0.99,mountaincar,dense
7,7498,-200.0,200,14.669379234313965,-1.0,9.077563845494296e-06,0.0,DQN_RND,0.001,0.99,mountaincar,dense
7,7499,-200.0,200,17.2281436920166,-1.0,1.960180497917463e-06,0.0,DQN_RND,0.001,0.99,mountaincar,dense
7,7500,-200.0,200,14.478955268859863,-1.0,2.3729567146801855e-06,0.0,DQN_RND,0.001,0.99,mountaincar,dense
7,7501,-200.0,200,14.394681930541992,-1.0,5.292304194881581e-07,0.0,DQN_RND,0.001,0.99,mountaincar,dense
7,7502,-200.0,200,22.570980072021484,-1.0,5.950342938376707e-07,0.0,DQN_RND,0.001,0.99,mountaincar,dense
7,7503,-200.0,200,31.106752395629883,-1.0,1.0978377531500882e-06,0.0,DQN_RND,0.001,0.99,mountaincar,dense
7,7504,-200.0,200,8.307658195495605,-1.0,4.4289176003076136e-05,0.0,DQN_RND,0.001,0.99,mountaincar,dense
7,7505,-200.0,200,14.294485092163086,-1.0,2.7063888410339132e-05,0.0,DQN_RND,0.001,0.99,mountaincar,dense
7,7506,-200.0,200,11.51465892791748,-1.0,7.009966066107154e-05,0.0,DQN_RND,0.001,0.99,mountaincar,dense
7,7507,-200.0,200,25.186431884765625,-1.0,4.681921564042568e-05,0.0,DQN_RND,0.001,0.99,mountaincar,dense
7,7508,-200.0,200,30.95587921142578,-1.0,2.1581170130957616e-06,0.0,DQN_RND,0.001,0.99,mountaincar,dense
7,7509,-200.0,200,16.099567413330078,-1.0,6.686562119284645e-05,0.0,DQN_RND,0.001,0.99,mountaincar,dense
7,7510,-200.0,200,23.912466049194336,-1.0,6.713179755024612e-05,0.0,DQN_RND,0.001,0.99,mountaincar,dense
7,7511,-200.0,200,13.205057144165039,-1.0,4.3381285649957135e-05,0.0,DQN_RND,0.001,0.99,mountaincar,dense
7,7512,-200.0,200,5.156851291656494,-1.0,6.220738578122109e-05,0.0,DQN_RND,0.001,0.99,mountaincar,dense
7,7513,-200.0,200,11.022071838378906,-1.0,3.370386912138201e-05,0.0,DQN_RND,0.001,0.99,mountaincar,dense
7,7514,-200.0,200,11.076926231384277,-1.0,6.897359412505466e-07,0.0,DQN_RND,0.001,0.99,mountaincar,dense
7,7515,-200.0,200,5.6157121658325195,-1.0,5.243656050879508e-05,0.0,DQN_RND,0.001,0.99,mountaincar,dense
7,7516,-200.0,200,2.8318674564361572,-1.0,9.710012818686664e-06,0.0,DQN_RND,0.001,0.99,mountaincar,dense
7,7517,-200.0,200,16.865882873535156,-1.0,1.914979293360375e-06,0.0,DQN_RND,0.001,0.99,mountaincar,dense
7,7518,-200.0,200,2.818875312805176,-1.0,4.504593107412802e-06,0.0,DQN_RND,0.001,0.99,mountaincar,dense
7,7519,-200.0,200,19.39520263671875,-1.0,1.890728299258626e-06,0.0,DQN_RND,0.001,0.99,mountaincar,dense
7,7520,-200.0,200,11.36313247680664,-1.0,8.284602699859533e-06,0.0,DQN_RND,0.001,0.99,mountaincar,dense
7,7521,-200.0,200,16.74279022216797,-1.0,1.9221383809053805e-06,0.0,DQN_RND,0.001,0.99,mountaincar,dense
7,7522,-200.0,200,25.72153663635254,-1.0,2.6696498025557958e-05,0.0,DQN_RND,0.001,0.99,mountaincar,dense
7,7523,-200.0,200,11.642152786254883,-1.0,4.441272540134378e-05,0.0,DQN_RND,0.001,0.99,mountaincar,dense
7,7524,-200.0,200,19.22470474243164,-1.0,1.0909105185419321e-05,0.0,DQN_RND,0.001,0.99,mountaincar,dense
7,7525,-200.0,200,16.93299102783203,-1.0,4.218934554955922e-05,0.0,DQN_RND,0.001,0.99,mountaincar,dense
7,7526,-200.0,200,13.775562286376953,-1.0,5.857113478668907e-07,0.0,DQN_RND,0.001,0.99,mountaincar,dense
7,7527,-200.0,200,11.067389488220215,-1.0,3.52629172084562e-06,0.0,DQN_RND,0.001,0.99,mountaincar,dense
7,7528,-200.0,200,16.367095947265625,-1.0,4.407645974424668e-06,0.0,DQN_RND,0.001,0.99,mountaincar,dense
7,7529,-200.0,200,2.9047341346740723,-1.0,5.8440644352231175e-05,0.0,DQN_RND,0.001,0.99,mountaincar,dense
7,7530,-200.0,200,10.789243698120117,-1.0,6.072556061553769e-05,0.0,DQN_RND,0.001,0.99,mountaincar,dense
7,7531,-200.0,200,11.239875793457031,-1.0,2.358463461860083e-05,0.0,DQN_RND,0.001,0.99,mountaincar,dense
7,7532,-200.0,200,14.077398300170898,-1.0,3.730461321538314e-05,0.0,DQN_RND,0.001,0.99,mountaincar,dense
7,7533,-200.0,200,13.777158737182617,-1.0,2.6804123081092257e-06,0.0,DQN_RND,0.001,0.99,mountaincar,dense
7,7534,-200.0,200,15.949066162109375,-1.0,4.4992002585786395e-06,0.0,DQN_RND,0.001,0.99,mountaincar,dense
7,7535,-200.0,200,22.08568572998047,-1.0,6.317967199720442e-05,0.0,DQN_RND,0.001,0.99,mountaincar,dense
7,7536,-200.0,200,12.777141571044922,-1.0,6.374264194164425e-05,0.0,DQN_RND,0.001,0.99,mountaincar,dense
7,7537,-200.0,200,16.584897994995117,-1.0,2.6369476472609676e-05,0.0,DQN_RND,0.001,0.99,mountaincar,dense
7,7538,-200.0,200,16.583751678466797,-1.0,7.86386181061971e-07,0.0,DQN_RND,0.001,0.99,mountaincar,dense
7,7539,-200.0,200,16.350444793701172,-1.0,4.507220728555694e-05,0.0,DQN_RND,0.001,0.99,mountaincar,dense
7,7540,-200.0,200,2.7786784172058105,-1.0,3.8406651583500206e-05,0.0,DQN_RND,0.001,0.99,mountaincar,dense
7,7541,-200.0,200,5.245136260986328,-1.0,1.9337267076480202e-05,0.0,DQN_RND,0.001,0.99,mountaincar,dense
7,7542,-200.0,200,8.434935569763184,-1.0,4.1019966374733485e-06,0.0,DQN_RND,0.001,0.99,mountaincar,dense
7,7543,-200.0,200,13.961028099060059,-1.0,4.8686717491364107e-05,0.0,DQN_RND,0.001,0.99,mountaincar,dense
7,7544,-200.0,200,33.186710357666016,-1.0,6.963244231883436e-05,0.0,DQN_RND,0.001,0.99,mountaincar,dense
7,7545,-200.0,200,8.9973726272583,-1.0,9.303078627453942e-07,0.0,DQN_RND,0.001,0.99,mountaincar,dense
7,7546,-200.0,200,30.419918060302734,-1.0,7.885526429163292e-05,0.0,DQN_RND,0.001,0.99,mountaincar,dense
7,7547,-200.0,200,10.86672592163086,-1.0,4.2172301618847996e-05,0.0,DQN_RND,0.001,0.99,mountaincar,dense
7,7548,-200.0,200,2.928985357284546,-1.0,2.649341149663087e-05,0.0,DQN_RND,0.001,0.99,mountaincar,dense
7,7549,-200.0,200,11.564927101135254,-1.0,4.691745562013239e-05,0.0,DQN_RND,0.001,0.99,mountaincar,dense
7,7550,-200.0,200,13.700467109680176,-1.0,1.4501613804895896e-05,0.0,DQN_RND,0.001,0.99,mountaincar,dense
7,7551,-200.0,200,11.24362564086914,-1.0,3.0362074539880268e-05,0.0,DQN_RND,0.001,0.99,mountaincar,dense
7,7552,-200.0,200,8.090500831604004,-1.0,5.740110395890952e-07,0.0,DQN_RND,0.001,0.99,mountaincar,dense
7,7553,-200.0,200,19.084667205810547,-1.0,4.772736247105058e-06,0.0,DQN_RND,0.001,0.99,mountaincar,dense
7,7554,-200.0,200,27.012269973754883,-1.0,5.223447806201875e-05,0.0,DQN_RND,0.001,0.99,mountaincar,dense
7,7555,-200.0,200,10.97865104675293,-1.0,4.628708120435476e-05,0.0,DQN_RND,0.001,0.99,mountaincar,dense
7,7556,-200.0,200,14.118432998657227,-1.0,2.542023685236927e-05,0.0,DQN_RND,0.001,0.99,mountaincar,dense
7,7557,-200.0,200,16.431262969970703,-1.0,6.068472794140689e-05,0.0,DQN_RND,0.001,0.99,mountaincar,dense
7,7558,-200.0,200,8.214560508728027,-1.0,5.9010377299273387e-05,0.0,DQN_RND,0.001,0.99,mountaincar,dense
7,7559,-200.0,200,11.43724250793457,-1.0,5.677880471921526e-05,0.0,DQN_RND,0.001,0.99,mountaincar,dense
7,7560,-200.0,200,8.449974060058594,-1.0,2.4411144750047242e-06,0.0,DQN_RND,0.001,0.99,mountaincar,dense
7,7561,-200.0,200,8.587325096130371,-1.0,4.043783974339021e-06,0.0,DQN_RND,0.001,0.99,mountaincar,dense
7,7562,-200.0,200,5.740661144256592,-1.0,7.817825462552719e-07,0.0,DQN_RND,0.001,0.99,mountaincar,dense
7,7563,-200.0,200,14.430926322937012,-1.0,1.0297185326635372e-05,0.0,DQN_RND,0.001,0.99,mountaincar,dense
7,7564,-200.0,200,5.836789131164551,-1.0,5.8700525187305175e-06,0.0,DQN_RND,0.001,0.99,mountaincar,dense
7,7565,-200.0,200,11.639569282531738,-1.0,1.1312570222798968e-06,0.0,DQN_RND,0.001,0.99,mountaincar,dense
7,7566,-200.0,200,8.856151580810547,-1.0,4.70833110739477e-05,0.0,DQN_RND,0.001,0.99,mountaincar,dense
7,7567,-200.0,200,11.895312309265137,-1.0,3.2706218462408287e-06,0.0,DQN_RND,0.001,0.99,mountaincar,dense
7,7568,-200.0,200,5.685598373413086,-1.0,4.056300895172171e-05,0.0,DQN_RND,0.001,0.99,mountaincar,dense
7,7569,-200.0,200,17.757675170898438,-1.0,5.785670145996846e-05,0.0,DQN_RND,0.001,0.99,mountaincar,dense
7,7570,-200.0,200,11.663643836975098,-1.0,1.9937298930017278e-05,0.0,DQN_RND,0.001,0.99,mountaincar,dense
7,7571,-200.0,200,8.944743156433105,-1.0,1.801422286007437e-06,0.0,DQN_RND,0.001,0.99,mountaincar,dense
7,7572,-200.0,200,14.847900390625,-1.0,4.599619933287613e-05,0.0,DQN_RND,0.001,0.99,mountaincar,dense
7,7573,-200.0,200,14.754436492919922,-1.0,1.8832166688298457e-06,0.0,DQN_RND,0.001,0.99,mountaincar,dense
7,7574,-200.0,200,19.88747215270996,-1.0,5.748484909418039e-05,0.0,DQN_RND,0.001,0.99,mountaincar,dense
7,7575,-200.0,200,2.7830746173858643,-1.0,5.275930448078725e-07,0.0,DQN_RND,0.001,0.99,mountaincar,dense
7,7576,-200.0,200,11.33092975616455,-1.0,3.339655449963175e-05,0.0,DQN_RND,0.001,0.99,mountaincar,dense
7,7577,-200.0,200,14.495984077453613,-1.0,6.126366497483104e-05,0.0,DQN_RND,0.001,0.99,mountaincar,dense
7,7578,-200.0,200,17.260128021240234,-1.0,6.55326439300552e-05,0.0,DQN_RND,0.001,0.99,mountaincar,dense
7,7579,-200.0,200,8.376424789428711,-1.0,8.605793846072629e-05,0.0,DQN_RND,0.001,0.99,mountaincar,dense
7,7580,-200.0,200,28.913719177246094,-1.0,6.817757366661681e-06,0.0,DQN_RND,0.001,0.99,mountaincar,dense
7,7581,-200.0,200,5.69476318359375,-1.0,8.183377531167935e-07,0.0,DQN_RND,0.001,0.99,mountaincar,dense
7,7582,-200.0,200,11.303192138671875,-1.0,4.70883896923624e-05,0.0,DQN_RND,0.001,0.99,mountaincar,dense
7,7583,-200.0,200,11.319602012634277,-1.0,6.0928610764676705e-05,0.0,DQN_RND,0.001,0.99,mountaincar,dense
7,7584,-200.0,200,28.092796325683594,-1.0,4.212883141008206e-06,0.0,DQN_RND,0.001,0.99,mountaincar,dense
7,7585,-200.0,200,14.556228637695312,-1.0,8.143378181557637e-06,0.0,DQN_RND,0.001,0.99,mountaincar,dense
7,7586,-200.0,200,5.781146049499512,-1.0,6.247114470170345e-06,0.0,DQN_RND,0.001,0.99,mountaincar,dense
7,7587,-200.0,200,8.778249740600586,-1.0,2.439191575831501e-06,0.0,DQN_RND,0.001,0.99,mountaincar,dense
7,7588,-200.0,200,14.287273406982422,-1.0,1.0484907306818059e-06,0.0,DQN_RND,0.001,0.99,mountaincar,dense
7,7589,-200.0,200,25.619792938232422,-1.0,3.633576488937251e-05,0.0,DQN_RND,0.001,0.99,mountaincar,dense
7,7590,-200.0,200,13.910219192504883,-1.0,1.702526560620754e-06,0.0,DQN_RND,0.001,0.99,mountaincar,dense
7,7591,-200.0,200,16.488422393798828,-1.0,5.6276883697137237e-05,0.0,DQN_RND,0.001,0.99,mountaincar,dense
7,7592,-200.0,200,16.752689361572266,-1.0,5.220803359407e-05,0.0,DQN_RND,0.001,0.99,mountaincar,dense
7,7593,-200.0,200,22.821043014526367,-1.0,2.9746749987680232e-06,0.0,DQN_RND,0.001,0.99,mountaincar,dense
7,7594,-200.0,200,5.715611457824707,-1.0,2.6063979021273553e-05,0.0,DQN_RND,0.001,0.99,mountaincar,dense
7,7595,-200.0,200,11.031134605407715,-1.0,5.571676229010336e-05,0.0,DQN_RND,0.001,0.99,mountaincar,dense
7,7596,-200.0,200,5.8084540367126465,-1.0,5.6035099987639114e-05,0.0,DQN_RND,0.001,0.99,mountaincar,dense
7,7597,-200.0,200,22.37752914428711,-1.0,2.3403058548865374e-06,0.0,DQN_RND,0.001,0.99,mountaincar,dense
7,7598,-200.0,200,22.742124557495117,-1.0,3.3061842259485275e-05,0.0,DQN_RND,0.001,0.99,mountaincar,dense
7,7599,-200.0,200,22.214107513427734,-1.0,5.775331374024972e-06,0.0,DQN_RND,0.001,0.99,mountaincar,dense
7,7600,-200.0,200,27.387800216674805,-1.0,9.987619705498219e-06,0.0,DQN_RND,0.001,0.99,mountaincar,dense
7,7601,-200.0,200,8.176019668579102,-1.0,6.425417268474121e-06,0.0,DQN_RND,0.001,0.99,mountaincar,dense
7,7602,-200.0,200,13.734041213989258,-1.0,2.106167266902048e-05,0.0,DQN_RND,0.001,0.99,mountaincar,dense
7,7603,-200.0,200,19.10140037536621,-1.0,2.5227851438103244e-05,0.0,DQN_RND,0.001,0.99,mountaincar,dense
7,7604,-200.0,200,19.212770462036133,-1.0,4.5505377784138545e-05,0.0,DQN_RND,0.001,0.99,mountaincar,dense
7,7605,-200.0,200,5.185544490814209,-1.0,6.749808380845934e-05,0.0,DQN_RND,0.001,0.99,mountaincar,dense
7,7606,-200.0,200,14.137775421142578,-1.0,5.9795584093080834e-05,0.0,DQN_RND,0.001,0.99,mountaincar,dense
7,7607,-200.0,200,19.70879364013672,-1.0,4.358142177807167e-05,0.0,DQN_RND,0.001,0.99,mountaincar,dense
7,7608,-200.0,200,25.356260299682617,-1.0,7.653931675122294e-07,0.0,DQN_RND,0.001,0.99,mountaincar,dense
7,7609,-200.0,200,16.913515090942383,-1.0,2.830980747603462e-06,0.0,DQN_RND,0.001,0.99,mountaincar,dense
7,7610,-200.0,200,8.565252304077148,-1.0,4.644154978450388e-05,0.0,DQN_RND,0.001,0.99,mountaincar,dense
7,7611,-200.0,200,19.773223876953125,-1.0,5.243170107860351e-06,0.0,DQN_RND,0.001,0.99,mountaincar,dense
7,7612,-200.0,200,8.367037773132324,-1.0,4.359187641966855e-06,0.0,DQN_RND,0.001,0.99,mountaincar,dense
7,7613,-200.0,200,16.917678833007812,-1.0,2.090753469019546e-06,0.0,DQN_RND,0.001,0.99,mountaincar,dense
7,7614,-200.0,200,8.58209228515625,-1.0,3.753464625333436e-05,0.0,DQN_RND,0.001,0.99,mountaincar,dense
7,7615,-200.0,200,5.890965461730957,-1.0,3.21165680361446e-05,0.0,DQN_RND,0.001,0.99,mountaincar,dense
7,7616,-200.0,200,14.312617301940918,-1.0,1.1327348147460725e-05,0.0,DQN_RND,0.001,0.99,mountaincar,dense
7,7617,-200.0,200,5.688701629638672,-1.0,4.4619351683650166e-05,0.0,DQN_RND,0.001,0.99,mountaincar,dense
7,7618,-200.0,200,11.94873332977295,-1.0,3.402008587727323e-05,0.0,DQN_RND,0.001,0.99,mountaincar,dense
7,7619,-200.0,200,8.994720458984375,-1.0,6.200324423843995e-05,0.0,DQN_RND,0.001,0.99,mountaincar,dense
7,7620,-200.0,200,14.800040245056152,-1.0,9.106080938181549e-07,0.0,DQN_RND,0.001,0.99,mountaincar,dense
7,7621,-200.0,200,17.462671279907227,-1.0,2.5525108867441304e-05,0.0,DQN_RND,0.001,0.99,mountaincar,dense
7,7622,-200.0,200,23.993200302124023,-1.0,5.3707499318988994e-05,0.0,DQN_RND,0.001,0.99,mountaincar,dense
7,7623,-200.0,200,14.75423812866211,-1.0,5.3294988902052864e-05,0.0,DQN_RND,0.001,0.99,mountaincar,dense
7,7624,-200.0,200,15.013894081115723,-1.0,4.5600785369970254e-07,0.0,DQN_RND,0.001,0.99,mountaincar,dense
7,7625,-200.0,200,11.262885093688965,-1.0,2.7564297852222808e-05,0.0,DQN_RND,0.001,0.99,mountaincar,dense
7,7626,-200.0,200,15.140926361083984,-1.0,3.857335832435638e-05,0.0,DQN_RND,0.001,0.99,mountaincar,dense
7,7627,-200.0,200,8.716541290283203,-1.0,5.984774361422751e-06,0.0,DQN_RND,0.001,0.99,mountaincar,dense
7,7628,-200.0,200,26.374420166015625,-1.0,5.234376294538379e-05,0.0,DQN_RND,0.001,0.99,mountaincar,dense
7,7629,-200.0,200,2.655784845352173,-1.0,4.25942880610819e-06,0.0,DQN_RND,0.001,0.99,mountaincar,dense
7,7630,-200.0,200,16.97258949279785,-1.0,3.3986943890340626e-05,0.0,DQN_RND,0.001,0.99,mountaincar,dense
7,7631,-200.0,200,17.606233596801758,-1.0,3.863114397972822e-05,0.0,DQN_RND,0.001,0.99,mountaincar,dense
7,7632,-200.0,200,19.576108932495117,-1.0,9.879629033093806e-06,0.0,DQN_RND,0.001,0.99,mountaincar,dense
7,7633,-200.0,200,17.629920959472656,-1.0,4.820933463633992e-05,0.0,DQN_RND,0.001,0.99,mountaincar,dense
7,7634,-200.0,200,14.847350120544434,-1.0,1.0868710887734778e-05,0.0,DQN_RND,0.001,0.99,mountaincar,dense
7,7635,-200.0,200,17.880695343017578,-1.0,7.575750350952148e-05,0.0,DQN_RND,0.001,0.99,mountaincar,dense
7,7636,-200.0,200,11.55682373046875,-1.0,8.256469072875916e-07,0.0,DQN_RND,0.001,0.99,mountaincar,dense
7,7637,-200.0,200,11.635539054870605,-1.0,3.9341298361250665e-06,0.0,DQN_RND,0.001,0.99,mountaincar,dense
7,7638,-200.0,200,23.246736526489258,-1.0,2.445677409923519e-06,0.0,DQN_RND,0.001,0.99,mountaincar,dense
7,7639,-200.0,200,16.93419647216797,-1.0,2.6206016627838835e-05,0.0,DQN_RND,0.001,0.99,mountaincar,dense
7,7640,-200.0,200,14.65599250793457,-1.0,6.15296767136897e-06,0.0,DQN_RND,0.001,0.99,mountaincar,dense
7,7641,-200.0,200,0.032688237726688385,-1.0,1.6745456150601967e-06,0.0,DQN_RND,0.001,0.99,mountaincar,dense
7,7642,-200.0,200,14.97156047821045,-1.0,3.166043825331144e-06,0.0,DQN_RND,0.001,0.99,mountaincar,dense
7,7643,-200.0,200,20.94530487060547,-1.0,5.6580527598271146e-05,0.0,DQN_RND,0.001,0.99,mountaincar,dense
7,7644,-200.0,200,17.40148162841797,-1.0,4.2254276195308194e-05,0.0,DQN_RND,0.001,0.99,mountaincar,dense
7,7645,-200.0,200,5.892415523529053,-1.0,2.3205449906527065e-05,0.0,DQN_RND,0.001,0.99,mountaincar,dense
7,7646,-200.0,200,17.966903686523438,-1.0,5.982526272418909e-05,0.0,DQN_RND,0.001,0.99,mountaincar,dense
7,7647,-200.0,200,23.898967742919922,-1.0,4.547006756183691e-05,0.0,DQN_RND,0.001,0.99,mountaincar,dense
7,7648,-200.0,200,15.534078598022461,-1.0,4.074564276379533e-05,0.0,DQN_RND,0.001,0.99,mountaincar,dense
7,7649,-200.0,200,17.957448959350586,-1.0,8.15826715552248e-05,0.0,DQN_RND,0.001,0.99,mountaincar,dense
7,7650,-200.0,200,12.353630065917969,-1.0,5.724276343244128e-05,0.0,DQN_RND,0.001,0.99,mountaincar,dense
7,7651,-200.0,200,12.484543800354004,-1.0,6.53141614748165e-05,0.0,DQN_RND,0.001,0.99,mountaincar,dense
7,7652,-200.0,200,21.74971580505371,-1.0,4.336720667197369e-05,0.0,DQN_RND,0.001,0.99,mountaincar,dense
7,7653,-200.0,200,6.214090347290039,-1.0,6.780297553632408e-05,0.0,DQN_RND,0.001,0.99,mountaincar,dense
7,7654,-200.0,200,18.597036361694336,-1.0,1.0808942079165718e-06,0.0,DQN_RND,0.001,0.99,mountaincar,dense
7,7655,-200.0,200,18.13970375061035,-1.0,3.746013680938631e-05,0.0,DQN_RND,0.001,0.99,mountaincar,dense
7,7656,-200.0,200,18.956819534301758,-1.0,5.046264845987025e-07,0.0,DQN_RND,0.001,0.99,mountaincar,dense
7,7657,-200.0,200,18.88855743408203,-1.0,4.847870150115341e-05,0.0,DQN_RND,0.001,0.99,mountaincar,dense
7,7658,-200.0,200,21.9643497467041,-1.0,6.348469469230622e-05,0.0,DQN_RND,0.001,0.99,mountaincar,dense
7,7659,-200.0,200,22.041662216186523,-1.0,6.367981404764578e-05,0.0,DQN_RND,0.001,0.99,mountaincar,dense
7,7660,-200.0,200,15.535293579101562,-1.0,5.311321729095653e-07,0.0,DQN_RND,0.001,0.99,mountaincar,dense
7,7661,-200.0,200,17.729402542114258,-1.0,5.5947184591786936e-05,0.0,DQN_RND,0.001,0.99,mountaincar,dense
7,7662,-200.0,200,17.13702964782715,-1.0,6.751869659638032e-05,0.0,DQN_RND,0.001,0.99,mountaincar,dense
7,7663,-200.0,200,18.41965103149414,-1.0,6.958882295293733e-05,0.0,DQN_RND,0.001,0.99,mountaincar,dense
7,7664,-200.0,200,3.1740124225616455,-1.0,5.175110345589928e-05,0.0,DQN_RND,0.001,0.99,mountaincar,dense
7,7665,-200.0,200,11.420599937438965,-1.0,3.8553847844013944e-05,0.0,DQN_RND,0.001,0.99,mountaincar,dense
7,7666,-200.0,200,6.170607566833496,-1.0,3.8017347833374515e-05,0.0,DQN_RND,0.001,0.99,mountaincar,dense
7,7667,-200.0,200,18.10883140563965,-1.0,4.395375071908347e-05,0.0,DQN_RND,0.001,0.99,mountaincar,dense
7,7668,-200.0,200,20.60189437866211,-1.0,4.970973532181233e-05,0.0,DQN_RND,0.001,0.99,mountaincar,dense
7,7669,-200.0,200,23.918384552001953,-1.0,4.230161721352488e-06,0.0,DQN_RND,0.001,0.99,mountaincar,dense
7,7670,-200.0,200,20.927881240844727,-1.0,4.8282880015904084e-05,0.0,DQN_RND,0.001,0.99,mountaincar,dense
7,7671,-200.0,200,6.0002241134643555,-1.0,9.124643838731572e-06,0.0,DQN_RND,0.001,0.99,mountaincar,dense
7,7672,-200.0,200,14.84691047668457,-1.0,2.025248704740079e-06,0.0,DQN_RND,0.001,0.99,mountaincar,dense
7,7673,-200.0,200,3.1988608837127686,-1.0,1.3019042626183364e-06,0.0,DQN_RND,0.001,0.99,mountaincar,dense
7,7674,-200.0,200,2.9190919399261475,-1.0,1.513808729214361e-05,0.0,DQN_RND,0.001,0.99,mountaincar,dense
7,7675,-200.0,200,10.990145683288574,-1.0,8.949797347668209e-07,0.0,DQN_RND,0.001,0.99,mountaincar,dense
7,7676,-200.0,200,14.733406066894531,-1.0,3.312688204459846e-05,0.0,DQN_RND,0.001,0.99,mountaincar,dense
7,7677,-200.0,200,6.2049970626831055,-1.0,3.550120891304687e-05,0.0,DQN_RND,0.001,0.99,mountaincar,dense
7,7678,-200.0,200,26.529443740844727,-1.0,5.2260118536651134e-05,0.0,DQN_RND,0.001,0.99,mountaincar,dense
7,7679,-200.0,200,18.451065063476562,-1.0,2.9075867132632993e-05,0.0,DQN_RND,0.001,0.99,mountaincar,dense
7,7680,-200.0,200,30.906572341918945,-1.0,2.4402629605901893e-06,0.0,DQN_RND,0.001,0.99,mountaincar,dense
7,7681,-200.0,200,15.087876319885254,-1.0,9.994244464905933e-06,0.0,DQN_RND,0.001,0.99,mountaincar,dense
7,7682,-200.0,200,17.41609764099121,-1.0,4.621014397798717e-07,0.0,DQN_RND,0.001,0.99,mountaincar,dense
7,7683,-200.0,200,17.372243881225586,-1.0,3.5898435726267053e-06,0.0,DQN_RND,0.001,0.99,mountaincar,dense
7,7684,-200.0,200,17.750564575195312,-1.0,1.7391298570146319e-06,0.0,DQN_RND,0.001,0.99,mountaincar,dense
7,7685,-200.0,200,9.250988960266113,-1.0,3.161541826557368e-05,0.0,DQN_RND,0.001,0.99,mountaincar,dense
7,7686,-200.0,200,31.791170120239258,-1.0,1.8862282331610913e-06,0.0,DQN_RND,0.001,0.99,mountaincar,dense
7,7687,-200.0,200,15.530162811279297,-1.0,4.077646735822782e-05,0.0,DQN_RND,0.001,0.99,mountaincar,dense
7,7688,-200.0,200,12.395665168762207,-1.0,4.101311333215563e-06,0.0,DQN_RND,0.001,0.99,mountaincar,dense
7,7689,-200.0,200,11.795045852661133,-1.0,4.610137330018915e-05,0.0,DQN_RND,0.001,0.99,mountaincar,dense
7,7690,-200.0,200,26.763187408447266,-1.0,8.570322052037227e-07,0.0,DQN_RND,0.001,0.99,mountaincar,dense
7,7691,-200.0,200,12.382434844970703,-1.0,2.6995625376002863e-05,0.0,DQN_RND,0.001,0.99,mountaincar,dense
7,7692,-200.0,200,9.561270713806152,-1.0,5.5735807109158486e-05,0.0,DQN_RND,0.001,0.99,mountaincar,dense
7,7693,-200.0,200,15.506294250488281,-1.0,4.678335244534537e-05,0.0,DQN_RND,0.001,0.99,mountaincar,dense
7,7694,-200.0,200,9.650653839111328,-1.0,1.3453678548103198e-05,0.0,DQN_RND,0.001,0.99,mountaincar,dense
7,7695,-200.0,200,15.725656509399414,-1.0,8.890477147360798e-06,0.0,DQN_RND,0.001,0.99,mountaincar,dense
7,7696,-200.0,200,9.781169891357422,-1.0,3.042732350877486e-05,0.0,DQN_RND,0.001,0.99,mountaincar,dense
7,7697,-200.0,200,8.712947845458984,-1.0,9.599930308468174e-07,0.0,DQN_RND,0.001,0.99,mountaincar,dense
7,7698,-200.0,200,12.297443389892578,-1.0,2.5515075321891345e-05,0.0,DQN_RND,0.001,0.99,mountaincar,dense
7,7699,-200.0,200,15.838788986206055,-1.0,2.6471125238458626e-05,0.0,DQN_RND,0.001,0.99,mountaincar,dense
7,7700,-200.0,200,6.490079402923584,-1.0,2.669376499397913e-06,0.0,DQN_RND,0.001,0.99,mountaincar,dense
7,7701,-200.0,200,18.546079635620117,-1.0,3.882607018113049e-07,0.0,DQN_RND,0.001,0.99,mountaincar,dense
7,7702,-200.0,200,18.257047653198242,-1.0,2.771897015918512e-06,0.0,DQN_RND,0.001,0.99,mountaincar,dense
7,7703,-200.0,200,15.541510581970215,-1.0,2.374267569393851e-05,0.0,DQN_RND,0.001,0.99,mountaincar,dense
7,7704,-200.0,200,18.8056640625,-1.0,4.314900365898211e-07,0.0,DQN_RND,0.001,0.99,mountaincar,dense
7,7705,-200.0,200,9.02839183807373,-1.0,3.361220660735853e-05,0.0,DQN_RND,0.001,0.99,mountaincar,dense
7,7706,-200.0,200,12.554168701171875,-1.0,4.842064663534984e-05,0.0,DQN_RND,0.001,0.99,mountaincar,dense
7,7707,-200.0,200,12.421512603759766,-1.0,4.0828672354109585e-05,0.0,DQN_RND,0.001,0.99,mountaincar,dense
7,7708,-200.0,200,12.158180236816406,-1.0,2.957312790385913e-05,0.0,DQN_RND,0.001,0.99,mountaincar,dense
7,7709,-200.0,200,6.476372718811035,-1.0,7.601430752401939e-06,0.0,DQN_RND,0.001,0.99,mountaincar,dense
7,7710,-200.0,200,14.739707946777344,-1.0,3.852367171930382e-06,0.0,DQN_RND,0.001,0.99,mountaincar,dense
7,7711,-200.0,200,14.888938903808594,-1.0,3.609137638704851e-05,0.0,DQN_RND,0.001,0.99,mountaincar,dense
7,7712,-200.0,200,26.341289520263672,-1.0,2.8095912057324313e-05,0.0,DQN_RND,0.001,0.99,mountaincar,dense
7,7713,-200.0,200,15.996423721313477,-1.0,2.593177487142384e-05,0.0,DQN_RND,0.001,0.99,mountaincar,dense
7,7714,-200.0,200,12.028428077697754,-1.0,8.470393026982492e-07,0.0,DQN_RND,0.001,0.99,mountaincar,dense
7,7715,-200.0,200,15.53026294708252,-1.0,3.633908272604458e-05,0.0,DQN_RND,0.001,0.99,mountaincar,dense
7,7716,-200.0,200,12.34341049194336,-1.0,8.365112080355175e-06,0.0,DQN_RND,0.001,0.99,mountaincar,dense
7,7717,-200.0,200,15.568077087402344,-1.0,1.400618475599913e-05,0.0,DQN_RND,0.001,0.99,mountaincar,dense
7,7718,-200.0,200,11.069720268249512,-1.0,3.193301017745398e-05,0.0,DQN_RND,0.001,0.99,mountaincar,dense
7,7719,-200.0,200,18.388635635375977,-1.0,5.078251342638396e-05,0.0,DQN_RND,0.001,0.99,mountaincar,dense
7,7720,-200.0,200,20.57003402709961,-1.0,2.4232763280451763e-06,0.0,DQN_RND,0.001,0.99,mountaincar,dense
7,7721,-200.0,200,18.984228134155273,-1.0,8.194414817808138e-07,0.0,DQN_RND,0.001,0.99,mountaincar,dense
7,7722,-200.0,200,9.134546279907227,-1.0,1.8184106011176482e-05,0.0,DQN_RND,0.001,0.99,mountaincar,dense
7,7723,-200.0,200,9.28654956817627,-1.0,2.1279629436321557e-06,0.0,DQN_RND,0.001,0.99,mountaincar,dense
7,7724,-200.0,200,15.585005760192871,-1.0,5.849955778103322e-05,0.0,DQN_RND,0.001,0.99,mountaincar,dense
7,7725,-200.0,200,21.188173294067383,-1.0,4.5986100303707644e-05,0.0,DQN_RND,0.001,0.99,mountaincar,dense
7,7726,-200.0,200,9.686063766479492,-1.0,1.3684341411135392e-06,0.0,DQN_RND,0.001,0.99,mountaincar,dense
7,7727,-200.0,200,21.825237274169922,-1.0,8.392878953600302e-05,0.0,DQN_RND,0.001,0.99,mountaincar,dense
7,7728,-200.0,200,26.954727172851562,-1.0,5.478634648170555e-07,0.0,DQN_RND,0.001,0.99,mountaincar,dense
7,7729,-200.0,200,15.756168365478516,-1.0,2.5603054382372648e-05,0.0,DQN_RND,0.001,0.99,mountaincar,dense
7,7730,-200.0,200,9.638422966003418,-1.0,0.00010626301082083955,0.0,DQN_RND,0.001,0.99,mountaincar,dense
7,7731,-200.0,200,18.654518127441406,-1.0,2.5530829589115456e-05,0.0,DQN_RND,0.001,0.99,mountaincar,dense
7,7732,-200.0,200,12.852625846862793,-1.0,1.4472025213763118e-05,0.0,DQN_RND,0.001,0.99,mountaincar,dense
7,7733,-200.0,200,18.45436668395996,-1.0,4.724751124740578e-05,0.0,DQN_RND,0.001,0.99,mountaincar,dense
7,7734,-200.0,200,33.86643981933594,-1.0,2.5457795345573686e-05,0.0,DQN_RND,0.001,0.99,mountaincar,dense
7,7735,-200.0,200,9.816526412963867,-1.0,4.833674756810069e-05,0.0,DQN_RND,0.001,0.99,mountaincar,dense
7,7736,-200.0,200,6.1262431144714355,-1.0,0.00010916764585999772,0.0,DQN_RND,0.001,0.99,mountaincar,dense
7,7737,-200.0,200,12.51770305633545,-1.0,2.7304542527417652e-05,0.0,DQN_RND,0.001,0.99,mountaincar,dense
7,7738,-200.0,200,24.527326583862305,-1.0,4.569243174046278e-05,0.0,DQN_RND,0.001,0.99,mountaincar,dense
7,7739,-200.0,200,18.956222534179688,-1.0,6.120077887317166e-05,0.0,DQN_RND,0.001,0.99,mountaincar,dense
7,7740,-200.0,200,16.04356575012207,-1.0,3.9507234760094434e-05,0.0,DQN_RND,0.001,0.99,mountaincar,dense
7,7741,-200.0,200,12.617288589477539,-1.0,5.45774310012348e-05,0.0,DQN_RND,0.001,0.99,mountaincar,dense
7,7742,-200.0,200,19.330881118774414,-1.0,3.568237298168242e-05,0.0,DQN_RND,0.001,0.99,mountaincar,dense
7,7743,-200.0,200,12.992538452148438,-1.0,8.2966304034926e-05,0.0,DQN_RND,0.001,0.99,mountaincar,dense
7,7744,-200.0,200,9.587528228759766,-1.0,6.751607725163922e-05,0.0,DQN_RND,0.001,0.99,mountaincar,dense
7,7745,-200.0,200,12.466973304748535,-1.0,3.8769740058341995e-05,0.0,DQN_RND,0.001,0.99,mountaincar,dense
7,7746,-200.0,200,3.331333637237549,-1.0,8.292853453895077e-05,0.0,DQN_RND,0.001,0.99,mountaincar,dense
7,7747,-200.0,200,12.520915985107422,-1.0,1.8578200979391113e-05,0.0,DQN_RND,0.001,0.99,mountaincar,dense
7,7748,-200.0,200,15.777931213378906,-1.0,6.564849286405661e-07,0.0,DQN_RND,0.001,0.99,mountaincar,dense
7,7749,-200.0,200,19.377899169921875,-1.0,1.242932057721191e-06,0.0,DQN_RND,0.001,0.99,mountaincar,dense
7,7750,-200.0,200,22.167911529541016,-1.0,4.650649998438894e-07,0.0,DQN_RND,0.001,0.99,mountaincar,dense
7,7751,-200.0,200,9.259923934936523,-1.0,5.6808657973306254e-05,0.0,DQN_RND,0.001,0.99,mountaincar,dense
7,7752,-200.0,200,6.0662713050842285,-1.0,1.5053758488647873e-06,0.0,DQN_RND,0.001,0.99,mountaincar,dense
7,7753,-200.0,200,18.405332565307617,-1.0,5.174120815354399e-06,0.0,DQN_RND,0.001,0.99,mountaincar,dense
7,7754,-200.0,200,16.267724990844727,-1.0,2.5777691917028278e-05,0.0,DQN_RND,0.001,0.99,mountaincar,dense
7,7755,-200.0,200,22.99480628967285,-1.0,3.0148162295517977e-06,0.0,DQN_RND,0.001,0.99,mountaincar,dense
7,7756,-200.0,200,12.716327667236328,-1.0,6.37049597571604e-05,0.0,DQN_RND,0.001,0.99,mountaincar,dense
7,7757,-200.0,200,21.371814727783203,-1.0,9.429033525520936e-05,0.0,DQN_RND,0.001,0.99,mountaincar,dense
7,7758,-200.0,200,22.067453384399414,-1.0,5.30437973793596e-05,0.0,DQN_RND,0.001,0.99,mountaincar,dense
7,7759,-200.0,200,20.632492065429688,-1.0,9.239642531611025e-05,0.0,DQN_RND,0.001,0.99,mountaincar,dense
7,7760,-200.0,200,6.193949222564697,-1.0,4.931925445816887e-07,0.0,DQN_RND,0.001,0.99,mountaincar,dense
7,7761,-200.0,200,12.32287883758545,-1.0,9.313250757259084e-07,0.0,DQN_RND,0.001,0.99,mountaincar,dense
7,7762,-200.0,200,18.084190368652344,-1.0,2.571382538008038e-05,0.0,DQN_RND,0.001,0.99,mountaincar,dense
7,7763,-200.0,200,19.27783966064453,-1.0,4.6176424802979454e-05,0.0,DQN_RND,0.001,0.99,mountaincar,dense
7,7764,-200.0,200,22.02766990661621,-1.0,6.551240221597254e-05,0.0,DQN_RND,0.001,0.99,mountaincar,dense
7,7765,-200.0,200,18.08980369567871,-1.0,7.490142888855189e-05,0.0,DQN_RND,0.001,0.99,mountaincar,dense
7,7766,-200.0,200,29.865854263305664,-1.0,2.7276302716927603e-05,0.0,DQN_RND,0.001,0.99,mountaincar,dense
7,7767,-200.0,200,16.248321533203125,-1.0,3.628116610343568e-05,0.0,DQN_RND,0.001,0.99,mountaincar,dense
7,7768,-200.0,200,24.847957611083984,-1.0,5.517861154658021e-07,0.0,DQN_RND,0.001,0.99,mountaincar,dense
7,7769,-200.0,200,6.671734809875488,-1.0,6.027184645063244e-05,0.0,DQN_RND,0.001,0.99,mountaincar,dense
7,7770,-200.0,200,19.302305221557617,-1.0,4.703433296526782e-05,0.0,DQN_RND,0.001,0.99,mountaincar,dense
7,7771,-200.0,200,9.831059455871582,-1.0,3.866589963763545e-07,0.0,DQN_RND,0.001,0.99,mountaincar,dense
7,7772,-200.0,200,16.24462127685547,-1.0,4.2318031773902476e-05,0.0,DQN_RND,0.001,0.99,mountaincar,dense
7,7773,-200.0,200,18.68035125732422,-1.0,5.896676520933397e-05,0.0,DQN_RND,0.001,0.99,mountaincar,dense
7,7774,-200.0,200,6.665947437286377,-1.0,7.544490472355392e-07,0.0,DQN_RND,0.001,0.99,mountaincar,dense
7,7775,-200.0,200,3.259544610977173,-1.0,4.706257823272608e-05,0.0,DQN_RND,0.001,0.99,mountaincar,dense
7,7776,-200.0,200,28.301054000854492,-1.0,2.1000341803301126e-06,0.0,DQN_RND,0.001,0.99,mountaincar,dense
7,7777,-200.0,200,15.823166847229004,-1.0,5.2052331739105284e-05,0.0,DQN_RND,0.001,0.99,mountaincar,dense
7,7778,-200.0,200,6.000214099884033,-1.0,5.343944394553546e-06,0.0,DQN_RND,0.001,0.99,mountaincar,dense
7,7779,-200.0,200,37.116851806640625,-1.0,7.067760179779725e-06,0.0,DQN_RND,0.001,0.99,mountaincar,dense
7,7780,-200.0,200,15.962890625,-1.0,3.618598202592693e-05,0.0,DQN_RND,0.001,0.99,mountaincar,dense
7,7781,-200.0,200,12.706870079040527,-1.0,9.072967259271536e-06,0.0,DQN_RND,0.001,0.99,mountaincar,dense
7,7782,-200.0,200,35.557247161865234,-1.0,2.8117026886320673e-05,0.0,DQN_RND,0.001,0.99,mountaincar,dense
7,7783,-200.0,200,16.596160888671875,-1.0,6.545247015310451e-05,0.0,DQN_RND,0.001,0.99,mountaincar,dense
7,7784,-200.0,200,16.430452346801758,-1.0,4.3577134078987e-07,0.0,DQN_RND,0.001,0.99,mountaincar,dense
7,7785,-200.0,200,22.859540939331055,-1.0,8.711736541044957e-07,0.0,DQN_RND,0.001,0.99,mountaincar,dense
7,7786,-200.0,200,9.734648704528809,-1.0,0.00010129606380360201,0.0,DQN_RND,0.001,0.99,mountaincar,dense
7,7787,-200.0,200,15.733771324157715,-1.0,4.584186171996407e-05,0.0,DQN_RND,0.001,0.99,mountaincar,dense
7,7788,-200.0,200,26.360031127929688,-1.0,6.575483712367713e-05,0.0,DQN_RND,0.001,0.99,mountaincar,dense
7,7789,-200.0,200,18.639028549194336,-1.0,6.77615316817537e-05,0.0,DQN_RND,0.001,0.99,mountaincar,dense
7,7790,-200.0,200,6.344074726104736,-1.0,6.498849688796327e-05,0.0,DQN_RND,0.001,0.99,mountaincar,dense
7,7791,-200.0,200,13.073512077331543,-1.0,4.705471656052396e-05,0.0,DQN_RND,0.001,0.99,mountaincar,dense
7,7792,-200.0,200,3.3295116424560547,-1.0,4.866569724981673e-05,0.0,DQN_RND,0.001,0.99,mountaincar,dense
7,7793,-200.0,200,9.480079650878906,-1.0,5.3832976846024394e-05,0.0,DQN_RND,0.001,0.99,mountaincar,dense
7,7794,-200.0,200,6.493396759033203,-1.0,5.3672169997298624e-06,0.0,DQN_RND,0.001,0.99,mountaincar,dense
7,7795,-200.0,200,31.580841064453125,-1.0,5.44172235095175e-06,0.0,DQN_RND,0.001,0.99,mountaincar,dense
7,7796,-200.0,200,16.334861755371094,-1.0,3.4383654565317556e-05,0.0,DQN_RND,0.001,0.99,mountaincar,dense
7,7797,-200.0,200,22.485599517822266,-1.0,4.0076080040307716e-05,0.0,DQN_RND,0.001,0.99,mountaincar,dense
7,7798,-200.0,200,16.486553192138672,-1.0,8.694052667124197e-06,0.0,DQN_RND,0.001,0.99,mountaincar,dense
7,7799,-200.0,200,10.092266082763672,-1.0,4.196534791844897e-05,0.0,DQN_RND,0.001,0.99,mountaincar,dense
7,7800,-200.0,200,12.624341011047363,-1.0,9.685329132480547e-05,0.0,DQN_RND,0.001,0.99,mountaincar,dense
7,7801,-200.0,200,16.613916397094727,-1.0,3.9009049942251295e-05,0.0,DQN_RND,0.001,0.99,mountaincar,dense
7,7802,-200.0,200,19.579374313354492,-1.0,5.98631777393166e-05,0.0,DQN_RND,0.001,0.99,mountaincar,dense
7,7803,-200.0,200,10.052453994750977,-1.0,4.470906424103305e-05,0.0,DQN_RND,0.001,0.99,mountaincar,dense
7,7804,-200.0,200,23.06656837463379,-1.0,4.661711136577651e-05,0.0,DQN_RND,0.001,0.99,mountaincar,dense
7,7805,-200.0,200,13.565267562866211,-1.0,4.220983555569546e-06,0.0,DQN_RND,0.001,0.99,mountaincar,dense
7,7806,-200.0,200,23.552635192871094,-1.0,5.524702282855287e-05,0.0,DQN_RND,0.001,0.99,mountaincar,dense
7,7807,-200.0,200,16.528032302856445,-1.0,1.3362160871110973e-06,0.0,DQN_RND,0.001,0.99,mountaincar,dense
7,7808,-200.0,200,13.38181209564209,-1.0,7.315706898225471e-05,0.0,DQN_RND,0.001,0.99,mountaincar,dense
7,7809,-200.0,200,24.02781105041504,-1.0,4.850486948271282e-05,0.0,DQN_RND,0.001,0.99,mountaincar,dense
7,7810,-200.0,200,6.844651699066162,-1.0,8.177377458196133e-05,0.0,DQN_RND,0.001,0.99,mountaincar,dense
7,7811,-200.0,200,10.448677062988281,-1.0,7.568795581391896e-07,0.0,DQN_RND,0.001,0.99,mountaincar,dense
7,7812,-200.0,200,20.340892791748047,-1.0,4.4232259824639186e-05,0.0,DQN_RND,0.001,0.99,mountaincar,dense
7,7813,-200.0,200,29.881628036499023,-1.0,3.798366742557846e-05,0.0,DQN_RND,0.001,0.99,mountaincar,dense
7,7814,-200.0,200,13.428364753723145,-1.0,4.402728154673241e-05,0.0,DQN_RND,0.001,0.99,mountaincar,dense
7,7815,-200.0,200,13.625776290893555,-1.0,1.3809595884595183e-06,0.0,DQN_RND,0.001,0.99,mountaincar,dense
7,7816,-200.0,200,19.960662841796875,-1.0,1.951994590854156e-06,0.0,DQN_RND,0.001,0.99,mountaincar,dense
7,7817,-200.0,200,13.042407989501953,-1.0,1.278750801247952e-06,0.0,DQN_RND,0.001,0.99,mountaincar,dense
7,7818,-200.0,200,20.07872200012207,-1.0,0.00010147740977117792,0.0,DQN_RND,0.001,0.99,mountaincar,dense
7,7819,-200.0,200,16.258329391479492,-1.0,8.163967140717432e-05,0.0,DQN_RND,0.001,0.99,mountaincar,dense
7,7820,-200.0,200,16.064897537231445,-1.0,4.328982322476804e-05,0.0,DQN_RND,0.001,0.99,mountaincar,dense
7,7821,-200.0,200,15.330801010131836,-1.0,6.03219450567849e-05,0.0,DQN_RND,0.001,0.99,mountaincar,dense
7,7822,-200.0,200,16.83316421508789,-1.0,4.596430153469555e-05,0.0,DQN_RND,0.001,0.99,mountaincar,dense
7,7823,-200.0,200,6.4468278884887695,-1.0,8.135131793096662e-06,0.0,DQN_RND,0.001,0.99,mountaincar,dense
7,7824,-200.0,200,13.008313179016113,-1.0,4.341841486166231e-05,0.0,DQN_RND,0.001,0.99,mountaincar,dense
7,7825,-200.0,200,19.66885757446289,-1.0,4.3173513404326513e-05,0.0,DQN_RND,0.001,0.99,mountaincar,dense
7,7826,-200.0,200,3.4075324535369873,-1.0,3.299336094642058e-05,0.0,DQN_RND,0.001,0.99,mountaincar,dense
7,7827,-200.0,200,16.47473907470703,-1.0,6.694601324852556e-05,0.0,DQN_RND,0.001,0.99,mountaincar,dense
7,7828,-200.0,200,16.761146545410156,-1.0,3.6188292142469436e-05,0.0,DQN_RND,0.001,0.99,mountaincar,dense
7,7829,-200.0,200,9.74647331237793,-1.0,3.895906047546305e-05,0.0,DQN_RND,0.001,0.99,mountaincar,dense
7,7830,-200.0,200,6.676661968231201,-1.0,1.862284193521191e-06,0.0,DQN_RND,0.001,0.99,mountaincar,dense
7,7831,-200.0,200,19.71001625061035,-1.0,4.6999492042232305e-05,0.0,DQN_RND,0.001,0.99,mountaincar,dense
7,7832,-200.0,200,19.506328582763672,-1.0,2.003361942115589e-06,0.0,DQN_RND,0.001,0.99,mountaincar,dense
7,7833,-200.0,200,19.50932502746582,-1.0,3.0850387702230364e-05,0.0,DQN_RND,0.001,0.99,mountaincar,dense
7,7834,-200.0,200,19.190391540527344,-1.0,4.273091326467693e-05,0.0,DQN_RND,0.001,0.99,mountaincar,dense
7,7835,-200.0,200,13.84465503692627,-1.0,1.2209009582875296e-05,0.0,DQN_RND,0.001,0.99,mountaincar,dense
7,7836,-200.0,200,16.89777374267578,-1.0,6.690253940178081e-05,0.0,DQN_RND,0.001,0.99,mountaincar,dense
7,7837,-200.0,200,6.732706546783447,-1.0,6.198611663421616e-05,0.0,DQN_RND,0.001,0.99,mountaincar,dense
7,7838,-200.0,200,39.6805305480957,-1.0,7.674487278563902e-05,0.0,DQN_RND,0.001,0.99,mountaincar,dense
7,7839,-200.0,200,20.737375259399414,-1.0,4.737018025480211e-05,0.0,DQN_RND,0.001,0.99,mountaincar,dense
7,7840,-200.0,200,6.608721733093262,-1.0,6.875860708532855e-05,0.0,DQN_RND,0.001,0.99,mountaincar,dense
7,7841,-200.0,200,6.1180267333984375,-1.0,2.580610725999577e-06,0.0,DQN_RND,0.001,0.99,mountaincar,dense
7,7842,-200.0,200,18.820240020751953,-1.0,4.3276244809931086e-07,0.0,DQN_RND,0.001,0.99,mountaincar,dense
7,7843,-200.0,200,9.652491569519043,-1.0,3.819439734797925e-05,0.0,DQN_RND,0.001,0.99,mountaincar,dense
7,7844,-200.0,200,2.919135808944702,-1.0,9.533881097922858e-07,0.0,DQN_RND,0.001,0.99,mountaincar,dense
7,7845,-200.0,200,6.542754173278809,-1.0,2.4910834326874465e-05,0.0,DQN_RND,0.001,0.99,mountaincar,dense
7,7846,-200.0,200,12.593849182128906,-1.0,5.3597555961459875e-05,0.0,DQN_RND,0.001,0.99,mountaincar,dense
7,7847,-200.0,200,15.681560516357422,-1.0,3.512100192892831e-06,0.0,DQN_RND,0.001,0.99,mountaincar,dense
7,7848,-200.0,200,16.09748077392578,-1.0,2.5135366740869358e-05,0.0,DQN_RND,0.001,0.99,mountaincar,dense
7,7849,-200.0,200,9.085369110107422,-1.0,2.280976332258433e-06,0.0,DQN_RND,0.001,0.99,mountaincar,dense
7,7850,-200.0,200,6.26572847366333,-1.0,3.2320658647222444e-05,0.0,DQN_RND,0.001,0.99,mountaincar,dense
7,7851,-200.0,200,19.390634536743164,-1.0,6.251848390093073e-07,0.0,DQN_RND,0.001,0.99,mountaincar,dense
7,7852,-200.0,200,18.89011001586914,-1.0,3.4681747251852357e-07,0.0,DQN_RND,0.001,0.99,mountaincar,dense
7,7853,-200.0,200,19.442304611206055,-1.0,2.8690947146969847e-05,0.0,DQN_RND,0.001,0.99,mountaincar,dense
7,7854,-200.0,200,16.31046485900879,-1.0,1.0914287486230023e-05,0.0,DQN_RND,0.001,0.99,mountaincar,dense
7,7855,-200.0,200,16.478267669677734,-1.0,2.6219138817396015e-05,0.0,DQN_RND,0.001,0.99,mountaincar,dense
7,7856,-200.0,200,12.784351348876953,-1.0,9.13857547857333e-06,0.0,DQN_RND,0.001,0.99,mountaincar,dense
7,7857,-200.0,200,25.709421157836914,-1.0,8.023913323995657e-06,0.0,DQN_RND,0.001,0.99,mountaincar,dense
7,7858,-200.0,200,13.092751502990723,-1.0,4.190440904494608e-06,0.0,DQN_RND,0.001,0.99,mountaincar,dense
7,7859,-200.0,200,22.305591583251953,-1.0,5.091978323434887e-07,0.0,DQN_RND,0.001,0.99,mountaincar,dense
7,7860,-200.0,200,9.754891395568848,-1.0,5.721665729652159e-05,0.0,DQN_RND,0.001,0.99,mountaincar,dense
7,7861,-200.0,200,20.2489070892334,-1.0,1.0818573628057493e-06,0.0,DQN_RND,0.001,0.99,mountaincar,dense
7,7862,-200.0,200,16.49034881591797,-1.0,4.695475865901244e-07,0.0,DQN_RND,0.001,0.99,mountaincar,dense
7,7863,-200.0,200,13.169856071472168,-1.0,3.5937193842983106e-06,0.0,DQN_RND,0.001,0.99,mountaincar,dense
7,7864,-200.0,200,3.4332239627838135,-1.0,3.8269240576482844e-07,0.0,DQN_RND,0.001,0.99,mountaincar,dense
7,7865,-200.0,200,13.12915325164795,-1.0,3.697807915159501e-05,0.0,DQN_RND,0.001,0.99,mountaincar,dense
7,7866,-200.0,200,13.053284645080566,-1.0,3.165737507515587e-05,0.0,DQN_RND,0.001,0.99,mountaincar,dense
7,7867,-200.0,200,39.61744689941406,-1.0,3.919638766092248e-05,0.0,DQN_RND,0.001,0.99,mountaincar,dense
7,7868,-200.0,200,23.4248104095459,-1.0,5.835551201016642e-05,0.0,DQN_RND,0.001,0.99,mountaincar,dense
7,7869,-200.0,200,20.148555755615234,-1.0,3.7244950590320514e-07,0.0,DQN_RND,0.001,0.99,mountaincar,dense
7,7870,-200.0,200,21.07557487487793,-1.0,3.6209155496180756e-06,0.0,DQN_RND,0.001,0.99,mountaincar,dense
7,7871,-200.0,200,13.76272201538086,-1.0,1.5230840517688193e-06,0.0,DQN_RND,0.001,0.99,mountaincar,dense
7,7872,-200.0,200,17.267574310302734,-1.0,6.141886115074158e-05,0.0,DQN_RND,0.001,0.99,mountaincar,dense
7,7873,-200.0,200,17.530426025390625,-1.0,3.1873747502686456e-05,0.0,DQN_RND,0.001,0.99,mountaincar,dense
7,7874,-200.0,200,13.546591758728027,-1.0,4.3949181417701766e-05,0.0,DQN_RND,0.001,0.99,mountaincar,dense
7,7875,-200.0,200,13.685591697692871,-1.0,4.994573100702837e-05,0.0,DQN_RND,0.001,0.99,mountaincar,dense
7,7876,-200.0,200,3.4485342502593994,-1.0,5.271840200293809e-05,0.0,DQN_RND,0.001,0.99,mountaincar,dense
7,7877,-200.0,200,6.6103997230529785,-1.0,4.436597737367265e-05,0.0,DQN_RND,0.001,0.99,mountaincar,dense
7,7878,-200.0,200,20.51747703552246,-1.0,5.839765799464658e-05,0.0,DQN_RND,0.001,0.99,mountaincar,dense
7,7879,-200.0,200,10.411714553833008,-1.0,4.969887959305197e-05,0.0,DQN_RND,0.001,0.99,mountaincar,dense
7,7880,-200.0,200,10.244911193847656,-1.0,7.341142918448895e-05,0.0,DQN_RND,0.001,0.99,mountaincar,dense
7,7881,-200.0,200,3.554663896560669,-1.0,3.910703298970475e-07,0.0,DQN_RND,0.001,0.99,mountaincar,dense
7,7882,-200.0,200,10.551141738891602,-1.0,2.2999124666966964e-06,0.0,DQN_RND,0.001,0.99,mountaincar,dense
7,7883,-200.0,200,17.140953063964844,-1.0,4.5481738197850063e-05,0.0,DQN_RND,0.001,0.99,mountaincar,dense
7,7884,-200.0,200,10.232927322387695,-1.0,9.95101872831583e-05,0.0,DQN_RND,0.001,0.99,mountaincar,dense
7,7885,-200.0,200,13.341087341308594,-1.0,3.3806607007136336e-06,0.0,DQN_RND,0.001,0.99,mountaincar,dense
7,7886,-200.0,200,16.9914493560791,-1.0,7.151199679356068e-05,0.0,DQN_RND,0.001,0.99,mountaincar,dense
7,7887,-200.0,200,20.757366180419922,-1.0,4.708470078185201e-05,0.0,DQN_RND,0.001,0.99,mountaincar,dense
7,7888,-200.0,200,17.35125732421875,-1.0,3.428155196161242e-06,0.0,DQN_RND,0.001,0.99,mountaincar,dense
7,7889,-200.0,200,10.43990421295166,-1.0,4.575358616420999e-05,0.0,DQN_RND,0.001,0.99,mountaincar,dense
7,7890,-200.0,200,13.113775253295898,-1.0,3.5220207337260945e-06,0.0,DQN_RND,0.001,0.99,mountaincar,dense
7,7891,-200.0,200,34.14140319824219,-1.0,2.5507877580821514e-05,0.0,DQN_RND,0.001,0.99,mountaincar,dense
7,7892,-200.0,200,17.02081298828125,-1.0,2.1165453745197738e-06,0.0,DQN_RND,0.001,0.99,mountaincar,dense
7,7893,-200.0,200,10.190974235534668,-1.0,7.792982614773791e-07,0.0,DQN_RND,0.001,0.99,mountaincar,dense
7,7894,-200.0,200,27.75517463684082,-1.0,2.6832925868802704e-05,0.0,DQN_RND,0.001,0.99,mountaincar,dense
7,7895,-200.0,200,24.520553588867188,-1.0,0.00011155087122460827,0.0,DQN_RND,0.001,0.99,mountaincar,dense
7,7896,-200.0,200,17.77861785888672,-1.0,2.878301529563032e-05,0.0,DQN_RND,0.001,0.99,mountaincar,dense
7,7897,-200.0,200,17.523656845092773,-1.0,5.860590317752212e-05,0.0,DQN_RND,0.001,0.99,mountaincar,dense
7,7898,-200.0,200,30.95645523071289,-1.0,4.945137334289029e-05,0.0,DQN_RND,0.001,0.99,mountaincar,dense
7,7899,-200.0,200,24.053512573242188,-1.0,6.703926919726655e-05,0.0,DQN_RND,0.001,0.99,mountaincar,dense
7,7900,-200.0,200,19.915889739990234,-1.0,9.225489634445694e-07,0.0,DQN_RND,0.001,0.99,mountaincar,dense
7,7901,-200.0,200,19.86954116821289,-1.0,3.265068517066538e-05,0.0,DQN_RND,0.001,0.99,mountaincar,dense
7,7902,-200.0,200,7.083186149597168,-1.0,1.580814227963856e-06,0.0,DQN_RND,0.001,0.99,mountaincar,dense
7,7903,-200.0,200,19.87776756286621,-1.0,2.492524617991876e-05,0.0,DQN_RND,0.001,0.99,mountaincar,dense
7,7904,-200.0,200,23.680784225463867,-1.0,3.0602393962908536e-05,0.0,DQN_RND,0.001,0.99,mountaincar,dense
7,7905,-200.0,200,16.82072639465332,-1.0,4.0773227283352753e-07,0.0,DQN_RND,0.001,0.99,mountaincar,dense
7,7906,-200.0,200,9.803689956665039,-1.0,1.2313811339481617e-06,0.0,DQN_RND,0.001,0.99,mountaincar,dense
7,7907,-200.0,200,32.9273796081543,-1.0,1.562705733704206e-06,0.0,DQN_RND,0.001,0.99,mountaincar,dense
7,7908,-200.0,200,16.92011833190918,-1.0,4.550211372134072e-07,0.0,DQN_RND,0.001,0.99,mountaincar,dense
7,7909,-200.0,200,19.82194709777832,-1.0,8.621418601251207e-07,0.0,DQN_RND,0.001,0.99,mountaincar,dense
7,7910,-200.0,200,2.8294711112976074,-1.0,3.435722192079993e-06,0.0,DQN_RND,0.001,0.99,mountaincar,dense
7,7911,-200.0,200,16.87717628479004,-1.0,6.123053026385605e-05,0.0,DQN_RND,0.001,0.99,mountaincar,dense
7,7912,-200.0,200,13.149147987365723,-1.0,1.1131309292977676e-05,0.0,DQN_RND,0.001,0.99,mountaincar,dense
7,7913,-200.0,200,15.965404510498047,-1.0,2.101698100887006e-06,0.0,DQN_RND,0.001,0.99,mountaincar,dense
7,7914,-200.0,200,12.871068954467773,-1.0,2.4129010398610262e-06,0.0,DQN_RND,0.001,0.99,mountaincar,dense
7,7915,-200.0,200,19.342193603515625,-1.0,2.9245924451970495e-05,0.0,DQN_RND,0.001,0.99,mountaincar,dense
7,7916,-200.0,200,16.433738708496094,-1.0,3.1756851512909634e-06,0.0,DQN_RND,0.001,0.99,mountaincar,dense
7,7917,-200.0,200,9.788962364196777,-1.0,4.413303940964397e-06,0.0,DQN_RND,0.001,0.99,mountaincar,dense
7,7918,-200.0,200,6.578980445861816,-1.0,6.557436336152023e-07,0.0,DQN_RND,0.001,0.99,mountaincar,dense
7,7919,-200.0,200,29.848360061645508,-1.0,8.148567758325953e-06,0.0,DQN_RND,0.001,0.99,mountaincar,dense
7,7920,-200.0,200,13.277294158935547,-1.0,2.196810419263784e-05,0.0,DQN_RND,0.001,0.99,mountaincar,dense
7,7921,-200.0,200,9.915966987609863,-1.0,3.382567683729576e-06,0.0,DQN_RND,0.001,0.99,mountaincar,dense
7,7922,-200.0,200,12.483715057373047,-1.0,2.002045675908448e-06,0.0,DQN_RND,0.001,0.99,mountaincar,dense
7,7923,-200.0,200,3.410390615463257,-1.0,2.538255648687482e-05,0.0,DQN_RND,0.001,0.99,mountaincar,dense
7,7924,-200.0,200,13.318997383117676,-1.0,5.32007845777116e-07,0.0,DQN_RND,0.001,0.99,mountaincar,dense
7,7925,-200.0,200,16.92340660095215,-1.0,2.001247412408702e-05,0.0,DQN_RND,0.001,0.99,mountaincar,dense
7,7926,-200.0,200,13.33749008178711,-1.0,4.4169792090542614e-06,0.0,DQN_RND,0.001,0.99,mountaincar,dense
7,7927,-200.0,200,20.047855377197266,-1.0,9.421210052096285e-07,0.0,DQN_RND,0.001,0.99,mountaincar,dense
7,7928,-200.0,200,16.822864532470703,-1.0,4.714401802630164e-05,0.0,DQN_RND,0.001,0.99,mountaincar,dense
7,7929,-200.0,200,26.48348045349121,-1.0,6.339197716442868e-05,0.0,DQN_RND,0.001,0.99,mountaincar,dense
7,7930,-200.0,200,13.436817169189453,-1.0,4.0979753066494595e-06,0.0,DQN_RND,0.001,0.99,mountaincar,dense
7,7931,-200.0,200,20.360424041748047,-1.0,7.521787779296574e-07,0.0,DQN_RND,0.001,0.99,mountaincar,dense
7,7932,-200.0,200,30.75804901123047,-1.0,3.4907538974948693e-06,0.0,DQN_RND,0.001,0.99,mountaincar,dense
7,7933,-200.0,200,23.373085021972656,-1.0,1.0837570698640775e-06,0.0,DQN_RND,0.001,0.99,mountaincar,dense
7,7934,-200.0,200,33.43456268310547,-1.0,7.927072829261306e-07,0.0,DQN_RND,0.001,0.99,mountaincar,dense
7,7935,-200.0,200,23.429540634155273,-1.0,3.670390651677735e-05,0.0,DQN_RND,0.001,0.99,mountaincar,dense
7,7936,-200.0,200,23.298076629638672,-1.0,3.208638372598216e-05,0.0,DQN_RND,0.001,0.99,mountaincar,dense
7,7937,-200.0,200,30.779218673706055,-1.0,4.600547981681302e-05,0.0,DQN_RND,0.001,0.99,mountaincar,dense
7,7938,-200.0,200,13.594552993774414,-1.0,4.5797289203619584e-05,0.0,DQN_RND,0.001,0.99,mountaincar,dense
7,7939,-200.0,200,23.339176177978516,-1.0,7.229454058688134e-05,0.0,DQN_RND,0.001,0.99,mountaincar,dense
7,7940,-200.0,200,3.5067970752716064,-1.0,5.404973308031913e-06,0.0,DQN_RND,0.001,0.99,mountaincar,dense
7,7941,-200.0,200,20.82969093322754,-1.0,9.383026190334931e-05,0.0,DQN_RND,0.001,0.99,mountaincar,dense
7,7942,-200.0,200,16.952451705932617,-1.0,5.6031181884463876e-05,0.0,DQN_RND,0.001,0.99,mountaincar,dense
7,7943,-200.0,200,19.46425437927246,-1.0,6.2363465076487046e-06,0.0,DQN_RND,0.001,0.99,mountaincar,dense
7,7944,-200.0,200,10.496044158935547,-1.0,2.8314725568634458e-05,0.0,DQN_RND,0.001,0.99,mountaincar,dense
7,7945,-200.0,200,10.241311073303223,-1.0,3.6238909615349257e-06,0.0,DQN_RND,0.001,0.99,mountaincar,dense
7,7946,-200.0,200,7.08675479888916,-1.0,2.6243156753480434e-05,0.0,DQN_RND,0.001,0.99,mountaincar,dense
7,7947,-200.0,200,14.06446647644043,-1.0,3.738034502021037e-05,0.0,DQN_RND,0.001,0.99,mountaincar,dense
7,7948,-200.0,200,13.94704818725586,-1.0,5.965053424006328e-05,0.0,DQN_RND,0.001,0.99,mountaincar,dense
7,7949,-200.0,200,30.813602447509766,-1.0,4.546437139651971e-06,0.0,DQN_RND,0.001,0.99,mountaincar,dense
7,7950,-200.0,200,6.936121940612793,-1.0,3.0902901926310733e-07,0.0,DQN_RND,0.001,0.99,mountaincar,dense
7,7951,-200.0,200,20.763872146606445,-1.0,2.757842594292015e-05,0.0,DQN_RND,0.001,0.99,mountaincar,dense
7,7952,-200.0,200,24.628398895263672,-1.0,3.111318073933944e-05,0.0,DQN_RND,0.001,0.99,mountaincar,dense
7,7953,-200.0,200,16.844236373901367,-1.0,5.195421977077785e-07,0.0,DQN_RND,0.001,0.99,mountaincar,dense
7,7954,-200.0,200,14.40500545501709,-1.0,5.082744678475137e-07,0.0,DQN_RND,0.001,0.99,mountaincar,dense
7,7955,-200.0,200,10.776171684265137,-1.0,3.443128662183881e-05,0.0,DQN_RND,0.001,0.99,mountaincar,dense
7,7956,-200.0,200,17.78331184387207,-1.0,2.970886043840437e-07,0.0,DQN_RND,0.001,0.99,mountaincar,dense
7,7957,-200.0,200,18.280569076538086,-1.0,8.043504067245522e-07,0.0,DQN_RND,0.001,0.99,mountaincar,dense
7,7958,-200.0,200,10.900348663330078,-1.0,9.034636150317965e-07,0.0,DQN_RND,0.001,0.99,mountaincar,dense
7,7959,-200.0,200,21.149202346801758,-1.0,4.857445674133487e-05,0.0,DQN_RND,0.001,0.99,mountaincar,dense
7,7960,-200.0,200,17.543222427368164,-1.0,5.5602367865503766e-06,0.0,DQN_RND,0.001,0.99,mountaincar,dense
7,7961,-200.0,200,30.81504249572754,-1.0,8.04210503702052e-05,0.0,DQN_RND,0.001,0.99,mountaincar,dense
7,7962,-200.0,200,17.284866333007812,-1.0,4.271719808457419e-05,0.0,DQN_RND,0.001,0.99,mountaincar,dense
7,7963,-200.0,200,13.796794891357422,-1.0,2.4507035050191917e-06,0.0,DQN_RND,0.001,0.99,mountaincar,dense
7,7964,-200.0,200,20.72222900390625,-1.0,3.6411329347174615e-05,0.0,DQN_RND,0.001,0.99,mountaincar,dense
7,7965,-200.0,200,21.049591064453125,-1.0,3.376846871105954e-05,0.0,DQN_RND,0.001,0.99,mountaincar,dense
7,7966,-200.0,200,41.63594436645508,-1.0,2.572950688772835e-05,0.0,DQN_RND,0.001,0.99,mountaincar,dense
7,7967,-200.0,200,3.6666483879089355,-1.0,3.369484318227478e-07,0.0,DQN_RND,0.001,0.99,mountaincar,dense
7,7968,-200.0,200,17.348249435424805,-1.0,3.3205269573954865e-06,0.0,DQN_RND,0.001,0.99,mountaincar,dense
7,7969,-200.0,200,32.32560729980469,-1.0,1.983750735234935e-06,0.0,DQN_RND,0.001,0.99,mountaincar,dense
7,7970,-200.0,200,11.111846923828125,-1.0,6.824888259870932e-05,0.0,DQN_RND,0.001,0.99,mountaincar,dense
7,7971,-200.0,200,11.461398124694824,-1.0,4.498194175539538e-05,0.0,DQN_RND,0.001,0.99,mountaincar,dense
7,7972,-200.0,200,21.59235191345215,-1.0,0.00011077286762883887,0.0,DQN_RND,0.001,0.99,mountaincar,dense
7,7973,-200.0,200,15.319696426391602,-1.0,4.1638068069005385e-05,0.0,DQN_RND,0.001,0.99,mountaincar,dense
7,7974,-200.0,200,11.555254936218262,-1.0,5.902615885133855e-05,0.0,DQN_RND,0.001,0.99,mountaincar,dense
7,7975,-200.0,200,25.758384704589844,-1.0,8.37690822663717e-05,0.0,DQN_RND,0.001,0.99,mountaincar,dense
7,7976,-200.0,200,14.474603652954102,-1.0,3.811984754520381e-07,0.0,DQN_RND,0.001,0.99,mountaincar,dense
7,7977,-200.0,200,21.64638900756836,-1.0,3.69861263607163e-05,0.0,DQN_RND,0.001,0.99,mountaincar,dense
7,7978,-200.0,200,7.442825794219971,-1.0,3.0703005904797465e-05,0.0,DQN_RND,0.001,0.99,mountaincar,dense
7,7979,-200.0,200,11.315022468566895,-1.0,3.2168238703889074e-06,0.0,DQN_RND,0.001,0.99,mountaincar,dense
7,7980,-200.0,200,14.188779830932617,-1.0,3.1440612247024546e-07,0.0,DQN_RND,0.001,0.99,mountaincar,dense
7,7981,-200.0,200,18.883934020996094,-1.0,2.5427845685044304e-05,0.0,DQN_RND,0.001,0.99,mountaincar,dense
7,7982,-200.0,200,22.94209098815918,-1.0,3.2603597333036305e-07,0.0,DQN_RND,0.001,0.99,mountaincar,dense
7,7983,-200.0,200,15.090461730957031,-1.0,5.235707249084953e-06,0.0,DQN_RND,0.001,0.99,mountaincar,dense
7,7984,-200.0,200,15.082554817199707,-1.0,2.5341028958791867e-05,0.0,DQN_RND,0.001,0.99,mountaincar,dense
7,7985,-200.0,200,36.548622131347656,-1.0,5.450870958156884e-06,0.0,DQN_RND,0.001,0.99,mountaincar,dense
7,7986,-200.0,200,17.96250343322754,-1.0,4.767538484884426e-05,0.0,DQN_RND,0.001,0.99,mountaincar,dense
7,7987,-200.0,200,25.57095718383789,-1.0,1.8224425275548128e-06,0.0,DQN_RND,0.001,0.99,mountaincar,dense
7,7988,-200.0,200,17.298995971679688,-1.0,5.797626727144234e-05,0.0,DQN_RND,0.001,0.99,mountaincar,dense
7,7989,-200.0,200,20.709733963012695,-1.0,3.0425474051298806e-07,0.0,DQN_RND,0.001,0.99,mountaincar,dense
7,7990,-200.0,200,7.239029407501221,-1.0,2.997721253450436e-07,0.0,DQN_RND,0.001,0.99,mountaincar,dense
7,7991,-200.0,200,35.1466064453125,-1.0,1.131716771851643e-06,0.0,DQN_RND,0.001,0.99,mountaincar,dense
7,7992,-200.0,200,17.549715042114258,-1.0,8.845744741847739e-05,0.0,DQN_RND,0.001,0.99,mountaincar,dense
7,7993,-200.0,200,17.654462814331055,-1.0,1.1271348512309487e-06,0.0,DQN_RND,0.001,0.99,mountaincar,dense
7,7994,-200.0,200,29.875791549682617,-1.0,1.0729627319960855e-05,0.0,DQN_RND,0.001,0.99,mountaincar,dense
7,7995,-200.0,200,22.90760612487793,-1.0,2.5821602321229875e-05,0.0,DQN_RND,0.001,0.99,mountaincar,dense
7,7996,-200.0,200,12.61865234375,-1.0,9.099659109779168e-06,0.0,DQN_RND,0.001,0.99,mountaincar,dense
7,7997,-200.0,200,15.219802856445312,-1.0,2.706955683606793e-06,0.0,DQN_RND,0.001,0.99,mountaincar,dense
7,7998,-200.0,200,28.322872161865234,-1.0,3.62833816325292e-07,0.0,DQN_RND,0.001,0.99,mountaincar,dense
7,7999,-200.0,200,6.476604461669922,-1.0,3.2879535865504295e-05,0.0,DQN_RND,0.001,0.99,mountaincar,dense
7,8000,-200.0,200,18.55580711364746,-1.0,2.0180341380182654e-06,0.0,DQN_RND,0.001,0.99,mountaincar,dense
